0.000000
0.419877
0.000000
0.186521
0.220310
2.042971
2.330167
1.427411
2.157647
1.654386
1.237319
1.628988
0.854021
0.462354
1.224398
1.257476
1.885048
2.559954
0.000000
0.353402
0.000000
0.082755
0.343846
2.129452
2.013339
0.805728
1.847289
1.533881
0.981028
1.647467
0.818281
0.117192
0.923577
0.958078
1.668731
2.380475
0.000000
0.292107
0.000000
0.000000
0.324546
1.828609
1.572561
0.270340
1.531569
1.349169
0.746379
1.502184
0.925875
0.000000
0.356859
0.391554
1.036095
1.601355
0.000000
0.230968
0.000000
0.000000
0.110706
1.159001
0.883237
0.000000
1.006133
0.964695
0.486099
1.286452
0.966846
0.000000
0.000000
0.000000
0.352967
0.819355
0.000000
0.297554
0.000000
0.142257
0.000000
0.435711
0.725645
0.000000
0.297712
0.300472
0.000000
0.000000
0.009219
0.102828
0.228064
0.227693
0.106921
0.000000
0.000000
0.301532
0.000000
0.248926
0.000000
0.624525
0.719629
0.000000
0.000000
0.000000
0.000000
0.000000
0.000000
0.085840
0.088579
0.003994
0.000000
0.000000
0.000000
0.292939
0.000000
0.430142
0.164977
0.657566
0.594060
0.000000
0.000000
0.000000
0.000000
0.000000
0.000000
0.087409
0.000000
0.000000
0.000000
0.000000
0.000000
0.332136
0.000000
0.703239
0.353930
0.604206
0.341489
0.000000
0.000000
0.000000
0.000000
0.000000
0.000000
0.088425
0.000000
0.000000
0.000000
0.000000
0.000000
0.000000
0.497371
0.679439
0.699755
0.242366
0.000000
0.276130
0.364503
0.671242
0.402764
0.599768
0.402625
0.270045
0.139166
0.000000
0.416263
0.348739
0.000000
0.000000
0.517949
0.649522
0.533274
0.000000
0.000000
0.383541
0.456509
0.842187
0.560383
0.730992
0.484937
0.262049
0.006119
0.000000
0.283570
0.290550
0.000000
0.000000
0.554026
0.563772
0.280990
0.000000
0.000000
0.599726
0.548134
0.900382
0.665720
0.790968
0.592698
0.332041
0.077095
0.000000
0.239909
0.303937
0.000000
0.000000
0.583980
0.379685
0.000000
0.000000
0.000000
0.742589
0.532386
0.799419
0.597841
0.677880
0.630611
0.402751
0.266080
0.000000
0.258943
0.353059
0.122589
0.000000
0.000000
0.000000
0.000000
0.000000
0.000000
0.000000
0.000000
0.000000
0.000000
0.000000
0.000000
0.000000
0.000000
0.000000
0.000000
0.000000
0.185158
0.000000
0.000000
0.000000
0.000000
0.000000
0.000000
0.000000
0.000000
0.000000
0.000000
0.082572
0.191859
0.059435
0.000000
0.000000
0.000000
0.009612
0.182870
0.000000
0.000000
0.000000
0.000000
0.000000
0.000000
0.010298
0.000000
0.132739
0.225406
0.313574
0.354699
0.205346
0.000000
0.000000
0.000000
0.391376
0.167782
0.000000
0.000000
0.000000
0.000000
0.168795
0.202036
0.067093
0.008646
0.183553
0.402095
0.517314
0.516594
0.275805
0.101196
0.069191
0.258133
0.553391
0.000000
0.000000
0.071066
0.426629
0.000000
0.000000
0.000000
0.000000
0.299560
0.486153
0.000000
0.714098
0.643263
0.000000
0.395295
0.000000
0.000000
0.052792
0.000000
0.000000
0.211362
0.602649
0.000000
0.000000
0.000000
0.000000
0.633532
0.563030
0.000000
0.467638
0.665086
0.000000
0.597164
0.000000
0.000000
0.398006
0.000000
0.000000
0.436211
0.713896
0.044539
0.000000
0.000000
0.000000
0.714392
0.493377
0.000000
0.248514
0.720122
0.000000
0.536150
0.000000
0.000000
0.591551
0.000000
0.000000
0.792881
0.912776
0.272280
0.316305
0.000000
0.000000
0.582944
0.407709
0.000000
0.249732
0.961685
0.000000
0.425989
0.000000
0.000000
0.737975
0.358998
0.000000
0.000000
0.000000
0.000000
0.000000
0.000000
0.000000
0.000000
0.100487
0.178531
0.000000
0.000000
0.000000
0.000000
0.000000
0.000000
0.000000
0.371668
0.248366
0.000000
0.000000
0.000000
0.000000
0.000000
0.000000
0.014185
0.363573
0.750094
0.363874
0.231971
0.120454
0.000000
0.000000
0.395041
0.633897
0.354029
0.286671
0.415668
0.000000
0.000000
0.000000
0.167986
0.466969
0.398260
0.140988
0.847289
0.413880
0.437895
0.469351
0.000000
0.000000
0.664033
0.675292
0.451208
0.469279
0.702310
0.000000
0.000000
0.318711
0.402462
0.238345
0.111478
0.000000
0.677704
0.306057
0.421358
0.348132
0.000000
0.000000
0.558665
0.572408
0.000000
0.000000
0.000000
0.000000
0.000000
0.000000
0.000000
0.000000
0.000000
0.000000
0.000000
0.000000
0.000000
0.000000
0.000000
0.000000
0.000000
0.000000
0.000000
0.000000
0.000000
0.000000
0.000000
0.000000
0.000000
0.000000
0.000000
0.000000
0.000000
0.000000
0.000000
0.000000
0.000000
0.000000
0.000000
0.000000
0.000000
0.000000
0.000000
0.000000
0.000000
0.000000
0.000000
0.000000
0.000000
0.000000
0.000000
0.000000
0.000000
0.000000
0.000000
0.000000
0.000000
0.000000
0.000000
0.000000
0.000000
0.000000
0.000000
0.000000
0.000000
0.000000
0.000000
0.000000
0.000000
0.000000
0.000000
0.000000
0.000000
0.000000
0.000000
0.000000
0.000000
0.000000
0.000000
0.000000
0.000000
0.000000
0.000000
0.000000
0.000000
0.000000
0.000000
0.000000
0.000000
0.000000
0.000000
0.000000
0.000000
0.000000
0.491626
0.000000
0.000000
0.000000
0.000000
0.000000
0.000000
0.000000
0.000000
0.000000
0.000000
0.000000
0.000000
0.000000
0.000000
0.000000
0.000000
0.000000
0.654235
0.397367
0.000000
0.000000
0.000000
0.000000
0.000000
0.000000
0.000000
0.000000
0.000000
0.000000
0.000000
0.000000
0.000000
0.000000
0.000000
0.779081
0.437391
0.377281
0.000000
0.000000
0.000000
0.000000
0.291404
0.000000
0.000000
0.000000
0.000000
0.000000
0.000000
0.000000
0.000000
0.000000
0.000000
0.955679
0.000000
0.000000
0.000000
0.000000
0.000000
0.000000
0.000000
0.000000
0.000000
0.000000
0.000000
0.000000
0.000000
0.000000
0.000000
0.000000
0.000000
0.000000
0.000000
0.000000
0.000000
0.000000
0.000000
0.000000
0.000000
0.000000
0.000000
0.000000
0.000000
0.000000
0.000000
0.000000
0.000000
0.000000
0.000000
0.000000
0.000000
0.000000
0.000000
0.000000
0.000000
0.000000
0.000000
0.000000
0.000000
0.000000
0.000000
0.000000
0.000000
0.000000
0.000000
0.000000
0.000000
0.000000
0.000000
0.000000
0.000000
0.000000
0.000000
0.000000
0.000000
0.000000
0.000000
0.000000
0.000000
0.000000
0.000000
0.000000
0.000000
0.000000
0.000000
0.000000
0.000000
0.000000
0.000000
0.000000
0.000000
0.000000
0.000000
0.000000
0.000000
0.000000
0.000000
0.000000
0.000000
0.000000
0.000000
0.000000
0.000000
0.000000
0.000000
0.000000
0.000000
0.000000
0.000000
0.000000
0.000000
0.000000
0.000000
0.000000
0.000000
0.000000
0.000000
0.000000
0.000000
0.000000
0.000000
0.000000
0.000000
0.000000
0.000000
0.000000
0.000000
0.000000
0.000000
0.000000
0.000000
0.000000
0.000000
0.000000
0.000000
0.000000
0.000000
0.000000
0.000000
0.000000
0.000000
0.000000
0.000000
0.000000
0.000000
0.000000
0.000000
0.000000
0.000000
0.000000
0.000000
0.000000
0.000000
0.000000
0.000000
0.000000
0.000000
0.000000
0.000000
0.325595
0.299127
0.117489
0.335077
0.161338
0.545538
0.000000
0.109958
0.000000
0.000000
0.229209
0.281991
0.098617
0.319721
0.000000
0.000000
0.000000
0.000000
0.174463
0.190530
0.385201
0.683116
0.208975
0.560478
0.000000
0.000000
0.000000
0.000000
0.000000
0.000000
0.028511
0.419120
0.000000
0.000000
0.000000
0.000000
0.000000
0.063994
0.626386
0.924265
0.189233
0.407978
0.000000
0.000000
0.000000
0.000000
0.000000
0.000000
0.000000
0.239018
0.000000
0.000000
0.000000
0.000000
0.000000
0.000000
0.769177
1.012330
0.112813
0.217140
0.000000
0.000000
0.000000
0.000000
0.000000
0.000000
0.000000
0.075998
0.151463
0.000000
0.000000
0.000000
0.000000
0.000000
0.000000
0.000000
0.000000
0.000000
0.000000
0.000000
0.000000
0.000000
0.000000
0.000000
0.000000
0.000000
0.000000
0.005423
0.000000
0.000000
0.000000
0.000000
0.000000
0.000000
0.000000
0.000000
0.000000
0.000000
0.000000
0.000000
0.013967
0.000000
0.000000
0.000000
0.000000
0.000000
0.000000
0.000000
0.000000
0.000000
0.166952
0.000000
0.000000
0.000000
0.000000
0.000000
0.000000
0.000000
0.034485
0.024535
0.000000
0.000000
0.000000
0.000000
0.000000
0.000000
0.000000
0.000000
0.383376
0.000000
0.000000
0.000000
0.000000
0.000000
0.000000
0.000000
0.000000
0.040879
0.000000
0.000000
0.000000
0.000000
0.000000
0.000000
1.114735
1.020510
0.157976
0.000000
0.000000
0.000000
1.255441
1.804637
1.260677
0.608444
0.930976
0.147466
0.000000
0.830021
1.021453
0.877951
0.000000
0.000000
0.781317
1.275270
0.503046
0.000000
0.000000
0.000000
0.501902
0.677105
0.000000
0.000000
0.000000
0.000000
0.000000
0.296026
0.214899
0.413719
0.000000
0.000000
0.413420
1.396927
0.761364
0.000000
0.000000
0.000000
0.000000
0.000000
0.000000
0.000000
0.000000
0.000000
0.000000
0.000000
0.000000
0.000000
0.000000
0.000000
0.000000
1.003475
0.713060
0.000000
0.000000
0.000000
0.000000
0.000000
0.000000
0.000000
0.000000
0.000000
0.000000
0.000000
0.000000
0.000000
0.000000
0.000000
0.000000
0.000000
0.000000
0.000000
0.000000
0.000000
0.000000
0.000000
0.000000
0.000000
0.000000
0.000000
0.000000
0.000000
0.000000
0.000000
0.000000
0.000000
0.000000
0.000000
0.000000
0.000000
0.000000
0.000000
0.000000
0.000000
0.000000
0.000000
0.000000
0.000000
0.000000
0.000000
0.000000
0.000000
0.000000
0.000000
0.000000
0.000000
0.000000
0.000000
0.000000
0.000000
0.000000
0.000000
0.000000
0.000000
0.000000
0.000000
0.000000
0.000000
0.000000
0.000000
0.000000
0.000000
0.000000
0.000000
0.000000
0.000000
0.000000
0.000000
0.000000
0.000000
0.000000
0.000000
0.000000
0.000000
0.000000
0.000000
0.000000
0.000000
0.000000
0.000000
0.000000
0.000000
0.025740
0.000000
0.000000
0.000000
0.000000
0.000000
0.000000
0.362173
0.353457
0.000000
0.000000
0.000000
0.000000
0.000000
0.000000
0.000000
0.000000
0.000000
0.000000
0.000000
0.000000
0.000000
0.000000
0.000000
0.000000
0.563013
0.608204
0.000000
0.000000
0.000000
0.064894
0.000000
0.000000
0.000000
0.000000
0.000000
0.000000
0.000000
0.000000
0.000000
0.470194
0.679257
0.179394
0.788619
0.781793
0.000000
0.000000
0.000000
0.197572
0.000000
0.000000
0.000000
0.000000
0.000000
0.000000
0.000000
0.000000
0.000000
1.087242
1.164206
0.409875
1.069946
0.977108
0.057308
0.155011
0.000000
0.220499
0.000000
0.000000
0.000000
0.000000
0.000000
0.000000
0.000000
0.000000
0.000000
0.000000
0.000000
0.000000
0.000000
0.000000
0.000000
0.000000
0.000000
0.000000
0.000000
0.000000
0.000000
0.000000
0.000000
0.000000
0.000000
0.000000
0.000000
0.000000
0.000000
0.000000
0.000000
0.000000
0.000000
0.000000
0.000000
0.000000
0.000000
0.000000
0.000000
0.000000
0.000000
0.000000
0.000000
0.000000
0.000000
0.000000
0.000000
0.000000
0.000000
0.000000
0.000000
0.000000
0.000000
0.000000
0.000000
0.000000
0.000000
0.000000
0.000000
0.000000
0.000000
0.000000
0.000000
0.000000
0.000000
0.000000
0.000000
0.000000
0.000000
0.000000
0.000000
0.000000
0.000000
0.000000
0.000000
0.000000
0.000000
0.000000
0.000000
0.000000
0.000000
0.000000
0.000000
0.000000
0.000000
0.000000
0.000000
0.000000
0.000000
0.000000
0.000000
0.000000
0.000000
0.000000
0.000000
0.000000
0.000000
0.000000
0.000000
0.000000
0.000000
0.000000
0.000000
0.000000
0.000000
0.000000
0.000000
0.000000
0.000000
0.000000
0.000000
0.000000
0.000000
0.000000
0.000000
0.000000
0.000000
0.000000
0.000000
0.000000
0.000000
0.000000
0.000000
0.000000
0.000000
0.000000
0.000000
0.000000
0.000000
0.000000
0.000000
0.000000
0.000000
0.000000
0.000000
0.000000
0.000000
0.000000
0.000000
0.000000
0.000000
0.000000
0.000000
0.000000
0.000000
0.000000
0.000000
0.000000
0.000000
0.000000
0.000000
0.000000
0.000000
0.000000
0.000000
0.000000
0.000000
0.000000
0.000000
0.000000
0.000000
0.000000
0.000000
0.000000
0.000000
0.000000
0.000000
0.000000
0.000000
0.000000
0.000000
0.000000
0.000000
0.000000
0.000000
0.000000
0.000000
0.000000
0.000000
0.000000
0.000000
0.000000
0.000000
0.000000
0.000000
0.000000
0.000000
0.000000
0.000000
0.000000
0.000000
0.000000
0.000000
0.000000
0.000000
0.000000
0.000000
0.000000
0.000000
0.000000
0.000000
0.000000
0.000000
0.000000
0.000000
0.000000
0.000000
0.000000
0.000000
0.000000
0.000000
0.000000
0.000000
0.000000
0.000000
0.000000
0.000000
0.000000
1.028604
0.356633
0.000000
0.000000
0.000000
0.000000
0.000000
0.000000
0.000000
0.000000
0.000000
0.000000
0.000000
0.000000
0.000000
0.000000
0.000000
0.398886
0.878368
0.388477
0.000000
0.000000
0.000000
0.000000
0.000000
0.000000
0.309733
0.020184
0.000000
0.000000
0.000000
0.234329
0.421507
0.137526
0.238322
0.705767
0.672912
0.282720
0.000000
0.068144
0.000000
0.000000
0.000000
0.000000
0.362777
0.000000
0.000000
0.000000
0.000000
0.291531
0.586219
0.110724
0.197567
0.730788
0.411934
0.196945
0.000000
0.124795
0.000000
0.000000
0.000000
0.000000
0.119107
0.000000
0.000000
0.000000
0.236407
0.123654
0.570428
0.000000
0.229026
0.925679
0.000000
0.223470
0.377833
0.206099
0.077038
0.000000
0.000000
0.347474
0.316510
0.045508
0.250215
0.262582
0.346098
0.095981
0.000000
0.000000
0.000000
0.000000
0.000000
0.197804
0.362615
0.269802
0.147844
0.000000
0.000000
0.217334
0.183177
0.000000
0.000000
0.000000
0.081725
0.000000
0.000000
0.000000
0.000000
0.000000
0.000000
0.118948
0.318768
0.257025
0.104340
0.000000
0.000000
0.000000
0.000000
0.000000
0.000000
0.000000
0.000000
0.000000
0.000000
0.000000
0.000000
0.000000
0.000000
0.000000
0.188709
0.134175
0.000000
0.000000
0.000000
0.000000
0.000000
0.000000
0.000000
0.000000
0.000000
0.000000
0.000000
0.000000
0.000000
0.000000
0.000000
0.539749
0.000000
0.000000
0.329179
0.655340
0.000000
0.000000
0.000000
0.000000
0.164296
0.180826
0.000000
0.000000
0.000000
0.000000
0.000000
0.000000
0.000000
0.070902
0.000000
0.092858
0.447128
0.000000
0.000000
0.000000
0.000000
0.000000
0.000000
0.000000
0.000000
0.000000
0.000000
0.000000
0.000000
0.000000
0.000000
0.000000
0.000000
0.091946
0.325000
0.000000
0.000000
0.000000
0.000000
0.000000
0.000000
0.000000
0.000000
0.000000
0.000000
0.000000
0.000000
0.000000
0.000000
0.000000
0.000000
0.000000
0.000000
0.000000
0.000000
0.000000
0.000000
0.000000
0.000000
0.000000
0.000000
0.000000
0.000000
0.000000
0.000000
0.000000
0.000000
0.320100
0.314907
0.211537
0.000000
0.000000
0.000000
0.000000
0.000000
0.000000
0.000000
0.000000
0.000000
0.000000
0.000000
0.000000
0.000000
0.000000
0.000000
0.581522
0.718226
0.396738
0.000000
0.000000
0.000000
0.000000
0.000000
0.000000
0.000000
0.000000
0.006531
0.439987
0.686054
0.310389
0.000000
0.491525
0.000000
0.799986
0.705980
0.235423
0.000000
0.000000
0.000000
0.126329
0.000000
0.000000
0.000000
0.000000
0.061802
0.850189
1.206582
0.620917
0.583799
0.826320
0.000000
0.845222
0.284206
0.000000
0.000000
0.000000
0.000000
0.023418
0.000000
0.000000
0.000000
0.000000
0.083910
0.924363
1.283890
0.695126
0.951548
0.901709
0.000173
0.000173
0.000173
0.000173
0.000173
0.000173
0.000173
0.000173
0.000173
0.000173
0.000173
0.000173
0.000173
0.000173
0.000173
0.000173
0.000173
0.000173
0.000173
0.000173
0.000173
0.000173
0.000173
0.000173
0.000173
0.000173
0.000173
0.000173
0.000173
0.000173
0.000173
0.000173
0.000173
0.000173
0.000173
0.000173
0.000173
0.000173
0.000173
0.000173
0.000173
0.000173
0.000173
0.000173
0.000173
0.000173
0.000173
0.000173
0.000173
0.000173
0.000173
0.000173
0.000173
0.000173
0.000173
0.000173
0.000173
0.000173
0.000173
0.000173
0.000173
0.000173
0.000173
0.000173
0.000173
0.000173
0.000173
0.000173
0.000173
0.000173
0.000173
0.000173
1.408162
0.230034
0.383033
0.000000
0.000000
0.000000
0.000000
0.286001
0.000000
0.000000
0.000000
0.000000
0.000000
0.000000
0.000000
0.000000
0.000000
0.000000
1.413300
0.171553
0.371928
0.000000
0.000000
0.000000
0.000000
0.106191
0.000000
0.000000
0.000000
0.000000
0.000000
0.000000
0.000000
0.000000
0.000000
0.000000
1.421895
0.095398
0.244724
0.000000
0.000000
0.000000
0.066743
0.000000
0.000000
0.000000
0.000000
0.000000
0.000000
0.000000
0.000000
0.000000
0.000000
0.000000
1.357907
0.000000
0.037594
0.000000
0.000000
0.000000
0.000000
0.000000
0.000000
0.000000
0.000000
0.000000
0.000000
0.000000
0.000000
0.000000
0.000000
0.000000
0.000000
0.000000
0.000000
0.000000
0.000000
0.000000
0.000000
0.000000
0.000000
0.000000
0.000000
0.000000
0.000000
0.000000
0.000000
0.000000
0.000000
0.000000
0.000000
0.000000
0.000000
0.000000
0.000000
0.000000
0.000000
0.000000
0.000000
0.000000
0.962803
0.616120
0.000000
0.000000
0.000000
0.000000
0.000000
0.000000
0.000000
0.000000
0.000000
0.000000
0.000000
0.000000
0.000000
0.000000
0.000000
0.000000
1.403242
0.901967
0.000000
0.000000
0.000000
0.000000
0.224358
0.000000
0.000000
0.000000
0.000000
0.000000
0.000000
0.000000
0.000000
0.049970
0.000000
0.000000
1.505830
1.013954
0.000000
0.091658
0.000000
0.000000
0.194186
0.000000
0.000000
0.000000
0.000000
0.000000
0.000000
0.000000
0.000000
0.000000
0.000000
0.000000
0.000000
0.000000
0.000000
0.000000
0.000000
0.000000
0.000000
0.000000
0.000000
0.000000
0.000000
0.000000
0.000000
0.000000
0.000000
0.000000
0.000000
0.000000
0.000000
0.000000
0.000000
0.000000
0.000000
0.000000
0.000000
0.000000
0.000000
0.000000
0.000000
0.000000
0.000000
0.000000
0.000000
0.000000
0.000000
0.000000
0.000000
0.000000
0.000000
0.000000
0.000000
0.000000
0.000000
0.000000
0.000000
0.000000
0.000000
0.000000
0.000000
0.000000
0.000000
0.000000
0.000000
0.000000
0.000000
0.000000
0.000000
0.000000
0.000000
0.000000
0.000000
0.000000
0.000000
0.135284
0.000000
0.264291
0.000000
0.053975
0.000000
0.000000
0.902686
0.178553
0.525085
0.887995
0.404503
0.292993
0.159713
0.233865
0.316563
0.000000
0.000000
0.107979
0.000000
0.298595
0.000000
0.514379
0.000000
0.479637
1.264001
0.238922
0.228366
0.637589
0.134181
0.436343
0.780117
0.541112
0.353728
0.000000
0.000000
0.097016
0.000000
0.248392
0.017112
0.568515
0.031839
0.525192
1.225751
0.209666
0.197800
0.518727
0.050437
0.414782
0.885380
0.397250
0.241083
0.013564
0.000000
0.140890
0.000000
0.248932
0.083458
0.445735
0.140237
0.483910
0.959439
0.229281
0.472000
0.634205
0.170435
0.377461
0.773242
0.267805
0.239733
0.251317
0.000000
0.318155
0.000000
0.327052
0.385787
0.437963
0.618272
0.916410
0.918488
0.154153
0.824294
1.036101
0.049823
0.378777
0.000000
0.000000
0.000000
0.050419
0.000000
0.184823
0.000000
0.271470
0.191623
0.210223
0.398612
0.628807
0.908763
0.043373
0.566158
0.739385
0.000000
0.247691
0.000000
0.000000
0.000000
0.000000
0.000000
0.043868
0.000000
0.106791
0.030516
0.000000
0.227913
0.328240
0.794650
0.000000
0.342062
0.419586
0.000000
0.095016
0.000000
0.000000
0.000000
0.000000
0.000000
0.000000
0.000000
0.000000
0.000000
0.000000
0.058064
0.136960
0.694222
0.000000
0.267325
0.141356
0.000000
0.000000
0.000000
0.000000
0.000000
0.000000
0.000000
0.725194
0.000000
0.555331
0.060922
0.000000
0.000000
0.093335
0.055911
0.000000
0.129762
0.946369
0.083577
0.058888
0.000000
0.000000
1.151333
0.000000
0.000000
0.627485
0.000000
0.463147
0.000000
0.000000
0.000000
0.000000
0.000000
0.000000
0.000000
0.834106
0.036723
0.038983
0.000000
0.000000
0.741520
0.000000
0.000000
0.514590
0.000000
0.347498
0.000000
0.000000
0.000000
0.000000
0.000000
0.000000
0.000000
0.674712
0.000000
0.039611
0.000000
0.000000
0.480135
0.000000
0.000000
0.458238
0.000000
0.170919
0.000000
0.000000
0.000000
0.000000
0.000000
0.000000
0.000000
0.355282
0.000000
0.004468
0.000000
0.000000
0.345579
0.000000
0.000000
0.000000
0.000000
0.000000
0.000000
0.000000
0.000000
0.000000
0.000000
0.000000
0.000000
0.000000
0.000000
0.000000
0.000000
0.000000
0.000000
0.000000
0.000000
0.000000
0.000000
0.000000
0.000000
0.000000
0.000000
0.000000
0.000000
0.000000
0.000000
0.000000
0.000000
0.000000
0.000000
0.000000
0.000000
0.000000
0.000000
0.000000
0.000000
0.000000
0.000000
0.000000
0.000000
0.000000
0.000000
0.000000
0.000000
0.000000
0.000000
0.000000
0.000000
0.000000
0.000000
0.000000
0.000000
0.000000
0.000000
0.000000
0.000000
0.000000
0.000000
0.000000
0.000000
0.000000
0.000000
0.000000
0.000000
0.000000
0.000000
0.000000
0.000000
0.000000
0.000000
0.344806
0.379051
0.188723
0.175372
1.123181
0.674034
0.000000
0.000000
0.000000
0.000000
0.401291
0.929683
0.349748
0.000000
0.000000
0.854921
0.925457
0.000000
0.321763
0.237565
0.247216
0.543373
1.590041
0.872505
0.000000
0.000000
0.015192
0.000000
0.631240
1.089025
0.439008
0.000000
0.000000
0.980436
1.184177
0.000000
0.326879
0.000000
0.289469
0.872192
1.877207
0.895868
0.000000
0.000000
0.197332
0.000000
0.764305
1.268099
0.351160
0.000000
0.000000
0.861999
1.243652
0.000000
0.353078
0.000000
0.373082
1.113003
2.017297
0.876964
0.000000
0.000000
0.517376
0.000000
0.972735
1.551380
0.231436
0.000000
0.000000
0.705044
1.227789
0.000000
0.452551
0.000000
0.000000
0.000000
0.000000
0.000000
0.000000
0.000000
0.199589
0.000000
0.000000
0.000914
0.000000
0.182305
0.547237
0.000000
0.000000
0.000000
0.000000
0.000000
0.000000
0.000000
0.000000
0.000000
0.424577
0.213576
1.369788
0.102855
0.000000
0.132360
0.307836
1.418972
1.714564
0.000000
0.000000
0.000000
0.000000
0.000000
0.000000
0.000000
0.266891
1.388063
1.775848
1.025030
1.292110
0.023541
0.000000
0.000000
0.815149
1.737732
1.383622
0.000000
0.000000
0.000000
0.000000
0.000000
0.000000
0.000000
0.000000
1.198613
1.287630
0.988023
0.880824
0.000000
0.000000
0.000000
0.387110
1.199427
0.438608
0.000000
0.000000
0.272144
0.400138
0.000000
0.000000
0.000000
0.000000
0.000000
0.000000
0.000000
0.072405
1.308017
0.868806
0.838876
0.252919
0.000000
0.000000
0.053940
0.271948
0.086801
0.314239
0.000000
0.000000
0.000000
0.000000
0.000000
0.000000
0.000000
0.079102
1.501204
0.934508
0.924671
0.261565
0.000000
0.000000
0.060583
0.229667
0.000000
0.212184
0.000000
0.000000
0.000000
0.000000
0.000000
0.000000
0.000000
0.134151
1.494446
0.879422
0.871581
0.281697
0.200693
0.240826
0.080520
0.224207
0.000000
0.156033
0.000000
0.000000
0.000000
0.000000
0.000000
0.000000
0.000000
0.209482
1.318442
0.755130
0.719329
0.286018
0.385462
0.502269
0.053690
0.209561
0.000000
0.000000
0.000000
0.000000
0.000000
0.000000
0.000000
0.000000
0.000000
0.000000
0.000000
0.020608
0.000000
0.000000
0.000000
0.000000
0.000000
0.149370
0.000000
0.020182
0.000000
0.000000
0.000000
0.000000
0.000000
0.000000
0.000000
0.000000
0.000000
0.937567
0.004626
0.000000
0.000000
0.000000
0.000000
0.000000
0.000000
0.635064
0.000000
0.000000
0.000000
0.000000
0.000000
0.000000
0.000000
0.000000
0.049921
1.188678
0.376786
0.000000
0.000000
0.000000
0.000000
0.000000
0.035216
1.456895
0.000000
0.000000
0.000000
0.000000
0.000000
0.000000
0.000000
0.000000
0.100424
1.117740
0.455149
0.000000
0.000000
0.000000
0.000000
0.000000
0.000000
0.000000
0.000000
0.000000
0.000000
0.000000
0.000000
0.000000
0.000000
0.000000
0.000000
0.000000
0.000000
0.000000
0.000000
0.000000
0.000000
0.000000
0.000000
0.000000
0.000000
0.000000
0.000000
0.000000
0.000000
0.000000
0.000000
0.000000
0.000000
0.000000
0.000000
0.000000
0.000000
0.000000
0.000000
0.000000
0.000000
0.000000
0.000000
0.000000
0.000000
0.000000
0.000000
0.000000
0.000000
0.000000
0.000000
0.000000
0.000000
0.000000
0.000000
0.000000
0.000000
0.000000
0.000000
0.000000
0.000000
0.000000
0.000000
0.000000
0.000000
0.000000
0.000000
0.000000
0.000000
0.000000
0.000000
0.000000
0.000000
0.000000
0.000000
0.000000
0.000000
0.000000
0.000000
0.000000
0.000000
0.000000
0.000000
0.000000
0.000000
0.000000
0.153938
0.000000
0.000000
0.000000
0.000000
0.000000
0.000000
0.000000
0.000000
0.000000
0.000000
0.000000
0.000000
0.000000
0.000000
0.000000
0.000000
0.000000
0.655349
0.000000
0.000000
0.019042
0.000000
0.000000
0.000000
0.000000
0.000000
0.086752
0.264949
0.000000
0.000000
0.000000
0.177362
0.016087
0.000000
0.000000
0.831750
0.000000
0.000000
0.473914
0.000000
0.000000
0.000000
0.000000
0.158452
0.603619
0.416380
0.000000
0.065814
0.000000
0.633090
0.052919
0.000000
0.000000
0.794346
0.000000
0.000000
0.400019
0.000000
0.000000
0.019495
0.000000
0.000000
0.000000
0.048895
0.000000
0.000000
0.000000
0.000000
0.000000
0.000000
0.000000
0.000000
0.000000
0.000000
0.000000
0.000000
0.000000
0.000000
0.000000
0.000000
0.000000
0.168381
0.000000
0.000000
0.000000
0.000000
0.000000
0.000000
0.000000
0.000000
0.000000
0.000000
0.000000
0.000000
0.000000
0.000000
0.000000
0.000000
0.000000
0.154257
0.000000
0.000000
0.000000
0.000000
0.000000
0.000000
0.000000
0.000000
0.000000
0.000000
0.000000
0.000000
0.000000
0.000000
0.000000
0.000000
0.000000
0.143498
0.232473
0.000000
0.000000
0.000000
0.000000
0.000000
0.000000
0.000000
0.000000
0.000000
0.000000
0.000000
0.000000
0.000000
0.000000
0.000000
1.109775
0.859537
0.829792
0.000000
0.000000
0.000000
0.000000
0.000000
0.000000
0.000000
0.000000
0.498320
0.000000
0.000000
0.000000
0.000000
0.000000
0.000000
0.838463
0.609092
1.106042
0.000000
0.000000
0.142775
0.000000
0.000000
0.000000
0.000000
0.000000
0.434539
0.000000
0.000000
0.000000
0.000000
0.000000
0.000000
0.509002
0.250814
0.937960
0.000000
0.000000
0.447878
0.000000
0.000000
0.000000
0.000000
0.000000
0.394121
0.000000
0.223407
0.158483
0.000000
0.000000
0.000000
0.188945
0.000000
0.489389
0.011988
0.000000
0.664129
0.000000
0.000000
0.000000
0.000000
0.000000
0.371420
0.241070
0.922780
0.699272
0.219279
0.331934
0.000000
0.000000
0.000000
0.000000
0.000000
0.000000
0.000000
0.000000
0.000000
0.000000
0.000000
0.000000
0.000000
0.000000
0.000000
0.000000
0.000000
0.000000
0.000000
0.000000
0.000000
0.000000
0.000000
0.000000
0.000000
0.000000
0.000000
0.000000
0.000000
0.000000
0.000000
0.000000
0.000000
0.000000
0.000000
0.000000
0.000000
0.000000
0.000000
0.000000
0.000000
0.000000
0.000000
0.000000
0.000000
0.000000
0.000000
0.000000
0.000000
0.000000
0.000000
0.000000
0.000000
0.000000
0.000000
0.000000
0.000000
0.000000
0.000000
0.000000
0.000000
0.000000
0.000000
0.000000
0.000000
0.000000
0.000000
0.000000
0.000000
0.000000
0.000000
0.000000
0.000000
0.513360
0.000000
0.000000
0.000000
0.000000
0.000000
0.000000
0.000000
0.000000
0.000000
0.000000
0.000000
0.000000
0.000000
0.000000
0.000000
0.000000
0.000000
0.416981
0.000000
0.000000
0.000000
0.000000
0.384226
0.000000
0.000000
0.000000
0.000000
0.000000
0.075330
0.000000
0.000000
0.000000
0.000000
0.141102
0.000000
0.489937
0.000000
0.000000
0.000000
0.199615
1.202939
0.596801
0.137026
0.000000
0.000000
0.000000
0.172595
0.149670
0.000000
0.142046
0.187603
0.413681
0.000000
0.629563
0.000000
0.000000
0.000000
0.288578
1.330783
0.709838
0.128804
0.000000
0.000000
0.000000
0.077968
0.000000
0.000000
0.284436
0.321210
0.367694
0.000000
0.000000
0.000000
0.000000
0.000000
0.000000
0.000000
0.000000
0.000000
0.000000
0.000000
0.000000
0.000000
0.000000
0.000000
0.000000
0.000000
0.000000
0.000000
0.000000
0.000000
0.000000
0.000000
0.000000
0.000000
0.000000
0.000000
0.000000
0.000000
0.000000
0.000000
0.000000
0.000000
0.000000
0.000000
0.000000
0.000000
0.000000
0.000000
0.000000
0.000000
0.000000
0.000000
0.000000
0.000000
0.000000
0.000000
0.000000
0.000000
0.000000
0.000000
0.000000
0.000000
0.000000
0.000000
0.000000
0.000000
0.000000
0.000000
0.000000
0.000000
0.000000
0.000000
0.000000
0.000000
0.000000
0.000000
0.000000
0.000000
0.000000
0.000000
0.000000
0.000000
5.716759
0.000000
0.000000
0.000000
0.000000
0.000000
1.519858
2.700144
0.000000
1.776703
0.625889
0.000000
0.000000
0.000000
0.000000
0.253242
0.000000
0.000000
5.816458
0.000000
0.000000
0.000000
0.000000
0.000000
1.209009
2.228637
0.000000
1.143156
0.000000
0.000000
0.000000
0.000000
0.000000
0.007721
0.000000
0.000000
6.151138
0.000000
0.000000
0.000000
0.000000
0.000000
1.002326
1.478017
0.000000
0.598472
0.000000
0.000000
0.000000
0.000000
0.000000
0.000000
0.000000
0.000000
6.715872
0.000000
0.000000
0.000000
0.000000
0.000000
0.774735
0.765937
0.000000
0.525184
0.000000
0.000000
0.000000
0.000000
0.000000
0.000000
0.000000
0.000000
0.121361
0.255248
0.852787
0.527104
1.332891
0.857770
0.431289
0.912163
0.292565
0.000000
0.000000
0.722272
0.714841
0.664719
0.465145
0.000000
0.411334
0.000000
0.000000
0.286015
1.100609
0.515601
1.328269
1.022399
0.384621
0.649205
0.000000
0.000000
0.000000
0.347874
0.708619
0.949828
0.517448
0.000000
0.147305
0.000000
0.000000
0.148641
1.138249
0.490273
1.015961
1.145389
0.205014
0.272406
0.000000
0.000000
0.000000
0.014592
0.563911
1.163058
0.523398
0.000000
0.100165
0.000000
0.000000
0.000000
0.820099
0.316969
0.532824
1.010807
0.000000
0.000000
0.000000
0.000000
0.000000
0.000000
0.286204
1.048191
0.473562
0.000000
0.276174
0.000000
0.332017
0.000000
0.000000
0.000000
0.000000
0.000000
0.000000
0.520670
0.000000
0.431819
0.000000
0.000000
0.000000
0.000000
0.000000
0.000000
0.000000
0.000000
0.320189
0.000000
0.000000
0.000000
0.000000
0.000000
0.156905
0.486979
0.000000
0.313564
0.000000
0.000000
0.000000
0.000000
0.000000
0.000000
0.000000
0.000000
0.343093
0.000000
0.000000
0.000000
0.000000
0.000000
0.451750
0.426974
0.000000
0.250681
0.000000
0.000000
0.000000
0.000000
0.000000
0.000000
0.000000
0.000000
0.361258
0.000000
0.000000
0.000000
0.000000
0.000000
0.745231
0.468107
0.000000
0.197346
0.000000
0.000000
0.000000
0.000000
0.000000
0.004797
0.000000
0.000000
0.000000
0.000000
0.000000
0.000000
0.000000
0.000000
0.000000
0.000000
0.000000
0.000000
0.000000
0.000000
0.000000
0.000000
0.000000
0.000000
0.000000
0.000000
0.000000
0.000000
0.000000
0.000000
0.000000
0.000000
0.000000
0.000000
0.000000
0.000000
0.000000
0.000000
0.000000
0.000000
0.000000
0.000000
0.000000
0.000000
0.000000
0.000000
0.000000
0.000000
0.000000
0.000000
0.000000
0.735540
0.217646
0.000000
0.000000
0.000000
0.215174
0.300657
0.068651
0.000000
0.000000
0.000000
0.000000
0.000000
0.000000
0.000000
0.000000
0.000000
0.292814
1.406682
0.071715
0.617389
0.000000
0.000000
0.354697
0.354846
0.000000
0.000000
0.000000
0.000000
0.193524
0.000000
0.657341
0.000000
0.340989
0.000000
0.120453
0.478464
0.275378
0.744699
0.159105
0.227723
0.114785
0.030300
0.000000
0.591982
0.171025
0.000000
0.205591
0.000000
0.657598
0.000000
0.312664
0.000000
0.343406
0.563088
0.388225
0.816410
0.215002
0.133134
0.171611
0.153919
0.000000
0.693061
0.213104
0.000000
0.264804
0.000000
0.623185
0.000000
0.326222
0.000000
0.622348
0.663752
0.390116
0.820435
0.297220
0.065782
0.301717
0.271012
0.000000
0.780158
0.271246
0.000000
0.269167
0.000000
0.542378
0.000000
0.336327
0.000000
0.878870
0.746785
0.348079
0.724368
0.306666
0.000000
0.413722
0.345513
0.000000
0.756237
0.304243
0.000000
0.000000
0.000000
0.547924
0.776959
1.171711
1.330269
0.000000
0.000000
0.469968
0.283206
0.000000
0.000000
0.000000
0.000000
0.194441
0.939895
0.891948
0.000000
0.000000
0.000000
0.160997
0.545371
1.100942
0.889920
0.000000
0.000000
0.137572
0.060377
0.000000
0.000000
0.000000
0.000000
0.000000
0.870849
0.790487
0.000000
0.000000
0.000000
0.000000
0.352069
0.921574
0.331298
0.000000
0.000000
0.000000
0.000000
0.000000
0.000000
0.000000
0.000000
0.000000
0.466864
0.452207
0.000000
0.000000
0.000000
0.000000
0.252187
0.674062
0.000000
0.000000
0.000000
0.000000
0.000000
0.000000
0.000000
0.000000
0.000000
0.000000
0.000000
0.162984
0.000000
0.000000
0.000000
0.000000
0.000000
0.000000
0.000000
0.000000
0.000000
0.000000
0.000000
0.000000
0.000000
0.000000
0.000000
0.000000
0.000000
0.000000
0.000000
0.000000
0.000000
0.000000
0.000000
0.000000
0.000000
0.000000
0.000000
0.000000
0.000000
0.000000
0.000000
0.000000
0.000000
0.000000
0.000000
0.000000
0.000000
0.000000
0.000000
0.000000
0.000000
0.000000
0.000000
0.000000
0.000000
0.000000
0.000000
0.000000
0.000000
0.000000
0.000000
0.000000
0.000000
0.000000
0.000000
0.000000
0.000000
0.000000
0.000000
0.000000
0.000000
0.000000
0.000000
0.000000
0.000000
0.000000
0.000000
0.000000
0.000000
0.000000
0.000000
0.000000
0.491932
1.110562
0.000000
0.000000
0.000000
0.000000
0.000000
0.000000
0.000000
0.000000
0.000000
0.000000
0.000000
0.000000
0.000000
0.000000
0.000000
0.000000
0.959293
2.073592
0.000000
0.000000
0.000000
0.000000
0.000000
0.000000
0.000000
0.000000
0.000000
0.000000
0.000000
0.000000
0.000000
0.000000
0.000000
0.000000
0.773058
1.860118
0.000000
0.000000
0.000000
0.000000
0.000000
0.000000
0.000000
0.000000
0.284262
0.251717
0.000000
0.000000
0.000000
0.063050
0.000000
0.000000
0.332965
0.818147
0.000000
0.000000
0.000000
0.000000
0.000000
1.117535
0.525751
0.000000
0.111956
0.000000
0.000000
0.000000
0.000000
0.648633
0.000000
0.000000
1.254052
0.000000
0.000000
0.000000
0.041886
0.714803
0.966778
0.995182
0.000000
0.000000
0.000000
0.000000
0.000000
0.000000
0.054352
0.000000
0.000000
0.124616
1.060891
0.000000
0.000000
0.000000
0.062353
0.838277
1.232806
0.854471
0.000000
0.000000
0.000000
0.000000
0.000000
0.000000
0.000000
0.013258
0.000000
0.000000
0.917395
0.000000
0.000000
0.000000
0.135436
0.911793
1.230533
0.375019
0.000000
0.000000
0.000000
0.000000
0.000000
0.000000
0.000000
0.000000
0.000000
0.000000
0.777574
0.000000
0.000000
0.000000
0.235148
0.943926
0.868369
0.000000
0.000000
0.000000
0.000000
0.000000
0.000000
0.000000
0.000000
0.000000
0.000000
0.000000
0.190339
0.518348
0.000000
0.000000
0.000000
0.000000
0.288433
0.769279
0.622970
0.828610
0.540528
0.116342
0.047967
0.391040
0.012375
1.074273
0.000000
0.000000
0.050878
0.050158
0.000000
0.000000
0.000000
0.000000
0.811114
0.971849
0.667881
0.717008
0.516775
0.145686
0.115393
0.800712
0.148466
0.830578
0.000000
0.000000
0.117918
0.000000
0.000000
0.000000
0.000000
0.000000
1.192713
0.971818
0.500242
0.455457
0.352639
0.032578
0.031100
0.761971
0.114496
0.479517
0.000000
0.000000
0.036475
0.000000
0.000000
0.000000
0.000000
0.000000
0.853089
0.441935
0.000000
0.147691
0.000000
0.000000
0.000000
0.203361
0.000000
0.242934
0.000000
0.000000
0.000000
0.000000
0.000000
0.000000
0.000000
0.000000
0.000000
0.000000
0.000000
0.416934
0.582415
1.212533
1.066735
0.000000
0.000000
0.000000
0.136219
0.000000
0.335013
0.000000
0.000000
0.000000
0.000000
0.000000
0.000000
0.000000
0.652719
1.182830
1.864895
2.255282
1.531286
0.511882
0.000000
0.000000
0.278860
0.330067
0.812809
0.474332
0.223397
0.000000
0.000000
0.000000
0.000000
1.067564
1.657236
1.204212
2.308296
2.396077
1.395619
0.845091
0.286697
0.003709
0.428068
0.510963
1.134241
0.953371
0.731197
0.000000
0.000000
0.000000
0.000000
1.587988
1.729169
0.646400
1.957914
1.796872
0.732339
0.658043
0.663465
0.117173
0.288552
0.641463
0.000000
0.932517
0.000000
0.181310
0.000000
0.465209
0.267160
0.000000
0.000000
0.000000
0.857445
0.471005
0.381632
0.100512
0.000000
0.000000
0.217641
0.000000
0.000000
0.350303
0.000000
0.357826
0.000000
0.391450
0.284189
0.000000
0.000000
0.000000
0.554726
0.201457
0.000000
0.149553
0.000000
0.000000
0.230410
0.072831
0.000000
0.000000
0.000000
0.188962
0.000000
0.095533
0.004217
0.000000
0.000000
0.000000
0.379273
0.117267
0.000000
0.047880
0.000000
0.000000
0.019495
0.054545
0.000000
0.000000
0.000000
0.000000
0.000000
0.000000
0.000000
0.000000
0.000000
0.000000
0.134225
0.036906
0.000000
0.000000
0.017060
0.072711
0.000000
0.090780
0.706458
0.000000
0.000000
0.000000
0.000000
0.000000
0.000000
0.000000
0.000000
0.000000
0.200585
0.100866
0.135395
0.115150
0.830757
0.087021
0.312101
0.000000
0.828176
0.506852
0.120293
0.000000
0.000000
0.000000
0.000000
0.000000
0.505723
0.135885
0.394890
0.366042
0.461131
0.598478
0.998405
0.099688
0.807039
0.475770
0.871356
0.788555
0.089231
0.000000
0.000000
0.017194
0.000000
0.000000
1.039657
0.286317
0.531061
0.422163
0.469806
0.600633
0.668767
0.000000
0.827395
0.904808
0.809851
0.845802
0.000000
0.000000
0.159937
0.842438
0.436166
0.000000
1.099842
0.562178
0.697861
0.621618
0.512785
0.210533
0.072611
0.000000
0.842844
1.224314
0.000000
0.000000
0.000000
0.000000
0.052427
0.000000
0.000000
0.049744
0.000000
0.000000
0.280098
0.000000
0.000000
0.031114
0.115096
0.000000
0.000000
0.000000
0.000000
0.000000
0.000000
0.000000
0.007392
0.000000
0.000000
0.000000
0.000000
0.000000
0.272216
0.005022
0.000000
0.000000
0.020191
0.000000
0.000000
0.000000
0.000000
0.000000
0.000000
0.000000
0.000000
0.000000
0.000000
0.000000
0.000000
0.000000
0.134322
0.042887
0.000000
0.000000
0.003406
0.000000
0.000000
0.000000
0.000000
0.000000
0.000000
0.000000
0.000000
0.000000
0.000000
0.000000
0.000000
0.000000
0.000000
0.000000
0.000000
0.000000
0.045962
0.000000
0.000000
0.000000
0.000000
0.000000
0.291437
0.826325
0.336138
0.000000
0.000000
0.000000
0.000000
0.000000
0.969291
0.805659
0.702729
0.826454
1.190949
0.698943
1.465953
0.424323
0.000000
0.000000
0.217812
0.848512
0.190690
0.000000
0.000000
0.000000
0.000000
0.000000
0.884552
0.876782
0.658253
1.005207
1.019782
0.674982
1.722404
0.503898
0.000000
0.000000
0.091256
0.712832
0.000000
0.000000
0.000000
0.000000
0.173454
0.029945
0.824604
0.931584
0.596369
1.037550
0.882313
0.636072
1.728848
0.570882
0.000000
0.000000
0.000000
0.587782
0.000000
0.000000
0.199547
0.000000
0.336829
0.358299
0.894193
1.045678
0.564510
0.979241
0.822258
0.712232
1.587724
0.671661
0.000000
0.000000
0.000000
0.000000
0.000000
0.000000
0.000000
0.000000
0.000000
0.000000
0.000000
0.000000
0.000000
0.000000
0.000000
0.000000
0.000000
0.000000
0.000000
0.000000
0.000000
0.000000
0.000000
0.000000
0.000000
0.000000
0.000000
0.000000
0.000000
0.000000
0.000000
0.000000
0.000000
0.000000
0.000000
0.000000
0.000000
0.000000
0.000000
0.000000
0.000000
0.000000
0.000000
0.000000
0.000000
0.000000
0.000000
0.000000
0.000000
0.000000
0.000000
0.000000
0.000000
0.000000
0.000000
0.000000
0.000000
0.000000
0.000000
0.000000
0.000000
0.000000
0.000000
0.000000
0.000000
0.000000
0.000000
0.000000
0.000000
0.000000
0.000000
0.000000
0.778754
1.592355
0.000000
0.000000
0.000000
0.000000
0.000000
0.000000
0.000000
0.000000
0.000000
0.000000
0.000000
0.000000
0.000000
0.000000
0.000000
0.000000
0.691724
1.701204
0.000000
0.000000
0.000000
0.000000
0.060282
0.000000
0.000000
0.000000
0.000000
0.000000
0.000000
0.000000
0.000000
0.000000
0.000000
0.000000
0.361077
0.940775
0.141355
0.000000
0.000000
0.000000
0.429917
0.000000
0.000000
0.000000
0.000000
0.000000
0.000000
0.000000
0.000000
0.000000
0.000000
0.000000
0.000000
0.000000
0.000000
0.000000
0.000000
0.000000
0.298992
0.000000
0.000000
0.000000
0.000000
0.000000
0.000000
0.000000
0.000000
0.000000
0.000000
0.000000
0.000000
0.000000
0.000000
0.000000
0.000000
0.000000
0.000000
0.000000
0.000000
0.000000
0.000000
0.000000
0.000000
0.000000
0.000000
0.000000
0.000000
0.000000
0.000000
0.000000
0.000000
0.000000
0.000000
0.000000
0.000000
0.000000
0.000000
0.000000
0.000000
0.000000
0.000000
0.000000
0.000000
0.000000
0.000000
0.000000
0.000000
0.000000
0.000000
0.000000
0.000000
0.000000
0.000000
0.000000
0.000000
0.000000
0.000000
0.000000
0.000000
0.000000
0.000000
0.000000
0.000000
0.000000
0.000000
0.000000
0.000000
0.000000
0.000000
0.000000
0.000000
0.000000
0.000000
0.000000
0.000000
0.000000
0.000000
0.000000
0.000000
0.000000
0.000000
0.000000
0.000000
0.000000
0.000000
0.000000
0.000000
0.000000
0.000000
0.000000
0.000000
0.000000
0.000000
0.000000
0.000000
0.000000
0.000000
0.000000
0.000000
0.000000
0.000000
0.000000
0.000000
0.000000
0.000000
0.000000
0.000000
0.000000
0.000000
0.000000
0.000000
0.000000
0.000000
0.000000
0.000000
0.000000
0.000000
0.000000
0.000000
0.000000
0.000000
0.000000
0.000000
0.000000
0.000000
0.000000
0.000000
0.000000
0.000000
0.000000
0.000000
0.000000
0.000000
0.000000
0.000000
0.000000
0.000000
0.000000
0.000000
0.000000
0.000000
0.000000
0.000000
0.000000
0.000000
0.000000
0.000000
0.000000
0.000000
0.000000
0.000000
0.000000
0.000000
0.000000
0.000000
0.000000
0.000000
0.000000
0.000000
0.000000
0.000000
0.000000
0.000000
0.000000
0.000000
0.000000
0.000000
0.000000
0.000000
0.000000
0.000000
0.000000
0.000000
0.000000
0.000000
0.000000
0.000000
0.000000
0.000000
0.000000
0.000000
0.000000
0.000000
0.000000
0.000000
0.000000
0.000000
0.000000
0.000000
0.000000
0.000000
0.000000
0.000000
0.000000
0.000000
0.000000
0.000000
0.000000
0.000000
0.000000
0.000000
0.000000
0.000000
0.000000
0.000000
0.000000
0.000000
0.000000
0.000000
0.000000
0.000000
0.000000
0.000000
0.000000
0.000000
0.000000
0.000000
0.000000
0.000000
0.000000
0.000000
0.000000
0.000000
0.000000
0.000000
0.000000
0.099519
1.710480
0.000000
0.325223
0.358384
0.122574
0.000000
0.118688
0.258916
0.023258
0.257524
0.077111
0.000000
0.000000
0.129920
0.377798
0.396686
0.000000
0.121472
1.659781
0.000000
0.247500
0.265704
0.000000
0.000000
0.000000
0.208312
0.131463
0.424695
0.083664
0.000000
0.000000
0.067942
0.332228
0.385903
0.000000
0.196277
1.645100
0.000000
0.128370
0.145801
0.000000
0.000000
0.000000
0.303227
0.230839
0.522270
0.111239
0.000000
0.000000
0.094023
0.302025
0.400964
0.000000
0.177485
1.625808
0.000000
0.000000
0.060942
0.000000
0.000000
0.031253
0.400417
0.238873
0.575787
0.152047
0.000000
0.000000
0.051053
0.226784
0.318279
0.000000
0.000000
0.046802
0.090711
0.177815
0.126673
0.000000
0.000000
0.000000
0.000000
0.149707
1.076322
0.761057
0.000000
0.365200
0.000000
0.497714
0.007827
0.000000
0.000000
0.058219
0.068990
0.151742
0.116122
0.000000
0.000000
0.000000
0.000000
0.136398
0.983032
0.726326
0.063612
0.231569
0.000000
0.434925
0.000000
0.000000
0.000000
0.014811
0.000000
0.042160
0.028181
0.000000
0.000000
0.000000
0.000000
0.202477
0.854597
0.577056
0.006270
0.103412
0.000000
0.484391
0.000000
0.000000
0.000000
0.000000
0.000000
0.000000
0.000000
0.000000
0.000000
0.000000
0.000000
0.209191
0.724016
0.341675
0.000000
0.000000
0.000000
0.450249
0.000000
0.000000
0.000000
0.928486
0.000000
0.108006
0.767876
2.158384
1.779375
1.454143
1.308004
1.349783
2.641554
2.091330
0.905065
0.950431
0.416535
0.336728
2.046103
1.365407
0.000000
0.920672
0.000000
0.387347
0.780555
1.932619
1.122116
0.985260
0.699126
0.651873
1.997320
1.423647
0.342843
0.575429
0.000000
0.000000
1.378820
0.492448
0.000000
0.656430
0.000000
0.429765
0.458604
1.115014
0.185844
0.295964
0.188202
0.150271
1.481975
0.940134
0.024497
0.105923
0.000000
0.000000
0.451373
0.000000
0.000000
0.067561
0.000000
0.164692
0.000000
0.000000
0.000000
0.000000
0.000000
0.000000
0.931129
0.331782
0.000000
0.000000
0.000000
0.000000
0.020849
0.000000
0.000000
0.000000
0.000000
0.000000
0.000000
0.086077
0.563513
0.329959
0.779585
0.000000
0.000000
0.000000
0.000000
0.211485
0.000000
0.000000
0.000000
0.143298
0.000000
0.000000
0.000000
0.000000
0.000000
0.000000
0.167333
0.000000
0.591556
0.216084
0.000000
0.000000
0.000000
0.000000
0.000000
0.000000
0.000000
0.162755
0.000000
0.309036
0.275081
0.000000
0.000000
0.000000
0.006285
0.000000
0.302245
0.252115
0.000000
0.000000
0.000000
0.000000
0.000000
0.000000
0.000000
0.000000
0.000000
0.184072
0.889796
0.039378
0.000000
0.000000
0.082996
0.000000
0.000000
0.011229
0.000000
0.000000
0.000000
0.000000
0.000000
0.000000
0.000000
0.000000
0.000648
0.000648
0.000648
0.000648
0.000648
0.000648
0.000648
0.000648
0.000648
0.000648
0.000648
0.000648
0.000648
0.000648
0.000648
0.000648
0.000648
0.000648
0.000648
0.000648
0.000648
0.000648
0.000648
0.000648
0.000648
0.000648
0.000648
0.000648
0.000648
0.000648
0.000648
0.000648
0.000648
0.000648
0.000648
0.000648
0.000648
0.000648
0.000648
0.000648
0.000648
0.000648
0.000648
0.000648
0.000648
0.000648
0.000648
0.000648
0.000648
0.000648
0.000648
0.000648
0.000648
0.000648
0.000648
0.000648
0.000648
0.000648
0.000648
0.000648
0.000648
0.000648
0.000648
0.000648
0.000648
0.000648
0.000648
0.000648
0.000648
0.000648
0.000648
0.000648
0.000000
0.000000
0.000000
0.000000
0.000000
0.000000
0.000000
0.000000
0.000000
0.000000
0.000000
0.000000
0.000000
0.000000
0.000000
0.000000
0.000000
0.000000
0.000000
0.000000
0.000000
0.000000
0.000000
0.000000
0.000000
0.000000
0.000000
0.000000
0.000000
0.000000
0.000000
0.000000
0.000000
0.000000
0.000000
0.000000
0.000000
0.000000
0.000000
0.000000
0.000000
0.000000
0.000000
0.000000
0.000000
0.000000
0.000000
0.000000
0.000000
0.000000
0.000000
0.000000
0.000000
0.000000
0.000000
0.000000
0.000000
0.000000
0.000000
0.000000
0.000000
0.000000
0.000000
0.000000
0.000000
0.000000
0.000000
0.000000
0.000000
0.000000
0.000000
0.000000
0.000000
0.000000
0.000000
0.863708
0.000000
0.000000
0.246812
0.000000
0.000000
0.000000
0.000000
0.000000
0.000000
0.000000
0.199209
0.041686
0.000000
0.000000
0.000000
0.000000
0.000000
0.183375
0.000000
0.000000
0.000000
0.000000
0.000000
0.000000
0.000000
0.000000
0.000000
0.000000
0.000000
0.000000
0.000000
0.000000
0.000000
0.000000
0.000000
0.000000
0.000000
0.000000
0.000000
0.000000
0.000000
0.000000
0.000000
0.000000
0.000000
0.000000
0.000000
0.000000
0.000000
0.000000
0.000000
0.000000
0.000000
0.000000
0.000000
0.000000
0.000000
0.000000
0.000000
0.000000
0.000000
0.000000
0.000000
0.000000
0.000000
0.000000
0.000000
0.000000
