1.390763
1.588970
1.621455
1.257574
0.828498
1.941778
2.046958
1.892875
1.831870
1.609101
1.805935
1.844952
1.802822
0.995469
1.452487
1.913881
1.730283
1.598928
1.084907
0.358358
0.720261
0.691072
1.878517
2.978792
2.176412
1.222967
1.743562
0.987566
1.431428
1.352680
2.927193
1.476277
1.000423
1.511181
0.897269
0.925913
1.051549
0.147154
0.595034
0.691823
2.061248
2.233992
0.826581
0.825028
1.043320
2.220528
2.068485
1.194593
2.892684
1.167871
1.804027
1.315144
1.329908
0.926936
1.092259
0.880054
1.023578
1.359800
2.602945
2.646303
1.087667
0.678366
1.163597
0.911778
0.965394
0.574635
1.445698
1.045541
0.844120
1.260025
0.939006
0.690541
2.054871
1.701784
1.531858
1.505664
1.473406
1.027911
1.429966
1.594902
1.579233
1.575581
1.545716
1.764164
1.571155
0.841524
0.587620
1.241823
1.228767
1.331072
2.235965
3.453822
3.058799
3.847606
2.508350
2.111436
2.274047
3.610485
2.653064
3.485548
2.688202
3.921804
2.271544
2.833344
2.809400
3.122031
3.143746
3.573609
1.543972
4.193676
3.124854
4.180753
2.707095
2.313305
3.585136
3.003242
3.103381
2.348555
1.969436
3.904984
2.364862
3.670643
1.922382
3.528447
2.758589
3.122986
1.268260
1.956288
2.399040
2.583032
1.573958
1.909481
2.434002
3.300469
2.230979
3.016287
2.885505
3.779152
3.118091
2.566008
3.097211
2.684028
3.144458
3.182381
0.000000
0.000000
0.000000
0.000000
0.000000
0.000000
0.000000
0.000000
0.000000
0.000000
0.000000
0.000000
0.000000
0.000000
0.000000
0.000000
0.000000
0.000000
0.000000
0.000000
0.000000
0.000000
0.000000
0.000000
0.000000
0.000000
0.000000
0.000000
0.000000
0.000000
0.000000
0.000000
0.000000
0.000000
0.000000
0.000000
0.000000
0.000000
0.000000
0.000000
0.000000
0.000000
0.000000
0.000000
0.000000
0.000000
0.000000
0.000000
0.000000
0.000000
0.000000
0.000000
0.000000
0.000000
0.000000
0.000000
0.000000
0.000000
0.000000
0.000000
0.000000
0.000000
0.000000
0.000000
0.000000
0.000000
0.000000
0.000000
0.000000
0.000000
0.000000
0.000000
0.000000
0.000000
0.000000
0.000000
0.000000
0.000000
0.000000
0.000000
0.000000
0.000000
0.000000
0.000000
0.000000
0.000000
0.000000
0.000000
0.000000
0.000000
0.000000
0.000000
0.000000
0.000000
0.000000
0.000000
0.000000
0.000000
0.000000
0.000000
0.000000
0.000000
0.000000
0.000000
0.000000
0.000000
0.000000
0.000000
0.000000
0.000000
0.000000
0.000000
0.000000
0.000000
0.000000
0.000000
0.000000
0.000000
0.000000
0.000000
0.000000
0.000000
0.000000
0.000000
0.000000
0.000000
0.000000
0.000000
0.000000
0.000000
0.000000
0.000000
0.000000
0.000000
0.000000
0.000000
0.000000
0.000000
0.000000
0.000000
0.000000
0.000000
0.000000
0.000000
0.335062
0.629779
0.537122
0.276231
0.897441
0.714250
0.401012
0.738950
0.589091
0.822136
0.632647
0.457951
0.324526
0.846867
1.466503
0.760454
0.822562
0.941982
0.316993
0.825761
1.518646
0.429074
0.376256
0.198573
0.876764
0.471648
0.547637
0.442963
0.846480
0.254711
0.010702
0.911220
0.869606
0.196377
0.747057
0.656677
1.403056
0.534150
1.542608
0.418764
0.171353
0.206557
0.993941
1.049369
0.813116
0.580820
0.787116
0.441929
0.002545
0.362290
0.908095
0.297320
0.014284
1.011425
0.966325
0.660967
0.659240
0.219609
0.000000
0.000000
0.177163
0.698626
0.356713
0.622665
0.744349
0.542329
0.295534
0.264059
0.673960
0.584643
0.442982
0.974044
0.000000
0.000000
0.000000
0.000000
0.000000
0.000000
0.000000
0.000000
0.000000
0.000000
0.000000
0.000000
0.000000
0.000000
0.000000
0.000000
0.000000
0.000000
0.000000
0.000000
0.000000
0.000000
0.000000
0.000000
0.000000
0.000000
0.000000
0.000000
0.000000
0.000000
0.000000
0.000000
0.000000
0.000000
0.000000
0.000000
0.000000
0.000000
0.000000
0.000000
0.000000
0.000000
0.000000
0.000000
0.000000
0.000000
0.000000
0.000000
0.000000
0.000000
0.000000
0.000000
0.000000
0.000000
0.000000
0.000000
0.000000
0.000000
0.000000
0.000000
0.000000
0.000000
0.000000
0.000000
0.000000
0.000000
0.000000
0.000000
0.000000
0.000000
0.000000
0.000000
0.463402
0.407785
0.408944
0.224909
0.361522
1.030625
0.733164
0.436722
0.563332
0.292072
0.458526
0.512492
0.843085
0.538060
0.401813
0.520364
0.248056
0.202249
0.216813
0.000000
0.041942
0.349159
0.844409
0.761539
0.226891
0.607839
0.156584
0.514824
0.272382
0.410052
0.916922
0.123003
0.263792
0.269514
0.074615
0.343887
0.264302
0.000000
0.086428
0.406764
0.906274
0.655436
0.094483
0.094788
0.043608
0.524118
0.193326
0.366365
0.802065
0.107021
0.263945
0.357550
0.264677
0.016715
0.693324
0.430218
0.662751
0.808913
0.957695
0.858874
0.348443
0.535321
0.670272
0.311684
0.582052
0.237074
0.450011
0.411009
0.402869
0.606701
0.192349
0.438910
1.057976
0.625024
0.578011
0.515740
1.320288
0.103447
0.165852
0.463769
0.306860
0.415491
0.523257
0.649902
0.473530
0.825846
0.080491
0.252378
0.150639
0.327507
0.994782
0.251406
2.178182
2.556743
0.973684
0.615297
0.604523
2.663484
1.015015
1.628818
1.406955
2.789443
0.751776
1.706437
0.631307
2.245896
0.455598
2.643308
0.981838
0.899437
2.082710
2.076049
1.285897
1.097662
1.937278
1.155972
2.302060
1.364851
0.776937
2.763577
0.763668
2.611943
0.196362
2.774771
0.387598
2.034307
1.119020
0.638842
1.437994
2.029584
0.615005
0.643510
0.515930
1.805169
0.894738
0.959367
1.988762
1.353460
1.789810
1.171337
1.184002
1.532199
1.046265
2.312950
0.052491
0.063140
0.241796
0.198582
0.219375
0.083113
0.016788
0.038391
0.042503
0.036551
0.059999
0.029130
0.019749
0.306268
0.080355
0.023885
0.008315
0.134714
0.291249
0.433454
0.722681
0.181080
0.167851
0.000000
0.406352
0.000000
0.725171
0.357916
0.655282
0.117784
0.000000
0.680556
0.830001
0.075885
0.608763
0.132224
0.496678
0.147378
0.577879
0.153904
0.058400
0.047721
1.001474
0.550716
0.721448
0.064202
0.573756
0.114633
0.000000
0.955530
0.874386
0.000000
0.678908
0.524687
0.348637
0.688879
0.481030
0.127476
0.006716
0.000000
0.890859
0.208391
0.589667
0.517395
0.420176
0.621188
0.257649
1.005865
0.529360
0.360712
0.624864
0.319713
0.879113
0.885454
0.880897
1.113423
0.802437
0.851040
1.087735
0.981694
1.043884
0.876018
0.970017
1.098499
1.204942
0.717628
0.529806
0.949641
0.988946
1.030490
0.760624
0.675908
0.911804
0.686199
0.856386
1.034181
0.910262
0.741793
0.712140
0.942883
0.933241
0.921858
1.222438
0.979585
0.768286
0.957694
0.560937
0.979190
0.872705
0.541073
1.410080
0.785467
0.912529
1.095905
0.768107
0.493865
0.688843
1.283700
0.924078
0.848517
1.133693
1.041966
0.819987
0.955724
0.724903
1.016407
0.635943
0.973868
0.948878
0.659307
0.634855
0.947801
0.730874
0.423250
0.807811
0.571183
0.813629
0.523925
0.641152
0.788022
0.403373
0.821782
0.665283
0.834090
0.000000
0.000000
0.000000
0.000000
0.000000
0.000000
0.000000
0.000000
0.000000
0.000000
0.000000
0.000000
0.000000
0.000000
0.000000
0.000000
0.000000
0.000000
0.000000
0.000000
0.000000
0.000000
0.000000
0.000000
0.000000
0.000000
0.000000
0.000000
0.000000
0.000000
0.000000
0.000000
0.000000
0.000000
0.000000
0.000000
0.000000
0.000000
0.000000
0.000000
0.000000
0.000000
0.000000
0.000000
0.000000
0.000000
0.000000
0.000000
0.000000
0.000000
0.000000
0.000000
0.000000
0.000000
0.000000
0.000000
0.000000
0.000000
0.000000
0.000000
0.000000
0.000000
0.000000
0.000000
0.000000
0.000000
0.000000
0.000000
0.000000
0.000000
0.000000
0.000000
0.894812
1.621922
1.200690
2.130701
1.309389
0.276794
0.463786
1.292792
1.007211
2.063134
0.813722
0.967803
0.506916
2.258921
2.724713
1.955598
3.768085
2.979378
0.753152
0.804865
0.144414
1.761359
0.784851
0.601518
1.346778
0.483746
0.345840
0.231392
0.567821
0.253281
0.203019
0.750627
0.483898
0.504800
1.095091
0.312252
0.848655
0.269094
0.260527
0.223488
0.373567
0.439447
0.440562
1.633079
0.123128
0.503775
0.670039
0.222853
0.113037
0.096075
0.088296
0.823266
0.299844
0.949663
0.720721
0.736788
0.516475
0.136001
0.040006
0.092681
0.873897
0.806750
0.220643
1.566212
0.043413
1.267421
1.329779
0.612614
1.071830
0.069713
1.627931
0.208149
0.760569
1.658435
1.333054
2.238206
1.572263
0.248599
0.172905
1.478704
0.658430
2.334290
0.887081
1.144225
0.231061
2.057989
3.176689
1.832547
4.029574
3.555047
0.444506
1.057724
0.524290
1.614466
1.126120
0.650171
1.274481
0.782228
0.469938
0.143955
0.686532
0.434928
0.077310
0.869392
0.268487
0.733171
0.951440
0.525180
0.867068
0.522685
0.616728
0.294073
0.362028
0.405401
0.555138
1.575904
0.568726
0.728144
1.010164
0.407235
0.079695
0.197923
0.182740
0.697585
0.387928
1.175977
0.540406
0.738324
0.610666
0.202625
0.031306
0.053173
0.418989
1.306050
0.026635
1.708733
0.115084
1.220162
1.869202
0.272544
1.599443
0.088296
1.613420
0.351018
1.027408
1.224638
1.182777
1.285158
0.980826
0.536791
0.856071
1.164305
1.138973
1.348853
1.096965
1.035208
0.711860
0.529843
0.696552
0.869435
1.142064
1.132909
1.375394
3.296232
2.428261
1.591220
1.156881
1.141316
2.456309
1.403763
2.571046
1.745428
2.011376
1.834217
1.049691
2.556810
2.354453
1.424285
2.897522
1.712965
1.667770
3.221065
2.424989
2.066010
1.139190
1.161242
2.977135
2.210905
2.348663
1.101697
1.998979
1.829406
1.130861
2.516102
2.249913
1.354826
1.912802
2.240177
0.541284
1.492053
1.334326
0.844201
0.692052
0.849870
1.709911
1.924258
1.335358
2.026995
1.587644
2.215518
1.489199
1.633371
2.158529
1.448446
2.031798
1.852428
0.627551
1.046013
1.108297
0.921572
0.589760
0.822314
1.179482
1.084470
1.320766
1.231631
1.058578
0.897935
0.947370
1.187130
1.061232
1.342690
1.614025
1.278362
0.847866
1.166141
1.531494
0.429827
0.741918
1.574967
2.810067
0.459842
2.609015
0.680115
1.618127
0.885760
1.497598
2.571339
1.368779
0.703118
1.587234
0.578908
1.685354
0.661818
1.366835
0.419195
0.812511
1.304412
2.084337
0.827478
1.859404
1.131670
2.173789
0.828641
1.440727
2.314062
2.403901
0.622194
1.236106
1.125902
1.045455
1.182424
0.951844
0.516876
0.913062
1.173244
1.267878
0.834721
1.153656
0.900327
1.063346
0.698001
0.771300
1.156787
1.132722
1.060865
0.827829
1.057284
0.000000
0.000000
0.000000
0.000000
0.000000
0.000000
0.000000
0.000000
0.000000
0.000000
0.000000
0.000000
0.000000
0.000000
0.000000
0.000000
0.000000
0.000000
0.000000
0.000000
0.000000
0.000000
0.000000
0.000000
0.000000
0.000000
0.000000
0.000000
0.000000
0.000000
0.000000
0.000000
0.000000
0.000000
0.000000
0.000000
0.000000
0.000000
0.000000
0.000000
0.000000
0.000000
0.000000
0.000000
0.000000
0.000000
0.000000
0.000000
0.000000
0.000000
0.000000
0.000000
0.000000
0.000000
0.000000
0.000000
0.000000
0.000000
0.000000
0.000000
0.000000
0.000000
0.000000
0.000000
0.000000
0.000000
0.000000
0.000000
0.000000
0.000000
0.000000
0.000000
0.000000
0.000000
0.000000
0.000000
0.000000
0.000000
0.000000
0.000000
0.000000
0.000000
0.000000
0.000000
0.000000
0.000000
0.000000
0.000000
0.000000
0.000000
0.000000
0.000000
0.000000
0.000000
0.000000
0.000000
0.000000
0.000000
0.000000
0.000000
0.000000
0.000000
0.000000
0.000000
0.000000
0.000000
0.000000
0.000000
0.000000
0.000000
0.000000
0.000000
0.000000
0.000000
0.000000
0.000000
0.000000
0.000000
0.000000
0.000000
0.000000
0.000000
0.000000
0.000000
0.000000
0.000000
0.000000
0.000000
0.000000
0.000000
0.000000
0.000000
0.000000
0.000000
0.000000
0.000000
0.000000
0.000000
0.000000
0.000000
0.000000
0.000000
0.000000
0.000000
1.743676
1.757951
1.761903
1.620981
1.211323
1.375239
1.437628
1.332662
1.654951
1.368249
1.581982
1.346867
1.300090
0.777453
0.624537
1.350799
1.030141
1.291420
1.926692
3.271197
2.773000
2.498013
2.300029
1.947675
2.463833
2.701638
2.804056
3.226811
2.790877
2.912394
2.109030
2.710897
3.348756
2.067544
3.354646
2.802524
1.591347
3.626126
2.735690
3.267995
2.498141
2.150509
3.374805
2.736989
2.666563
2.038788
2.095740
2.891850
2.169812
3.245752
2.603536
2.320529
2.762398
2.575950
0.801625
1.986780
2.162822
2.040573
1.726689
1.735470
2.556235
2.802734
2.288116
2.769431
2.643668
3.407327
2.577128
2.750135
2.964852
2.584809
2.916766
2.803078
0.000000
0.000000
0.000000
0.000000
0.000000
0.000000
0.000000
0.000000
0.000000
0.000000
0.000000
0.000000
0.000000
0.000000
0.000000
0.000000
0.000000
0.000000
0.000000
0.000000
0.000000
0.000000
0.000000
0.000000
0.000000
0.000000
0.000000
0.000000
0.000000
0.000000
0.000000
0.000000
0.000000
0.000000
0.000000
0.000000
0.000000
0.000000
0.000000
0.000000
0.000000
0.000000
0.000000
0.000000
0.000000
0.000000
0.000000
0.000000
0.000000
0.000000
0.000000
0.000000
0.000000
0.000000
0.000000
0.000000
0.000000
0.000000
0.000000
0.000000
0.000000
0.000000
0.000000
0.000000
0.000000
0.000000
0.000000
0.000000
0.000000
0.000000
0.000000
0.000000
0.000000
0.000000
0.000000
0.497719
0.445469
0.000000
0.000000
0.035331
0.101470
0.103750
0.109673
0.179989
0.182723
0.586092
0.471599
0.419066
0.738411
0.815366
0.022421
0.052217
0.000000
0.011265
0.000000
0.000000
0.000000
0.000000
0.000000
0.000000
0.000000
0.000000
0.000000
0.080581
0.000000
0.000000
0.087022
0.000000
0.019108
0.057938
0.000000
0.000000
0.000000
0.000000
0.000000
0.001016
0.000000
0.000000
0.000000
0.000000
0.000000
0.000000
0.000000
0.000000
0.000000
0.000000
0.000000
0.000000
0.000000
0.000000
0.000000
0.000000
0.001205
0.095496
0.000000
0.084025
0.000000
0.000000
0.000000
0.000000
0.121628
0.000000
0.033327
0.016307
0.001424
0.001424
0.001424
0.001424
0.001424
0.001424
0.001424
0.001424
0.001424
0.001424
0.001424
0.001424
0.001424
0.001424
0.001424
0.001424
0.001424
0.001424
0.001424
0.001424
0.001424
0.001424
0.001424
0.001424
0.001424
0.001424
0.001424
0.001424
0.001424
0.001424
0.001424
0.001424
0.001424
0.001424
0.001424
0.001424
0.001424
0.001424
0.001424
0.001424
0.001424
0.001424
0.001424
0.001424
0.001424
0.001424
0.001424
0.001424
0.001424
0.001424
0.001424
0.001424
0.001424
0.001424
0.001424
0.001424
0.001424
0.001424
0.001424
0.001424
0.001424
0.001424
0.001424
0.001424
0.001424
0.001424
0.001424
0.001424
0.001424
0.001424
0.001424
0.001424
0.989600
1.245836
1.136254
1.087344
0.945124
0.612890
0.427408
0.608828
0.739433
0.847971
0.794861
0.655169
0.701987
1.029547
0.747284
0.664161
0.786947
0.808827
0.766219
0.342547
0.273126
1.483955
1.247638
0.123045
0.151460
1.289673
0.296157
1.409689
0.749048
0.238789
0.146490
0.345974
0.951296
0.272682
1.027886
1.108913
0.495112
0.749160
0.262431
1.445934
1.183260
0.755737
0.685724
0.895713
0.256752
0.113621
0.025970
0.316912
0.210233
0.303651
0.074603
0.324865
1.134707
0.297414
0.712924
1.301507
1.540655
1.288120
0.944415
0.379084
1.259721
2.123448
1.117990
1.910391
1.337435
2.092399
2.009874
1.766346
2.339800
1.232093
1.939416
1.231822
0.229396
0.202750
0.158618
0.074715
0.301939
0.176972
0.063309
0.122202
0.151349
0.084906
0.146153
0.120537
0.134442
0.299491
0.104923
0.142392
0.035790
0.055934
0.616295
0.281889
0.319564
0.344520
0.335521
0.134773
0.099350
0.403929
0.170130
0.278882
0.412053
0.347941
0.138860
0.131202
0.331393
0.272660
0.121106
0.330339
0.335161
0.286039
0.327356
0.325572
0.346215
0.272076
0.136276
0.544783
0.354900
0.077680
0.093331
0.327561
0.104604
0.271448
0.056751
0.346143
0.131772
0.478899
0.421684
0.437782
0.317253
0.385699
0.101508
0.077502
0.436309
0.349805
0.356420
0.378248
0.305798
0.277214
0.300302
0.414857
0.266454
0.369464
0.384676
0.356891
0.201867
0.223799
0.271198
0.282219
0.250535
0.280491
0.201268
0.154290
0.118218
0.121114
0.106186
0.111768
0.127267
0.254812
0.240303
0.139022
0.185101
0.229158
0.276447
0.041576
0.165768
0.005293
0.003871
0.005540
0.035182
0.000000
0.117392
0.046063
0.127075
0.000000
0.000000
0.147271
0.063989
0.103299
0.003813
0.044866
0.264176
0.005358
0.189642
0.000801
0.005435
0.110422
0.190627
0.042036
0.137498
0.019790
0.123304
0.000000
0.000000
0.162902
0.111147
0.000000
0.114206
0.079375
0.413386
0.255837
0.183020
0.064505
0.156922
0.006790
0.300601
0.010432
0.268479
0.035637
0.178956
0.040955
0.000000
0.366235
0.018937
0.155738
0.072060
0.070919
0.384796
0.472467
0.462752
1.127022
0.958495
0.415185
0.378209
0.637598
0.517624
0.891364
0.548705
0.695001
0.560294
0.731814
0.726517
0.583632
0.977294
0.901503
0.488030
0.235928
0.759714
0.818486
0.220112
0.029782
0.092800
0.411340
0.248440
0.280829
0.611379
0.759253
0.064873
0.472871
0.338372
0.772018
0.182493
0.628799
0.251061
0.365096
0.707953
0.712106
0.377289
0.234982
0.379183
0.873365
0.727938
0.341470
0.294970
0.694372
0.008040
0.760503
0.000000
0.772038
0.107768
1.010053
0.305610
0.217143
0.397408
0.445386
0.000000
0.024755
0.479170
0.270582
0.254060
0.493983
0.337540
0.658819
0.574990
0.482117
0.227788
0.389267
0.666582
0.433665
0.000000
0.000000
0.000000
0.000000
0.000000
0.000000
0.000000
0.000000
0.000000
0.000000
0.000000
0.000000
0.000000
0.000000
0.000000
0.000000
0.000000
0.000000
0.000000
0.000000
0.000000
0.000000
0.000000
0.000000
0.000000
0.000000
0.000000
0.000000
0.000000
0.000000
0.000000
0.000000
0.000000
0.000000
0.000000
0.000000
0.000000
0.000000
0.000000
0.000000
0.000000
0.000000
0.000000
0.000000
0.000000
0.000000
0.000000
0.000000
0.000000
0.000000
0.000000
0.000000
0.000000
0.000000
0.000000
0.000000
0.000000
0.000000
0.000000
0.000000
0.000000
0.000000
0.000000
0.000000
0.000000
0.000000
0.000000
0.000000
0.000000
0.000000
0.000000
0.000000
0.000000
0.000000
0.000000
0.000000
0.000000
0.000000
0.000000
0.000000
0.000000
0.000000
0.000000
0.000000
0.000000
0.000000
0.000000
0.000000
0.000000
0.000000
0.000000
0.000000
0.000000
0.000000
0.000000
0.000000
0.000000
0.000000
0.000000
0.000000
0.000000
0.000000
0.000000
0.000000
0.000000
0.000000
0.000000
0.000000
0.000000
0.000000
0.000000
0.000000
0.000000
0.000000
0.000000
0.000000
0.000000
0.000000
0.000000
0.000000
0.000000
0.000000
0.000000
0.000000
0.000000
0.000000
0.000000
0.000000
0.000000
0.000000
0.000000
0.000000
0.000000
0.000000
0.000000
0.000000
0.000000
0.000000
0.000000
0.000000
0.000000
0.000000
0.000000
0.000000
0.001109
0.001109
0.001109
0.001109
0.001109
0.001109
0.001109
0.001109
0.001109
0.001109
0.001109
0.001109
0.001109
0.001109
0.001109
0.001109
0.001109
0.001109
0.001109
0.001109
0.001109
0.001109
0.001109
0.001109
0.001109
0.001109
0.001109
0.001109
0.001109
0.001109
0.001109
0.001109
0.001109
0.001109
0.001109
0.001109
0.001109
0.001109
0.001109
0.001109
0.001109
0.001109
0.001109
0.001109
0.001109
0.001109
0.001109
0.001109
0.001109
0.001109
0.001109
0.001109
0.001109
0.001109
0.001109
0.001109
0.001109
0.001109
0.001109
0.001109
0.001109
0.001109
0.001109
0.001109
0.001109
0.001109
0.001109
0.001109
0.001109
0.001109
0.001109
0.001109
10.100263
12.212809
12.690149
7.612028
5.254789
12.628672
12.365204
12.466983
12.497148
12.535356
13.076164
12.597552
11.887568
5.283371
7.235834
11.840083
10.790515
8.494475
8.690905
3.635002
6.809864
8.995028
16.439699
22.200878
16.004389
13.822662
13.208252
11.374165
14.109547
15.541969
22.928289
12.626997
10.090713
13.421619
7.991420
8.768586
6.385014
1.498704
4.698546
8.170819
17.415194
18.716553
7.615374
9.218452
9.951822
18.196159
15.803405
13.826155
22.376236
12.503962
14.583126
14.263928
11.630291
9.050482
6.128848
5.240032
7.621961
11.907145
17.475767
18.169306
9.578273
7.331277
9.253535
9.590172
9.193716
9.378662
15.646621
10.776974
8.061828
11.455811
9.978752
6.841290
0.000294
0.000294
0.000294
0.000294
0.000294
0.000294
0.000294
0.000294
0.000294
0.000294
0.000294
0.000294
0.000294
0.000294
0.000294
0.000294
0.000294
0.000294
0.000294
0.000294
0.000294
0.000294
0.000294
0.000294
0.000294
0.000294
0.000294
0.000294
0.000294
0.000294
0.000294
0.000294
0.000294
0.000294
0.000294
0.000294
0.000294
0.000294
0.000294
0.000294
0.000294
0.000294
0.000294
0.000294
0.000294
0.000294
0.000294
0.000294
0.000294
0.000294
0.000294
0.000294
0.000294
0.000294
0.000294
0.000294
0.000294
0.000294
0.000294
0.000294
0.000294
0.000294
0.000294
0.000294
0.000294
0.000294
0.000294
0.000294
0.000294
0.000294
0.000294
0.000294
0.460813
0.793604
0.749407
0.979572
0.751208
0.239014
0.345902
0.804178
0.413810
0.968621
0.510868
0.631615
0.296685
0.827006
1.226751
0.789701
1.647000
1.602685
0.501959
0.648817
0.245254
0.484680
0.786037
0.623206
0.974046
0.484542
0.697351
0.218784
0.494509
0.182399
0.444919
0.795901
0.296847
0.402832
0.698708
0.275939
0.386742
0.436259
0.345624
0.104072
0.335175
0.544605
0.465395
0.595103
0.529519
0.252479
0.863955
0.157696
0.457948
0.484221
0.514387
0.177503
0.678180
0.584169
0.382522
0.541859
0.595080
0.233290
0.215542
0.350601
0.469872
0.796989
0.377955
0.844986
0.385772
0.409270
0.900421
0.363786
0.871227
0.265043
0.599351
0.494260
0.555903
0.407389
0.451952
0.525128
0.563926
0.220915
0.234633
0.345819
0.369669
0.467055
0.377577
0.284235
0.330871
0.570415
0.291535
0.226511
0.275789
0.323386
0.756623
0.234057
0.075716
1.052818
0.443210
0.049099
0.215927
0.674085
0.221008
1.084087
0.283894
0.044519
0.005450
0.393923
0.506129
0.342975
0.497129
0.579391
0.238151
0.480584
0.058104
1.036258
0.384696
0.383862
0.605159
0.476467
0.110852
0.069857
0.052697
0.080461
0.017167
0.078946
0.024749
0.075058
0.920229
0.155800
0.542155
0.885996
0.799246
0.461016
0.381300
0.063667
1.183350
1.167687
0.807766
1.172282
0.823507
1.282747
0.915072
1.412767
1.342890
0.663032
1.199183
0.652415
0.807965
0.863066
0.834363
1.342529
1.670792
0.794098
0.773349
1.514883
0.783015
1.897022
1.148196
1.657817
1.101774
1.237463
2.229509
1.277875
2.301350
2.195836
0.481727
0.171094
0.555222
1.165640
0.889862
0.990882
0.246962
0.684965
0.413211
0.257941
0.780068
1.241047
0.671572
0.695113
0.329099
1.345881
0.187079
0.574566
0.297707
0.103261
0.622052
0.784283
0.968547
0.540431
0.236294
1.248744
1.049968
0.607296
0.798210
1.040199
0.552144
0.834018
0.148309
1.007555
0.356994
1.324667
0.696232
0.439284
0.691044
0.602638
0.215689
0.289407
0.406119
0.512616
0.193599
0.684609
0.212709
0.734124
1.402409
0.330230
0.497253
0.238409
0.949825
0.304609
0.000000
0.000000
0.000000
0.000000
0.000000
0.000000
0.000000
0.000000
0.000000
0.000000
0.000000
0.000000
0.000000
0.000000
0.000000
0.000000
0.000000
0.000000
0.000000
0.000000
0.000000
0.000000
0.000000
0.000000
0.000000
0.000000
0.000000
0.000000
0.000000
0.000000
0.000000
0.000000
0.000000
0.000000
0.000000
0.000000
0.000000
0.000000
0.000000
0.000000
0.000000
0.000000
0.000000
0.000000
0.000000
0.000000
0.000000
0.000000
0.000000
0.000000
0.000000
0.000000
0.000000
0.000000
0.000000
0.000000
0.000000
0.000000
0.000000
0.000000
0.000000
0.000000
0.000000
0.000000
0.000000
0.000000
0.000000
0.000000
0.000000
0.000000
0.000000
0.000000
0.559095
0.643336
0.744973
0.566212
0.832561
0.615629
0.283158
0.499828
0.362973
0.537628
0.627451
0.308666
0.173071
0.433935
0.823409
0.332467
0.354685
0.736864
1.091339
1.170156
2.033767
0.772904
0.805838
0.226514
0.738173
0.307102
1.247169
1.112242
1.616776
0.496230
0.152224
0.968102
1.506616
0.721461
0.973805
0.691386
1.542549
1.022785
1.840848
0.753490
0.633736
0.611153
1.616616
1.603340
1.715127
0.752273
1.349813
0.634273
0.169111
1.510938
1.773884
0.154905
1.407514
1.494294
1.492313
1.779085
1.636790
0.950215
1.174658
0.423532
1.977847
0.986717
1.564839
1.582088
1.450704
1.795527
1.150369
2.201871
1.709705
1.338861
1.625809
1.178480
0.000000
0.000000
0.000000
0.000000
0.000000
0.000000
0.000000
0.000000
0.000000
0.000000
0.000000
0.000000
0.000000
0.000000
0.000000
0.000000
0.000000
0.000000
0.000000
0.000000
0.000000
0.000000
0.000000
0.000000
0.000000
0.000000
0.000000
0.000000
0.000000
0.000000
0.000000
0.000000
0.000000
0.000000
0.000000
0.000000
0.000000
0.000000
0.000000
0.000000
0.000000
0.000000
0.000000
0.000000
0.000000
0.000000
0.000000
0.000000
0.000000
0.000000
0.000000
0.000000
0.000000
0.000000
0.000000
0.000000
0.000000
0.000000
0.000000
0.000000
0.000000
0.000000
0.000000
0.000000
0.000000
0.000000
0.000000
0.000000
0.000000
0.000000
0.000000
0.000000
0.000000
0.000000
0.000000
0.000000
0.000000
0.000000
0.000000
0.000000
0.000000
0.000000
0.000000
0.000000
0.000000
0.000000
0.000000
0.000000
0.000000
0.000000
0.000000
0.000000
0.000000
0.000000
0.000000
0.000000
0.000000
0.000000
0.000000
0.000000
0.000000
0.000000
0.000000
0.000000
0.000000
0.000000
0.000000
0.000000
0.000000
0.000000
0.000000
0.000000
0.000000
0.000000
0.000000
0.000000
0.000000
0.000000
0.000000
0.000000
0.000000
0.000000
0.000000
0.000000
0.000000
0.000000
0.000000
0.000000
0.000000
0.000000
0.000000
0.000000
0.000000
0.000000
0.000000
0.000000
0.000000
0.000000
0.000000
0.000000
0.000000
0.000000
0.000000
0.000000
0.000000
0.000000
0.000000
0.000000
0.000000
0.000000
0.000000
0.000000
0.000000
0.000000
0.000000
0.000000
0.000000
0.000000
0.000000
0.000000
0.000000
0.000000
0.000000
0.000000
0.000000
0.000000
0.000000
0.000000
0.000000
0.000000
0.000000
0.000000
0.000000
0.000000
0.000000
0.000000
0.000000
0.000000
0.000000
0.000000
0.000000
0.000000
0.000000
0.000000
0.000000
0.000000
0.000000
0.000000
0.000000
0.000000
0.000000
0.000000
0.000000
0.000000
0.000000
0.000000
0.000000
0.000000
0.000000
0.000000
0.000000
0.000000
0.000000
0.000000
0.000000
0.000000
0.000000
0.000000
0.000000
0.000000
0.000000
0.000000
0.000000
0.000000
0.000000
0.000000
0.000345
0.000345
0.000345
0.000345
0.000345
0.000345
0.000345
0.000345
0.000345
0.000345
0.000345
0.000345
0.000345
0.000345
0.000345
0.000345
0.000345
0.000345
0.000345
0.000345
0.000345
0.000345
0.000345
0.000345
0.000345
0.000345
0.000345
0.000345
0.000345
0.000345
0.000345
0.000345
0.000345
0.000345
0.000345
0.000345
0.000345
0.000345
0.000345
0.000345
0.000345
0.000345
0.000345
0.000345
0.000345
0.000345
0.000345
0.000345
0.000345
0.000345
0.000345
0.000345
0.000345
0.000345
0.000345
0.000345
0.000345
0.000345
0.000345
0.000345
0.000345
0.000345
0.000345
0.000345
0.000345
0.000345
0.000345
0.000345
0.000345
0.000345
0.000345
0.000345
0.000000
0.000000
0.000000
0.000000
0.000000
0.000000
0.000000
0.000000
0.000000
0.000000
0.000000
0.000000
0.000000
0.000000
0.000000
0.000000
0.000000
0.000000
0.000000
0.000000
0.000000
0.000000
0.000000
0.000000
0.000000
0.000000
0.000000
0.000000
0.000000
0.000000
0.000000
0.000000
0.000000
0.000000
0.000000
0.000000
0.000000
0.000000
0.000000
0.000000
0.000000
0.000000
0.000000
0.000000
0.000000
0.000000
0.000000
0.000000
0.000000
0.000000
0.000000
0.000000
0.000000
0.000000
0.000000
0.000000
0.000000
0.000000
0.000000
0.000000
0.000000
0.000000
0.000000
0.000000
0.000000
0.000000
0.000000
0.000000
0.000000
0.000000
0.000000
0.000000
0.234416
0.281369
0.267910
0.305204
0.412770
0.276882
0.039484
0.063641
0.084464
0.122374
0.062636
0.072275
0.059002
0.306007
0.100434
0.075179
0.148078
0.202820
0.385852
0.265873
0.160479
0.250373
0.335131
0.006564
0.038438
0.483130
0.003119
0.372378
0.206268
0.074430
0.000000
0.058467
0.347953
0.086433
0.310223
0.403046
0.084759
0.310543
0.182774
0.247443
0.365387
0.204346
0.127897
0.340501
0.042163
0.086407
0.069989
0.073353
0.000000
0.081144
0.008116
0.086929
0.181933
0.245370
0.089484
0.180602
0.337818
0.226758
0.038062
0.000000
0.235162
0.490558
0.252047
0.474490
0.339184
0.299048
0.438702
0.348206
0.500260
0.218964
0.383133
0.426939
0.665425
0.365267
0.317658
0.648612
0.850112
0.072955
0.147728
0.362762
0.189657
0.467840
0.313376
0.477167
0.377860
0.614101
0.433948
0.282642
0.562743
0.595918
0.798778
0.317717
1.368769
1.398480
0.496366
0.310730
0.219451
1.218655
0.450793
0.652265
0.946198
1.562663
0.359940
0.756080
0.377616
1.386766
0.084592
1.277786
0.557559
0.478787
1.306926
1.011905
0.626278
0.599509
0.875316
1.093564
1.258060
0.928391
0.553330
1.544373
0.311884
1.478067
0.116481
1.604400
0.254836
1.551286
0.822593
0.448523
0.758124
1.063827
0.081994
0.266310
0.646459
0.567780
0.678739
0.636203
0.900516
0.815386
0.820913
0.788809
0.259164
0.848622
0.744339
1.035829
0.000000
0.000000
0.000000
0.000000
0.000000
0.000000
0.000000
0.000000
0.000000
0.000000
0.000000
0.000000
0.000000
0.000000
0.000000
0.000000
0.000000
0.000000
0.000000
0.000000
0.000000
0.000000
0.000000
0.000000
0.000000
0.000000
0.000000
0.000000
0.000000
0.000000
0.000000
0.000000
0.000000
0.000000
0.000000
0.000000
0.000000
0.000000
0.000000
0.000000
0.000000
0.000000
0.000000
0.000000
0.000000
0.000000
0.000000
0.000000
0.000000
0.000000
0.000000
0.000000
0.000000
0.000000
0.000000
0.000000
0.000000
0.000000
0.000000
0.000000
0.000000
0.000000
0.000000
0.000000
0.000000
0.000000
0.000000
0.000000
0.000000
0.000000
0.000000
0.000000
0.258530
0.175835
0.204921
0.200634
0.256506
0.099699
0.087093
0.146319
0.093859
0.088379
0.131492
0.053138
0.062142
0.191829
0.200020
0.133553
0.046685
0.344046
0.688224
0.836475
0.988134
0.146878
0.151905
0.076499
0.679054
0.114416
0.790781
0.423150
0.872290
0.061250
0.007401
0.778712
0.594039
0.367812
0.531151
0.481248
0.753148
0.611504
1.212597
0.138129
0.082815
0.296269
0.875089
0.483131
0.894665
0.260446
0.870607
0.106802
0.021942
0.849588
0.891779
0.093151
0.607244
0.816686
0.323302
0.944978
0.836256
0.072031
0.151279
0.030274
0.783799
0.395349
0.681840
0.543845
0.799197
0.206451
0.058920
0.822834
0.479662
0.590224
0.458816
0.744508
0.515201
0.797536
0.848605
1.108040
0.899807
0.692449
0.700139
0.952226
0.785410
1.163453
0.785093
0.889098
0.657298
0.776824
1.113204
0.910356
1.306146
1.197819
0.415268
0.836682
0.695525
0.362474
0.504832
0.669455
1.157375
0.444923
1.057290
0.366984
0.724086
0.442301
0.553199
1.193193
0.695270
0.487122
0.901159
0.523641
0.740927
0.607444
0.680671
0.489343
0.526397
0.520125
0.896754
0.645847
0.779894
0.471173
1.011410
0.408793
0.535991
0.773390
0.908749
0.303589
0.487384
0.712868
0.407257
0.453582
0.535221
0.229419
0.310706
0.397110
0.405679
0.740265
0.328932
0.736557
0.528746
0.520339
0.703441
0.346928
0.908946
0.425612
0.631480
0.667901
0.000000
0.000000
0.000000
0.000000
0.000000
0.000000
0.000000
0.000000
0.000000
0.000000
0.000000
0.000000
0.000000
0.000000
0.000000
0.000000
0.000000
0.000000
0.000000
0.000000
0.000000
0.000000
0.000000
0.000000
0.000000
0.000000
0.000000
0.000000
0.000000
0.000000
0.000000
0.000000
0.000000
0.000000
0.000000
0.000000
0.000000
0.000000
0.000000
0.000000
0.000000
0.000000
0.000000
0.000000
0.000000
0.000000
0.000000
0.000000
0.000000
0.000000
0.000000
0.000000
0.000000
0.000000
0.000000
0.000000
0.000000
0.000000
0.000000
0.000000
0.000000
0.000000
0.000000
0.000000
0.000000
0.000000
0.000000
0.000000
0.000000
0.000000
0.000000
0.000000
0.000000
0.000000
0.000000
0.000000
0.000000
0.000000
0.000000
0.000000
0.000000
0.000000
0.000000
0.000000
0.000000
0.000000
0.000000
0.000000
0.000000
0.000000
0.000000
0.000000
0.000000
0.000000
0.000000
0.000000
0.000000
0.000000
0.000000
0.000000
0.000000
0.000000
0.000000
0.000000
0.000000
0.000000
0.000000
0.000000
0.000000
0.000000
0.000000
0.000000
0.000000
0.000000
0.000000
0.000000
0.000000
0.000000
0.000000
0.000000
0.000000
0.000000
0.000000
0.000000
0.000000
0.000000
0.000000
0.000000
0.000000
0.000000
0.000000
0.000000
0.000000
0.000000
0.000000
0.000000
0.000000
0.000000
0.000000
0.000000
0.000000
0.000000
0.000000
0.000000
0.176739
0.126147
0.091256
0.110545
0.148070
0.037428
0.050203
0.035225
0.080690
0.045697
0.063667
0.029069
0.028237
0.208829
0.045626
0.053388
0.013883
0.090059
0.266542
0.106273
0.227470
0.320566
0.230599
0.051047
0.176094
0.537782
0.053179
0.412181
0.199885
0.259291
0.011859
0.195037
0.252006
0.136952
0.166752
0.432108
0.173075
0.218895
0.249705
0.238683
0.278976
0.170426
0.239203
0.277913
0.148559
0.252671
0.007835
0.315323
0.025898
0.263904
0.025328
0.324138
0.131223
0.203965
0.168844
0.193786
0.280319
0.356270
0.131165
0.028565
0.241244
0.360251
0.305288
0.251285
0.436398
0.286511
0.312945
0.284731
0.305902
0.348617
0.239534
0.520058
0.338811
0.170656
0.137755
0.022992
0.487592
0.526216
0.046235
0.254312
0.065742
0.153571
0.189078
0.245307
0.090134
0.024417
0.406169
0.181994
0.089711
0.116474
0.243970
0.072708
0.269980
0.516345
0.646163
0.206654
0.000000
0.761318
0.011094
0.580620
0.117370
0.898896
0.145350
0.119325
0.210555
0.500814
0.018371
0.397156
0.138934
0.067579
0.374842
0.542726
0.504440
0.064336
0.040049
0.281503
0.062668
0.761023
0.032593
0.936443
0.108396
0.259508
0.327637
0.550034
0.030820
0.162447
0.442422
0.233637
0.293671
0.455073
0.214422
0.071521
0.091050
0.317720
0.182721
0.195141
0.182192
0.314872
0.290613
0.070346
0.351610
0.268668
0.153333
0.127474
0.000000
0.000000
0.000000
0.000000
0.000000
0.000000
0.000000
0.000000
0.000000
0.000000
0.000000
0.000000
0.000000
0.000000
0.000000
0.000000
0.000000
0.000000
0.000000
0.000000
0.000000
0.000000
0.000000
0.000000
0.000000
0.000000
0.000000
0.000000
0.000000
0.000000
0.000000
0.000000
0.000000
0.000000
0.000000
0.000000
0.000000
0.000000
0.000000
0.000000
0.000000
0.000000
0.000000
0.000000
0.000000
0.000000
0.000000
0.000000
0.000000
0.000000
0.000000
0.000000
0.000000
0.000000
0.000000
0.000000
0.000000
0.000000
0.000000
0.000000
0.000000
0.000000
0.000000
0.000000
0.000000
0.000000
0.000000
0.000000
0.000000
0.000000
0.000000
0.000000
0.225216
0.571180
0.478727
0.686557
0.358281
0.036202
0.274121
0.634108
0.610247
0.972688
0.547155
0.480063
0.277382
0.687335
0.843094
0.700470
1.205102
0.848308
0.242068
0.373657
0.379077
0.247760
0.135210
0.163113
1.025170
0.117571
0.727937
0.041581
0.298774
0.238678
0.006139
0.886466
0.373432
0.047890
0.504871
0.100632
0.625539
0.149587
0.337185
0.182872
0.107482
0.188090
0.610756
0.402179
0.380009
0.209419
0.551750
0.179551
0.008565
0.462084
0.420372
0.177016
0.029123
0.259604
0.399270
0.299281
0.149139
0.019718
0.004056
0.001397
0.179463
0.366314
0.096342
0.397430
0.149862
0.356574
0.511012
0.181957
0.503526
0.244122
0.440274
0.149484
0.000000
0.000000
0.000000
0.000000
0.000000
0.000000
0.000000
0.000000
0.000000
0.000000
0.000000
0.000000
0.000000
0.000000
0.000000
0.000000
0.000000
0.000000
0.000000
0.000000
0.000000
0.000000
0.000000
0.000000
0.000000
0.000000
0.000000
0.000000
0.000000
0.000000
0.000000
0.000000
0.000000
0.000000
0.000000
0.000000
0.000000
0.000000
0.000000
0.000000
0.000000
0.000000
0.000000
0.000000
0.000000
0.000000
0.000000
0.000000
0.000000
0.000000
0.000000
0.000000
0.000000
0.000000
0.000000
0.000000
0.000000
0.000000
0.000000
0.000000
0.000000
0.000000
0.000000
0.000000
0.000000
0.000000
0.000000
0.000000
0.000000
0.000000
0.000000
0.000000
0.335713
0.473562
0.468846
0.720475
0.428183
0.230533
0.043820
0.029877
0.107214
0.198835
0.120698
0.064529
0.111631
0.437718
0.128401
0.151833
0.323852
0.407031
0.302084
0.242928
0.419187
0.735261
0.268850
0.003833
0.109803
0.605883
0.010818
0.659698
0.207401
0.100494
0.004850
0.178689
0.450614
0.066227
0.516847
0.677989
0.347122
0.495753
0.515456
0.600095
0.375260
0.231967
0.466346
0.368988
0.120477
0.314482
0.002146
0.197802
0.003679
0.301827
0.067006
0.222024
0.385103
0.255224
0.273768
0.556162
0.735479
0.573062
0.229075
0.035056
0.296531
0.828751
0.362941
0.745840
0.779391
0.966079
0.916878
0.617659
0.978193
0.436787
0.684486
0.912763
1.030684
1.174528
1.137248
0.894233
0.607030
0.826866
0.979962
1.101772
1.131292
1.128661
1.101990
1.024226
0.870472
0.431430
0.543048
0.922037
0.906901
0.869158
1.187086
1.952422
1.637188
1.328612
1.424869
1.570113
1.987472
1.430055
1.926371
1.618653
1.759557
1.679926
1.564990
1.864870
1.825969
1.342281
1.952536
1.438125
1.161862
1.877816
1.635325
1.573340
1.437807
1.441973
1.950374
1.649015
1.644892
1.479142
1.702578
1.622234
1.589879
1.937485
1.862970
1.382690
1.611567
1.615980
0.532458
1.154908
1.184406
1.037873
1.156176
1.269998
1.427012
1.415395
1.256585
1.577781
1.380346
1.709744
1.476359
1.408620
1.567839
1.402123
1.605627
1.431317
0.000000
0.000000
0.000000
0.000000
0.000000
0.000000
0.000000
0.000000
0.000000
0.000000
0.000000
0.000000
0.000000
0.000000
0.000000
0.000000
0.000000
0.000000
0.000000
0.000000
0.000000
0.000000
0.000000
0.000000
0.000000
0.000000
0.000000
0.000000
0.000000
0.000000
0.000000
0.000000
0.000000
0.000000
0.000000
0.000000
0.000000
0.000000
0.000000
0.000000
0.000000
0.000000
0.000000
0.000000
0.000000
0.000000
0.000000
0.000000
0.000000
0.000000
0.000000
0.000000
0.000000
0.000000
0.000000
0.000000
0.000000
0.000000
0.000000
0.000000
0.000000
0.000000
0.000000
0.000000
0.000000
0.000000
0.000000
0.000000
0.000000
0.000000
0.000000
0.000000
0.276964
0.485697
0.312804
0.060016
0.656505
0.062612
0.000379
0.141870
0.025172
0.071237
0.003192
0.133926
0.008573
0.150073
0.109170
0.083570
0.014354
0.138474
1.072968
1.638226
1.692982
0.792473
0.128685
0.035916
0.679174
0.303855
1.330679
0.055985
0.381140
1.480008
0.000000
1.149867
0.585997
0.566674
0.492916
0.519565
2.307053
1.600792
2.103120
1.072362
0.093527
0.256582
1.437081
0.809710
1.947679
0.000000
0.265641
1.570100
0.000000
1.723971
0.828205
0.852916
0.096152
0.954349
2.005683
1.667626
0.656806
0.955879
0.000000
0.000000
0.444023
0.670985
0.470376
0.128488
0.551426
0.814839
0.261390
0.674956
0.509291
0.438895
0.333429
0.882294
0.000000
0.000000
0.000000
0.000000
0.000000
0.000000
0.000000
0.000000
0.000000
0.000000
0.000000
0.000000
0.000000
0.000000
0.000000
0.000000
0.000000
0.000000
0.000000
0.000000
0.000000
0.000000
0.000000
0.000000
0.000000
0.000000
0.000000
0.000000
0.000000
0.000000
0.000000
0.000000
0.000000
0.000000
0.000000
0.000000
0.000000
0.000000
0.000000
0.000000
0.000000
0.000000
0.000000
0.000000
0.000000
0.000000
0.000000
0.000000
0.000000
0.000000
0.000000
0.000000
0.000000
0.000000
0.000000
0.000000
0.000000
0.000000
0.000000
0.000000
0.000000
0.000000
0.000000
0.000000
0.000000
0.000000
0.000000
0.000000
0.000000
0.000000
0.000000
0.000000
0.000000
0.000000
0.000000
0.000000
0.000000
0.000000
0.000000
0.000000
0.000000
0.000000
0.000000
0.000000
0.000000
0.000000
0.000000
0.000000
0.000000
0.000000
0.000000
0.000000
0.000000
0.000000
0.000000
0.000000
0.000000
0.000000
0.000000
0.000000
0.000000
0.000000
0.000000
0.000000
0.000000
0.000000
0.000000
0.000000
0.000000
0.000000
0.000000
0.000000
0.000000
0.000000
0.000000
0.000000
0.000000
0.000000
0.000000
0.000000
0.000000
0.000000
0.000000
0.000000
0.000000
0.000000
0.000000
0.000000
0.000000
0.000000
0.000000
0.000000
0.000000
0.000000
0.000000
0.000000
0.000000
0.000000
0.000000
0.000000
0.000000
0.000000
0.000000
0.000000
0.000000
0.000000
0.000000
0.000000
0.000000
0.000000
0.000000
0.000000
0.000000
0.000000
0.000000
0.000000
0.000000
0.000000
0.000000
0.000000
0.000000
0.000000
0.000000
0.000000
0.000000
0.000000
0.000000
0.000000
0.000000
0.000000
0.000000
0.000000
0.000000
0.000000
0.000000
0.000000
0.000000
0.000000
0.000000
0.000000
0.000000
0.000000
0.000000
0.000000
0.000000
0.000000
0.000000
0.000000
0.000000
0.000000
0.000000
0.000000
0.000000
0.000000
0.000000
0.000000
0.000000
0.000000
0.000000
0.000000
0.000000
0.000000
0.000000
0.000000
0.000000
0.000000
0.000000
0.000000
0.000000
0.000000
0.000000
0.000000
0.000000
0.000000
0.000000
0.000000
0.000000
0.000000
0.000000
0.000000
0.000000
0.000000
0.000000
0.000000
0.000000
0.000000
0.000000
0.000000
0.000000
0.000000
0.000000
0.000000
0.000000
0.000000
0.000000
0.000000
0.000000
0.000000
0.000000
0.000000
0.000000
0.000000
0.000000
0.000000
0.000000
0.000000
0.000000
0.000000
0.000000
0.000000
0.000000
0.000000
0.000000
0.000000
0.000000
0.000000
0.000000
0.000000
0.000000
0.000000
0.000000
0.000000
0.000000
0.000000
0.000000
0.000000
0.000000
0.000000
0.000000
0.000000
0.000000
0.000000
0.000000
0.000000
0.000000
0.000000
0.000000
0.000000
0.000000
0.000000
0.000000
0.000000
0.000000
0.000000
0.000000
0.000000
0.000000
0.000000
0.000001
0.000001
0.000001
0.000001
0.000001
0.000001
0.000001
0.000001
0.000001
0.000001
0.000001
0.000001
0.000001
0.000001
0.000001
0.000001
0.000001
0.000001
0.000001
0.000001
0.000001
0.000001
0.000001
0.000001
0.000001
0.000001
0.000001
0.000001
0.000001
0.000001
0.000001
0.000001
0.000001
0.000001
0.000001
0.000001
0.000001
0.000001
0.000001
0.000001
0.000001
0.000001
0.000001
0.000001
0.000001
0.000001
0.000001
0.000001
0.000001
0.000001
0.000001
0.000001
0.000001
0.000001
0.000001
0.000001
0.000001
0.000001
0.000001
0.000001
0.000001
0.000001
0.000001
0.000001
0.000001
0.000001
0.000001
0.000001
0.000001
0.000001
0.000001
0.000001
0.000000
0.000000
0.000000
0.000000
0.000000
0.000000
0.000000
0.000000
0.000000
0.000000
0.000000
0.000000
0.000000
0.000000
0.000000
0.000000
0.000000
0.000000
0.000000
0.000000
0.000000
0.000000
0.000000
0.000000
0.000000
0.000000
0.000000
0.000000
0.000000
0.000000
0.000000
0.000000
0.000000
0.000000
0.000000
0.000000
0.000000
0.000000
0.000000
0.000000
0.000000
0.000000
0.000000
0.000000
0.000000
0.000000
0.000000
0.000000
0.000000
0.000000
0.000000
0.000000
0.000000
0.000000
0.000000
0.000000
0.000000
0.000000
0.000000
0.000000
0.000000
0.000000
0.000000
0.000000
0.000000
0.000000
0.000000
0.000000
0.000000
0.000000
0.000000
0.000000
0.000000
0.000000
0.000000
0.000000
0.000000
0.000000
0.000000
0.000000
0.000000
0.000000
0.000000
0.000000
0.000000
0.000000
0.000000
0.000000
0.000000
0.000000
0.000000
0.000000
0.000000
0.000000
0.000000
0.000000
0.000000
0.000000
0.000000
0.000000
0.000000
0.000000
0.000000
0.000000
0.000000
0.000000
0.000000
0.000000
0.000000
0.000000
0.000000
0.000000
0.000000
0.000000
0.000000
0.000000
0.000000
0.000000
0.000000
0.000000
0.000000
0.000000
0.000000
0.000000
0.000000
0.000000
0.000000
0.000000
0.000000
0.000000
0.000000
0.000000
0.000000
0.000000
0.000000
0.000000
0.000000
0.000000
0.000000
0.000000
0.000000
0.000000
0.000000
0.000000
0.000000
0.000000
0.000000
0.000000
0.000000
0.000000
0.000000
0.000000
0.000000
0.000000
0.000000
0.000000
0.000000
0.000000
0.000000
0.000000
0.000000
0.000000
0.000000
0.000000
0.000000
0.000000
0.000000
0.000000
0.000000
0.000000
0.000000
0.000000
0.000000
0.000000
0.000000
0.000000
0.000000
0.000000
0.000000
0.000000
0.000000
0.000000
0.000000
0.000000
0.000000
0.000000
0.000000
0.000000
0.000000
0.000000
0.000000
0.000000
0.000000
0.000000
0.000000
0.000000
0.000000
0.000000
0.000000
0.000000
0.000000
0.000000
0.000000
0.000000
0.000000
0.000000
0.000000
0.000000
0.000000
0.000000
0.000000
0.000000
0.000000
0.000000
0.000000
0.000000
