1.934221
2.524826
2.629118
1.581493
0.686408
3.770503
4.190036
3.582976
3.355749
2.589206
3.261400
3.403849
3.250166
0.990958
2.109720
3.662942
2.993879
2.556570
1.177024
0.128421
0.518776
0.477580
3.528827
8.873200
4.736771
1.495648
3.040008
0.975286
2.048987
1.829744
8.568457
2.179395
1.000846
2.283668
0.805093
0.857314
1.105756
0.021654
0.354065
0.478619
4.248744
4.990721
0.683236
0.680672
1.088517
4.930746
4.278630
1.427052
8.367622
1.363924
3.254515
1.729603
1.768657
0.859210
1.193029
0.774495
1.047712
1.849056
6.775322
7.002921
1.183018
0.460181
1.353958
0.831339
0.931985
0.330205
2.090043
1.093157
0.712538
1.587663
0.881732
0.476846
4.222496
2.896068
2.346589
2.267025
2.170925
1.056600
2.044802
2.543714
2.493976
2.482455
2.389237
3.112273
2.468529
0.708162
0.345297
1.542125
1.509869
1.771753
4.999542
11.928889
9.356249
14.804070
6.291821
4.458162
5.171289
13.035599
7.038747
12.149043
7.226429
15.380548
5.159914
8.027836
7.892730
9.747081
9.883142
12.770679
2.383850
17.586914
9.764711
17.478693
7.328365
5.351382
12.853203
9.019465
9.630975
5.515712
3.878677
15.248903
5.592573
13.473620
3.695554
12.449936
7.609811
9.753040
1.608483
3.827063
5.755391
6.672054
2.477344
3.646118
5.924364
10.893097
4.977267
9.097989
8.326138
14.281989
9.722490
6.584399
9.592715
7.204006
9.887616
10.127546
0.000000
0.000000
0.000000
0.000000
0.000000
0.000000
0.000000
0.000000
0.000000
0.000000
0.000000
0.000000
0.000000
0.000000
0.000000
0.000000
0.000000
0.000000
0.000000
0.000000
0.000000
0.000000
0.000000
0.000000
0.000000
0.000000
0.000000
0.000000
0.000000
0.000000
0.000000
0.000000
0.000000
0.000000
0.000000
0.000000
0.000000
0.000000
0.000000
0.000000
0.000000
0.000000
0.000000
0.000000
0.000000
0.000000
0.000000
0.000000
0.000000
0.000000
0.000000
0.000000
0.000000
0.000000
0.000000
0.000000
0.000000
0.000000
0.000000
0.000000
0.000000
0.000000
0.000000
0.000000
0.000000
0.000000
0.000000
0.000000
0.000000
0.000000
0.000000
0.000000
0.000000
0.000000
0.000000
0.000000
0.000000
0.000000
0.000000
0.000000
0.000000
0.000000
0.000000
0.000000
0.000000
0.000000
0.000000
0.000000
0.000000
0.000000
0.000000
0.000000
0.000000
0.000000
0.000000
0.000000
0.000000
0.000000
0.000000
0.000000
0.000000
0.000000
0.000000
0.000000
0.000000
0.000000
0.000000
0.000000
0.000000
0.000000
0.000000
0.000000
0.000000
0.000000
0.000000
0.000000
0.000000
0.000000
0.000000
0.000000
0.000000
0.000000
0.000000
0.000000
0.000000
0.000000
0.000000
0.000000
0.000000
0.000000
0.000000
0.000000
0.000000
0.000000
0.000000
0.000000
0.000000
0.000000
0.000000
0.000000
0.000000
0.000000
0.000000
0.000000
0.112267
0.396621
0.288500
0.076304
0.805401
0.510152
0.160810
0.546048
0.347028
0.675908
0.400242
0.209719
0.105317
0.717184
2.150631
0.578290
0.676608
0.887330
0.100485
0.681881
2.306286
0.184104
0.141569
0.039431
0.768715
0.222452
0.299907
0.196217
0.716528
0.064878
0.000115
0.830322
0.756214
0.038564
0.558095
0.431224
1.968566
0.285316
2.379639
0.175364
0.029362
0.042666
0.987919
1.101174
0.661157
0.337352
0.619552
0.195302
0.000006
0.131254
0.824636
0.088399
0.000204
1.022981
0.933784
0.436878
0.434598
0.048228
0.000000
0.000000
0.031387
0.488078
0.127244
0.387712
0.554055
0.294120
0.087340
0.069727
0.454222
0.341808
0.196233
0.948762
0.000000
0.000000
0.000000
0.000000
0.000000
0.000000
0.000000
0.000000
0.000000
0.000000
0.000000
0.000000
0.000000
0.000000
0.000000
0.000000
0.000000
0.000000
0.000000
0.000000
0.000000
0.000000
0.000000
0.000000
0.000000
0.000000
0.000000
0.000000
0.000000
0.000000
0.000000
0.000000
0.000000
0.000000
0.000000
0.000000
0.000000
0.000000
0.000000
0.000000
0.000000
0.000000
0.000000
0.000000
0.000000
0.000000
0.000000
0.000000
0.000000
0.000000
0.000000
0.000000
0.000000
0.000000
0.000000
0.000000
0.000000
0.000000
0.000000
0.000000
0.000000
0.000000
0.000000
0.000000
0.000000
0.000000
0.000000
0.000000
0.000000
0.000000
0.000000
0.000000
0.214741
0.166289
0.167235
0.050584
0.130698
1.062188
0.537529
0.190726
0.317342
0.085306
0.210246
0.262648
0.710792
0.289509
0.161454
0.270779
0.061532
0.040905
0.047008
0.000000
0.001759
0.121912
0.713027
0.579942
0.051480
0.369468
0.024518
0.265044
0.074192
0.168143
0.840746
0.015130
0.069586
0.072638
0.005567
0.118258
0.069855
0.000000
0.007470
0.165457
0.821333
0.429596
0.008927
0.008985
0.001902
0.274700
0.037375
0.134223
0.643308
0.011453
0.069667
0.127842
0.070054
0.000279
0.480698
0.185088
0.439239
0.654341
0.917180
0.737664
0.121413
0.286569
0.449265
0.097147
0.338784
0.056204
0.202510
0.168928
0.162303
0.368086
0.036998
0.192642
1.119314
0.390655
0.334096
0.265988
1.743162
0.010701
0.027507
0.215081
0.094163
0.172633
0.273798
0.422372
0.224231
0.682022
0.006479
0.063695
0.022692
0.107261
0.989591
0.063205
4.744477
6.536933
0.948060
0.378590
0.365448
7.094148
1.030254
2.653048
1.979523
7.780991
0.565168
2.911928
0.398549
5.044049
0.207569
6.987079
0.964005
0.808987
4.337682
4.309980
1.653530
1.204863
3.753045
1.336271
5.299480
1.862818
0.603631
7.637361
0.583189
6.822248
0.038558
7.699357
0.150232
4.138403
1.252205
0.408120
2.067826
4.119212
0.378232
0.414105
0.266183
3.258635
0.800556
0.920384
3.955173
1.831854
3.203418
1.372030
1.401862
2.347635
1.094671
5.349736
0.002755
0.003987
0.058466
0.039435
0.048125
0.006908
0.000282
0.001474
0.001806
0.001336
0.003600
0.000849
0.000390
0.093800
0.006457
0.000570
0.000069
0.018148
0.084826
0.187883
0.522268
0.032790
0.028174
0.000000
0.165122
0.000000
0.525873
0.128104
0.429394
0.013873
0.000000
0.463157
0.688902
0.005758
0.370592
0.017483
0.246689
0.021720
0.333944
0.023687
0.003411
0.002277
1.002951
0.303288
0.520488
0.004122
0.329196
0.013141
0.000000
0.913038
0.764552
0.000000
0.460917
0.275296
0.121548
0.474554
0.231390
0.016250
0.000045
0.000000
0.793629
0.043427
0.347707
0.267697
0.176548
0.385875
0.066383
1.011765
0.280223
0.130113
0.390455
0.102216
0.772839
0.784029
0.775980
1.239710
0.643905
0.724269
1.183168
0.963724
1.089695
0.767408
0.940934
1.206699
1.451885
0.514990
0.280694
0.901819
0.978014
1.061909
0.578549
0.456852
0.831387
0.470869
0.733396
1.069531
0.828577
0.550257
0.507143
0.889027
0.870939
0.849823
1.494354
0.959586
0.590264
0.917178
0.314651
0.958813
0.761614
0.292760
1.988325
0.616958
0.832710
1.201008
0.589988
0.243903
0.474505
1.647886
0.853919
0.719981
1.285259
1.085694
0.672378
0.913408
0.525485
1.033082
0.404423
0.948418
0.900370
0.434686
0.403041
0.898327
0.534177
0.179140
0.652558
0.326250
0.661992
0.274497
0.411076
0.620979
0.162710
0.675325
0.442601
0.695706
0.000000
0.000000
0.000000
0.000000
0.000000
0.000000
0.000000
0.000000
0.000000
0.000000
0.000000
0.000000
0.000000
0.000000
0.000000
0.000000
0.000000
0.000000
0.000000
0.000000
0.000000
0.000000
0.000000
0.000000
0.000000
0.000000
0.000000
0.000000
0.000000
0.000000
0.000000
0.000000
0.000000
0.000000
0.000000
0.000000
0.000000
0.000000
0.000000
0.000000
0.000000
0.000000
0.000000
0.000000
0.000000
0.000000
0.000000
0.000000
0.000000
0.000000
0.000000
0.000000
0.000000
0.000000
0.000000
0.000000
0.000000
0.000000
0.000000
0.000000
0.000000
0.000000
0.000000
0.000000
0.000000
0.000000
0.000000
0.000000
0.000000
0.000000
0.000000
0.000000
0.800689
2.630630
1.441657
4.539887
1.714499
0.076615
0.215097
1.671312
1.014474
4.256521
0.662144
0.936642
0.256964
5.102723
7.424060
3.824363
14.198462
8.876696
0.567239
0.647808
0.020855
3.102385
0.615992
0.361824
1.813812
0.234010
0.119605
0.053542
0.322421
0.064151
0.041217
0.563441
0.234158
0.254823
1.199224
0.097502
0.720216
0.072411
0.067874
0.049947
0.139552
0.193114
0.194095
2.666946
0.015161
0.253789
0.448952
0.049663
0.012777
0.009230
0.007796
0.677768
0.089907
0.901861
0.519438
0.542857
0.266747
0.018496
0.001600
0.008590
0.763696
0.650845
0.048683
2.453021
0.001885
1.606357
1.768312
0.375296
1.148819
0.004860
2.650160
0.043326
0.578465
2.750408
1.777034
5.009567
2.472011
0.061802
0.029896
2.186564
0.433530
5.448908
0.786912
1.309251
0.053389
4.235318
10.091354
3.358228
16.237471
12.638361
0.197586
1.118781
0.274880
2.606501
1.268147
0.422723
1.624301
0.611880
0.220842
0.020723
0.471326
0.189163
0.005977
0.755843
0.072085
0.537539
0.905238
0.275814
0.751807
0.273199
0.380353
0.086479
0.131064
0.164350
0.308178
2.483473
0.323449
0.530193
1.020431
0.165840
0.006351
0.039173
0.033394
0.486624
0.150488
1.382921
0.292038
0.545122
0.372913
0.041057
0.000980
0.002827
0.175551
1.705766
0.000709
2.919768
0.013244
1.488796
3.493917
0.074280
2.558217
0.007796
2.603125
0.123214
1.055567
1.499739
1.398961
1.651631
0.962020
0.288144
0.732858
1.355607
1.297258
1.819405
1.203332
1.071657
0.506744
0.280733
0.485184
0.755917
1.304310
1.283483
1.891708
10.865144
5.896453
2.531982
1.338373
1.302602
6.033452
1.970551
6.610280
3.046518
4.045635
3.364354
1.101852
6.537276
5.543449
2.028589
8.395634
2.934250
2.781456
10.375258
5.880571
4.268399
1.297755
1.348483
8.863336
4.888100
5.516216
1.213735
3.995919
3.346725
1.278847
6.330770
5.062106
1.835555
3.658811
5.018394
0.292988
2.226223
1.780426
0.712675
0.478936
0.722279
2.923794
3.702770
1.783182
4.108709
2.520613
4.908518
2.217712
2.667901
4.659247
2.097996
4.128202
3.431491
0.393821
1.094144
1.228321
0.849296
0.347817
0.676200
1.391177
1.176076
1.744422
1.516914
1.120588
0.806287
0.897510
1.409277
1.126213
1.802815
2.605076
1.634210
0.718877
1.359884
2.345475
0.184751
0.550442
2.480521
7.896476
0.211455
6.806962
0.462556
2.618335
0.784571
2.242800
6.611786
1.873557
0.494375
2.519313
0.335134
2.840418
0.438003
1.868238
0.175724
0.660174
1.701492
4.344460
0.684719
3.457384
1.280677
4.725360
0.686647
2.075695
5.354884
5.778739
0.387125
1.527959
1.267655
1.092977
1.398126
0.906007
0.267161
0.833683
1.376501
1.607515
0.696759
1.330921
0.810588
1.130706
0.487205
0.594903
1.338156
1.283060
1.125435
0.685300
1.117850
0.000000
0.000000
0.000000
0.000000
0.000000
0.000000
0.000000
0.000000
0.000000
0.000000
0.000000
0.000000
0.000000
0.000000
0.000000
0.000000
0.000000
0.000000
0.000000
0.000000
0.000000
0.000000
0.000000
0.000000
0.000000
0.000000
0.000000
0.000000
0.000000
0.000000
0.000000
0.000000
0.000000
0.000000
0.000000
0.000000
0.000000
0.000000
0.000000
0.000000
0.000000
0.000000
0.000000
0.000000
0.000000
0.000000
0.000000
0.000000
0.000000
0.000000
0.000000
0.000000
0.000000
0.000000
0.000000
0.000000
0.000000
0.000000
0.000000
0.000000
0.000000
0.000000
0.000000
0.000000
0.000000
0.000000
0.000000
0.000000
0.000000
0.000000
0.000000
0.000000
0.000000
0.000000
0.000000
0.000000
0.000000
0.000000
0.000000
0.000000
0.000000
0.000000
0.000000
0.000000
0.000000
0.000000
0.000000
0.000000
0.000000
0.000000
0.000000
0.000000
0.000000
0.000000
0.000000
0.000000
0.000000
0.000000
0.000000
0.000000
0.000000
0.000000
0.000000
0.000000
0.000000
0.000000
0.000000
0.000000
0.000000
0.000000
0.000000
0.000000
0.000000
0.000000
0.000000
0.000000
0.000000
0.000000
0.000000
0.000000
0.000000
0.000000
0.000000
0.000000
0.000000
0.000000
0.000000
0.000000
0.000000
0.000000
0.000000
0.000000
0.000000
0.000000
0.000000
0.000000
0.000000
0.000000
0.000000
0.000000
0.000000
0.000000
0.000000
0.000000
3.040406
3.090390
3.104304
2.627580
1.467305
1.891281
2.066773
1.775988
2.738864
1.872104
2.502668
1.814050
1.690235
0.604433
0.390046
1.824659
1.061190
1.667766
3.712144
10.700727
7.689527
6.240069
5.290133
3.793439
6.070471
7.298845
7.862732
10.412311
7.788996
8.482037
4.448007
7.348965
11.214168
4.274737
11.253650
7.854141
2.532384
13.148787
7.483998
10.679790
6.240710
4.624689
11.389310
7.491107
7.110559
4.156657
4.392128
8.362797
4.708085
10.534908
6.778398
5.384856
7.630846
6.635520
0.642602
3.947294
4.677797
4.163939
2.981456
3.011858
6.534337
7.855316
5.235474
7.669746
6.988983
11.609877
6.641591
7.563242
8.790349
6.681238
8.507526
7.857244
0.000000
0.000000
0.000000
0.000000
0.000000
0.000000
0.000000
0.000000
0.000000
0.000000
0.000000
0.000000
0.000000
0.000000
0.000000
0.000000
0.000000
0.000000
0.000000
0.000000
0.000000
0.000000
0.000000
0.000000
0.000000
0.000000
0.000000
0.000000
0.000000
0.000000
0.000000
0.000000
0.000000
0.000000
0.000000
0.000000
0.000000
0.000000
0.000000
0.000000
0.000000
0.000000
0.000000
0.000000
0.000000
0.000000
0.000000
0.000000
0.000000
0.000000
0.000000
0.000000
0.000000
0.000000
0.000000
0.000000
0.000000
0.000000
0.000000
0.000000
0.000000
0.000000
0.000000
0.000000
0.000000
0.000000
0.000000
0.000000
0.000000
0.000000
0.000000
0.000000
0.000000
0.000000
0.000000
0.247724
0.198443
0.000000
0.000000
0.001248
0.010296
0.010764
0.012028
0.032396
0.033388
0.343504
0.222406
0.175616
0.545250
0.664822
0.000503
0.002727
0.000000
0.000127
0.000000
0.000000
0.000000
0.000000
0.000000
0.000000
0.000000
0.000000
0.000000
0.006493
0.000000
0.000000
0.007573
0.000000
0.000365
0.003357
0.000000
0.000000
0.000000
0.000000
0.000000
0.000001
0.000000
0.000000
0.000000
0.000000
0.000000
0.000000
0.000000
0.000000
0.000000
0.000000
0.000000
0.000000
0.000000
0.000000
0.000000
0.000000
0.000001
0.009119
0.000000
0.007060
0.000000
0.000000
0.000000
0.000000
0.014793
0.000000
0.001111
0.000266
0.000002
0.000002
0.000002
0.000002
0.000002
0.000002
0.000002
0.000002
0.000002
0.000002
0.000002
0.000002
0.000002
0.000002
0.000002
0.000002
0.000002
0.000002
0.000002
0.000002
0.000002
0.000002
0.000002
0.000002
0.000002
0.000002
0.000002
0.000002
0.000002
0.000002
0.000002
0.000002
0.000002
0.000002
0.000002
0.000002
0.000002
0.000002
0.000002
0.000002
0.000002
0.000002
0.000002
0.000002
0.000002
0.000002
0.000002
0.000002
0.000002
0.000002
0.000002
0.000002
0.000002
0.000002
0.000002
0.000002
0.000002
0.000002
0.000002
0.000002
0.000002
0.000002
0.000002
0.000002
0.000002
0.000002
0.000002
0.000002
0.000002
0.000002
0.000002
0.000002
0.979307
1.552107
1.291073
1.182316
0.893259
0.375634
0.182678
0.370671
0.546762
0.719055
0.631804
0.429246
0.492786
1.059967
0.558433
0.441109
0.619285
0.654201
0.587092
0.117339
0.074598
2.202122
1.556601
0.015140
0.022940
1.663257
0.087709
1.987224
0.561073
0.057020
0.021459
0.119698
0.904964
0.074355
1.056550
1.229687
0.245135
0.561240
0.068870
2.090725
1.400104
0.571139
0.470217
0.802302
0.065922
0.012910
0.000674
0.100433
0.044198
0.092204
0.005566
0.105537
1.287559
0.088455
0.508261
1.693920
2.373617
1.659253
0.891920
0.143704
1.586896
4.509030
1.249902
3.649595
1.788732
4.378135
4.039595
3.119980
5.474666
1.518053
3.761334
1.517386
0.052623
0.041108
0.025160
0.005582
0.091167
0.031319
0.004008
0.014933
0.022906
0.007209
0.021361
0.014529
0.018075
0.089695
0.011009
0.020275
0.001281
0.003129
0.379820
0.079461
0.102121
0.118694
0.112574
0.018164
0.009870
0.163158
0.028944
0.077775
0.169788
0.121063
0.019282
0.017214
0.109821
0.074343
0.014667
0.109124
0.112333
0.081819
0.107162
0.105997
0.119865
0.074025
0.018571
0.296788
0.125954
0.006034
0.008711
0.107296
0.010942
0.073684
0.003221
0.119815
0.017364
0.229344
0.177817
0.191653
0.100649
0.148764
0.010304
0.006007
0.190365
0.122363
0.127035
0.143072
0.093512
0.076847
0.090181
0.172106
0.070998
0.136504
0.147976
0.127371
0.040750
0.050086
0.073549
0.079647
0.062768
0.078675
0.040509
0.023805
0.013975
0.014669
0.011276
0.012492
0.016197
0.064929
0.057746
0.019327
0.034262
0.052513
0.076423
0.001729
0.027479
0.000028
0.000015
0.000031
0.001238
0.000000
0.013781
0.002122
0.016148
0.000000
0.000000
0.021689
0.004095
0.010671
0.000015
0.002013
0.069789
0.000029
0.035964
0.000001
0.000030
0.012193
0.036339
0.001767
0.018906
0.000392
0.015204
0.000000
0.000000
0.026537
0.012354
0.000000
0.013043
0.006300
0.170888
0.065453
0.033496
0.004161
0.024625
0.000046
0.090361
0.000109
0.072081
0.001270
0.032025
0.001677
0.000000
0.134128
0.000359
0.024254
0.005193
0.005030
0.148068
0.223225
0.214140
1.270179
0.918713
0.172379
0.143042
0.406531
0.267934
0.794530
0.301077
0.483026
0.313930
0.535552
0.527827
0.340626
0.955104
0.812708
0.238174
0.055662
0.577165
0.669919
0.048449
0.000887
0.008612
0.169200
0.061722
0.078865
0.373785
0.576465
0.004208
0.223607
0.114496
0.596011
0.033304
0.395389
0.063032
0.133295
0.501197
0.507094
0.142347
0.055217
0.143780
0.762767
0.529893
0.116602
0.087007
0.482153
0.000065
0.578365
0.000000
0.596043
0.011614
1.020206
0.093397
0.047151
0.157933
0.198368
0.000000
0.000613
0.229604
0.073214
0.064546
0.244019
0.113934
0.434042
0.330613
0.232437
0.051887
0.151528
0.444331
0.188065
0.000000
0.000000
0.000000
0.000000
0.000000
0.000000
0.000000
0.000000
0.000000
0.000000
0.000000
0.000000
0.000000
0.000000
0.000000
0.000000
0.000000
0.000000
0.000000
0.000000
0.000000
0.000000
0.000000
0.000000
0.000000
0.000000
0.000000
0.000000
0.000000
0.000000
0.000000
0.000000
0.000000
0.000000
0.000000
0.000000
0.000000
0.000000
0.000000
0.000000
0.000000
0.000000
0.000000
0.000000
0.000000
0.000000
0.000000
0.000000
0.000000
0.000000
0.000000
0.000000
0.000000
0.000000
0.000000
0.000000
0.000000
0.000000
0.000000
0.000000
0.000000
0.000000
0.000000
0.000000
0.000000
0.000000
0.000000
0.000000
0.000000
0.000000
0.000000
0.000000
0.000000
0.000000
0.000000
0.000000
0.000000
0.000000
0.000000
0.000000
0.000000
0.000000
0.000000
0.000000
0.000000
0.000000
0.000000
0.000000
0.000000
0.000000
0.000000
0.000000
0.000000
0.000000
0.000000
0.000000
0.000000
0.000000
0.000000
0.000000
0.000000
0.000000
0.000000
0.000000
0.000000
0.000000
0.000000
0.000000
0.000000
0.000000
0.000000
0.000000
0.000000
0.000000
0.000000
0.000000
0.000000
0.000000
0.000000
0.000000
0.000000
0.000000
0.000000
0.000000
0.000000
0.000000
0.000000
0.000000
0.000000
0.000000
0.000000
0.000000
0.000000
0.000000
0.000000
0.000000
0.000000
0.000000
0.000000
0.000000
0.000000
0.000000
0.000000
0.000000
0.000001
0.000001
0.000001
0.000001
0.000001
0.000001
0.000001
0.000001
0.000001
0.000001
0.000001
0.000001
0.000001
0.000001
0.000001
0.000001
0.000001
0.000001
0.000001
0.000001
0.000001
0.000001
0.000001
0.000001
0.000001
0.000001
0.000001
0.000001
0.000001
0.000001
0.000001
0.000001
0.000001
0.000001
0.000001
0.000001
0.000001
0.000001
0.000001
0.000001
0.000001
0.000001
0.000001
0.000001
0.000001
0.000001
0.000001
0.000001
0.000001
0.000001
0.000001
0.000001
0.000001
0.000001
0.000001
0.000001
0.000001
0.000001
0.000001
0.000001
0.000001
0.000001
0.000001
0.000001
0.000001
0.000001
0.000001
0.000001
0.000001
0.000001
0.000001
0.000001
102.015305
149.152695
161.039886
57.942970
27.612812
159.483353
152.898270
155.425659
156.178696
157.135132
170.986069
158.698318
141.314285
27.914015
52.357296
140.187561
116.435211
72.156113
75.531822
13.213239
46.374249
80.910522
270.263702
492.878998
256.140472
191.065994
174.457916
129.371613
199.079300
241.552811
525.706482
159.441055
101.822479
180.139862
63.862789
76.888100
40.768406
2.246113
22.076334
66.762291
303.288971
350.309357
57.993916
84.979866
99.038765
331.100220
249.747604
191.162552
500.695923
156.349060
212.667572
203.459656
135.263672
81.911224
37.562778
27.457932
58.094292
141.780090
305.402435
330.123688
91.743309
53.747627
85.627914
91.971397
84.524414
87.959305
244.816742
116.143166
64.993065
131.235596
99.575493
46.803257
0.000000
0.000000
0.000000
0.000000
0.000000
0.000000
0.000000
0.000000
0.000000
0.000000
0.000000
0.000000
0.000000
0.000000
0.000000
0.000000
0.000000
0.000000
0.000000
0.000000
0.000000
0.000000
0.000000
0.000000
0.000000
0.000000
0.000000
0.000000
0.000000
0.000000
0.000000
0.000000
0.000000
0.000000
0.000000
0.000000
0.000000
0.000000
0.000000
0.000000
0.000000
0.000000
0.000000
0.000000
0.000000
0.000000
0.000000
0.000000
0.000000
0.000000
0.000000
0.000000
0.000000
0.000000
0.000000
0.000000
0.000000
0.000000
0.000000
0.000000
0.000000
0.000000
0.000000
0.000000
0.000000
0.000000
0.000000
0.000000
0.000000
0.000000
0.000000
0.000000
0.212348
0.629808
0.561611
0.959561
0.564313
0.057128
0.119648
0.646702
0.171239
0.938226
0.260986
0.398938
0.088022
0.683939
1.504919
0.623628
2.712610
2.568598
0.251963
0.420964
0.060150
0.234914
0.617854
0.388386
0.948766
0.234781
0.486298
0.047866
0.244539
0.033270
0.197953
0.633459
0.088118
0.162274
0.488192
0.076143
0.149569
0.190322
0.119456
0.010831
0.112342
0.296594
0.216593
0.354148
0.280391
0.063746
0.746419
0.024868
0.209717
0.234470
0.264594
0.031507
0.459928
0.341253
0.146323
0.293612
0.354120
0.054424
0.046458
0.122921
0.220779
0.635191
0.142850
0.714001
0.148820
0.167502
0.810758
0.132340
0.759037
0.070248
0.359222
0.244293
0.309029
0.165966
0.204261
0.275760
0.318013
0.048803
0.055052
0.119591
0.136655
0.218141
0.142564
0.080789
0.109476
0.325373
0.084993
0.051307
0.076060
0.104578
0.572479
0.054783
0.005733
1.108427
0.196435
0.002411
0.046624
0.454390
0.048845
1.175246
0.080596
0.001982
0.000030
0.155176
0.256167
0.117632
0.247137
0.335694
0.056716
0.230961
0.003376
1.073830
0.147991
0.147350
0.366217
0.227021
0.012288
0.004880
0.002777
0.006474
0.000295
0.006232
0.000613
0.005634
0.846821
0.024274
0.293933
0.784989
0.638795
0.212536
0.145390
0.004053
1.400318
1.363494
0.652487
1.374245
0.678163
1.645440
0.837356
1.995910
1.803354
0.439612
1.438040
0.425645
0.652808
0.744882
0.696161
1.802384
2.791547
0.630591
0.598068
2.294871
0.613112
3.598694
1.318353
2.748358
1.213907
1.531315
4.970711
1.632964
5.296214
4.821697
0.232061
0.029273
0.308272
1.358717
0.791855
0.981847
0.060990
0.469178
0.170743
0.066534
0.608507
1.540198
0.451008
0.483182
0.108306
1.811397
0.034999
0.330126
0.088629
0.010663
0.386948
0.615101
0.938083
0.292066
0.055835
1.559361
1.102432
0.368809
0.637139
1.082014
0.304863
0.695586
0.021995
1.015167
0.127445
1.754743
0.484739
0.192971
0.477541
0.363172
0.046522
0.083756
0.164933
0.262776
0.037481
0.468690
0.045245
0.538937
1.966750
0.109052
0.247261
0.056839
0.902167
0.092787
0.000000
0.000000
0.000000
0.000000
0.000000
0.000000
0.000000
0.000000
0.000000
0.000000
0.000000
0.000000
0.000000
0.000000
0.000000
0.000000
0.000000
0.000000
0.000000
0.000000
0.000000
0.000000
0.000000
0.000000
0.000000
0.000000
0.000000
0.000000
0.000000
0.000000
0.000000
0.000000
0.000000
0.000000
0.000000
0.000000
0.000000
0.000000
0.000000
0.000000
0.000000
0.000000
0.000000
0.000000
0.000000
0.000000
0.000000
0.000000
0.000000
0.000000
0.000000
0.000000
0.000000
0.000000
0.000000
0.000000
0.000000
0.000000
0.000000
0.000000
0.000000
0.000000
0.000000
0.000000
0.000000
0.000000
0.000000
0.000000
0.000000
0.000000
0.000000
0.000000
0.312587
0.413881
0.554985
0.320596
0.693158
0.378999
0.080179
0.249828
0.131750
0.289044
0.393695
0.095275
0.029954
0.188299
0.678003
0.110535
0.125801
0.542969
1.191022
1.369266
4.136208
0.597380
0.649376
0.051309
0.544899
0.094311
1.555430
1.237083
2.613965
0.246244
0.023172
0.937221
2.269891
0.520507
0.948297
0.478015
2.379458
1.046090
3.388723
0.567748
0.401622
0.373508
2.613446
2.570698
2.941659
0.565915
1.821996
0.402302
0.028599
2.282933
3.146664
0.023995
1.981095
2.232915
2.226999
3.165143
2.679082
0.902908
1.379822
0.179379
3.911877
0.973610
2.448720
2.503002
2.104542
3.223918
1.323349
4.848235
2.923092
1.792549
2.643254
1.388814
0.000000
0.000000
0.000000
0.000000
0.000000
0.000000
0.000000
0.000000
0.000000
0.000000
0.000000
0.000000
0.000000
0.000000
0.000000
0.000000
0.000000
0.000000
0.000000
0.000000
0.000000
0.000000
0.000000
0.000000
0.000000
0.000000
0.000000
0.000000
0.000000
0.000000
0.000000
0.000000
0.000000
0.000000
0.000000
0.000000
0.000000
0.000000
0.000000
0.000000
0.000000
0.000000
0.000000
0.000000
0.000000
0.000000
0.000000
0.000000
0.000000
0.000000
0.000000
0.000000
0.000000
0.000000
0.000000
0.000000
0.000000
0.000000
0.000000
0.000000
0.000000
0.000000
0.000000
0.000000
0.000000
0.000000
0.000000
0.000000
0.000000
0.000000
0.000000
0.000000
0.000000
0.000000
0.000000
0.000000
0.000000
0.000000
0.000000
0.000000
0.000000
0.000000
0.000000
0.000000
0.000000
0.000000
0.000000
0.000000
0.000000
0.000000
0.000000
0.000000
0.000000
0.000000
0.000000
0.000000
0.000000
0.000000
0.000000
0.000000
0.000000
0.000000
0.000000
0.000000
0.000000
0.000000
0.000000
0.000000
0.000000
0.000000
0.000000
0.000000
0.000000
0.000000
0.000000
0.000000
0.000000
0.000000
0.000000
0.000000
0.000000
0.000000
0.000000
0.000000
0.000000
0.000000
0.000000
0.000000
0.000000
0.000000
0.000000
0.000000
0.000000
0.000000
0.000000
0.000000
0.000000
0.000000
0.000000
0.000000
0.000000
0.000000
0.000000
0.000000
0.000000
0.000000
0.000000
0.000000
0.000000
0.000000
0.000000
0.000000
0.000000
0.000000
0.000000
0.000000
0.000000
0.000000
0.000000
0.000000
0.000000
0.000000
0.000000
0.000000
0.000000
0.000000
0.000000
0.000000
0.000000
0.000000
0.000000
0.000000
0.000000
0.000000
0.000000
0.000000
0.000000
0.000000
0.000000
0.000000
0.000000
0.000000
0.000000
0.000000
0.000000
0.000000
0.000000
0.000000
0.000000
0.000000
0.000000
0.000000
0.000000
0.000000
0.000000
0.000000
0.000000
0.000000
0.000000
0.000000
0.000000
0.000000
0.000000
0.000000
0.000000
0.000000
0.000000
0.000000
0.000000
0.000000
0.000000
0.000000
0.000000
0.000000
0.000000
0.000000
0.000000
0.000000
0.000000
0.000000
0.000000
0.000000
0.000000
0.000000
0.000000
0.000000
0.000000
0.000000
0.000000
0.000000
0.000000
0.000000
0.000000
0.000000
0.000000
0.000000
0.000000
0.000000
0.000000
0.000000
0.000000
0.000000
0.000000
0.000000
0.000000
0.000000
0.000000
0.000000
0.000000
0.000000
0.000000
0.000000
0.000000
0.000000
0.000000
0.000000
0.000000
0.000000
0.000000
0.000000
0.000000
0.000000
0.000000
0.000000
0.000000
0.000000
0.000000
0.000000
0.000000
0.000000
0.000000
0.000000
0.000000
0.000000
0.000000
0.000000
0.000000
0.000000
0.000000
0.000000
0.000000
0.000000
0.000000
0.000000
0.000000
0.000000
0.000000
0.000000
0.000000
0.000000
0.000000
0.000000
0.000000
0.000000
0.000000
0.000000
0.000000
0.000000
0.000000
0.000000
0.000000
0.000000
0.000000
0.000000
0.000000
0.000000
0.000000
0.000000
0.000000
0.000000
0.000000
0.000000
0.000000
0.000000
0.000000
0.000000
0.000000
0.000000
0.000000
0.000000
0.000000
0.000000
0.000000
0.000000
0.000000
0.000000
0.000000
0.000000
0.000000
0.000000
0.000000
0.000000
0.000000
0.000000
0.000000
0.000000
0.000000
0.000000
0.000000
0.000000
0.000000
0.000000
0.000000
0.000000
0.000000
0.000000
0.000000
0.000000
0.000000
0.000000
0.000000
0.000000
0.000000
0.000000
0.000000
0.000000
0.000000
0.000000
0.000000
0.000000
0.054951
0.079169
0.071776
0.093149
0.170379
0.076663
0.001559
0.004050
0.007134
0.014975
0.003923
0.005224
0.003481
0.093641
0.010087
0.005652
0.021927
0.041136
0.148882
0.070688
0.025754
0.062686
0.112313
0.000043
0.001477
0.233414
0.000010
0.138665
0.042546
0.005540
0.000000
0.003418
0.121071
0.007471
0.096238
0.162446
0.007184
0.096437
0.033406
0.061228
0.133508
0.041757
0.016358
0.115941
0.001778
0.007466
0.004898
0.005381
0.000000
0.006584
0.000066
0.007557
0.033100
0.060206
0.008007
0.032617
0.114121
0.051419
0.001449
0.000000
0.055301
0.240647
0.063528
0.225140
0.115046
0.089430
0.192460
0.121248
0.250260
0.047945
0.146791
0.182277
0.442791
0.133420
0.100907
0.420697
0.722690
0.005322
0.021824
0.131596
0.035970
0.218874
0.098204
0.227688
0.142778
0.377120
0.188311
0.079887
0.316679
0.355119
0.638047
0.100944
1.873529
1.955745
0.246379
0.096553
0.048159
1.485119
0.203215
0.425450
0.895291
2.441915
0.129557
0.571657
0.142594
1.923120
0.007156
1.632736
0.310873
0.229237
1.708057
1.023952
0.392224
0.359411
0.766179
1.195882
1.582714
0.861910
0.306174
2.385088
0.097272
2.184682
0.013568
2.574099
0.064941
2.406490
0.676659
0.201173
0.574752
1.131728
0.006723
0.070921
0.417909
0.322375
0.460686
0.404754
0.810930
0.664855
0.673898
0.622219
0.067166
0.720160
0.554041
1.072941
0.000000
0.000000
0.000000
0.000000
0.000000
0.000000
0.000000
0.000000
0.000000
0.000000
0.000000
0.000000
0.000000
0.000000
0.000000
0.000000
0.000000
0.000000
0.000000
0.000000
0.000000
0.000000
0.000000
0.000000
0.000000
0.000000
0.000000
0.000000
0.000000
0.000000
0.000000
0.000000
0.000000
0.000000
0.000000
0.000000
0.000000
0.000000
0.000000
0.000000
0.000000
0.000000
0.000000
0.000000
0.000000
0.000000
0.000000
0.000000
0.000000
0.000000
0.000000
0.000000
0.000000
0.000000
0.000000
0.000000
0.000000
0.000000
0.000000
0.000000
0.000000
0.000000
0.000000
0.000000
0.000000
0.000000
0.000000
0.000000
0.000000
0.000000
0.000000
0.000000
0.066838
0.030918
0.041992
0.040254
0.065795
0.009940
0.007585
0.021409
0.008809
0.007811
0.017290
0.002824
0.003862
0.036798
0.040008
0.017836
0.002180
0.118368
0.473653
0.699691
0.976408
0.021573
0.023075
0.005852
0.461114
0.013091
0.625335
0.179056
0.760889
0.003752
0.000055
0.606392
0.352883
0.135286
0.282122
0.231600
0.567231
0.373937
1.470392
0.019080
0.006858
0.087775
0.765780
0.233415
0.800426
0.067832
0.757956
0.011407
0.000481
0.721800
0.795269
0.008677
0.368746
0.666975
0.104524
0.892983
0.699324
0.005188
0.022885
0.000917
0.614341
0.156301
0.464906
0.295767
0.638716
0.042622
0.003472
0.677055
0.230075
0.348364
0.210512
0.554292
0.265432
0.636064
0.720130
1.227752
0.809653
0.479485
0.490195
0.906735
0.616869
1.353623
0.616371
0.790496
0.432040
0.603455
1.239224
0.828749
1.706018
1.434770
0.172448
0.700037
0.483756
0.131388
0.254855
0.448170
1.339517
0.197956
1.117861
0.134677
0.524301
0.195630
0.306029
1.423710
0.483400
0.237287
0.812087
0.274200
0.548973
0.368988
0.463313
0.239457
0.277093
0.270530
0.804167
0.417118
0.608235
0.222004
1.022950
0.167112
0.287286
0.598132
0.825824
0.092167
0.237543
0.508181
0.165858
0.205737
0.286462
0.052633
0.096538
0.157697
0.164575
0.547992
0.108196
0.542517
0.279572
0.270753
0.494830
0.120359
0.826182
0.181146
0.398767
0.446091
0.000000
0.000000
0.000000
0.000000
0.000000
0.000000
0.000000
0.000000
0.000000
0.000000
0.000000
0.000000
0.000000
0.000000
0.000000
0.000000
0.000000
0.000000
0.000000
0.000000
0.000000
0.000000
0.000000
0.000000
0.000000
0.000000
0.000000
0.000000
0.000000
0.000000
0.000000
0.000000
0.000000
0.000000
0.000000
0.000000
0.000000
0.000000
0.000000
0.000000
0.000000
0.000000
0.000000
0.000000
0.000000
0.000000
0.000000
0.000000
0.000000
0.000000
0.000000
0.000000
0.000000
0.000000
0.000000
0.000000
0.000000
0.000000
0.000000
0.000000
0.000000
0.000000
0.000000
0.000000
0.000000
0.000000
0.000000
0.000000
0.000000
0.000000
0.000000
0.000000
0.000000
0.000000
0.000000
0.000000
0.000000
0.000000
0.000000
0.000000
0.000000
0.000000
0.000000
0.000000
0.000000
0.000000
0.000000
0.000000
0.000000
0.000000
0.000000
0.000000
0.000000
0.000000
0.000000
0.000000
0.000000
0.000000
0.000000
0.000000
0.000000
0.000000
0.000000
0.000000
0.000000
0.000000
0.000000
0.000000
0.000000
0.000000
0.000000
0.000000
0.000000
0.000000
0.000000
0.000000
0.000000
0.000000
0.000000
0.000000
0.000000
0.000000
0.000000
0.000000
0.000000
0.000000
0.000000
0.000000
0.000000
0.000000
0.000000
0.000000
0.000000
0.000000
0.000000
0.000000
0.000000
0.000000
0.000000
0.000000
0.000000
0.000000
0.000000
0.000000
0.031237
0.015913
0.008328
0.012220
0.021925
0.001401
0.002520
0.001241
0.006511
0.002088
0.004053
0.000845
0.000797
0.043609
0.002082
0.002850
0.000193
0.008111
0.071044
0.011294
0.051743
0.102763
0.053176
0.002606
0.031009
0.289210
0.002828
0.169893
0.039954
0.067232
0.000141
0.038039
0.063507
0.018756
0.027806
0.186717
0.029955
0.047915
0.062353
0.056969
0.077828
0.029045
0.057218
0.077236
0.022070
0.063843
0.000061
0.099429
0.000671
0.069645
0.000641
0.105065
0.017219
0.041602
0.028508
0.037553
0.078579
0.126928
0.017204
0.000816
0.058199
0.129781
0.093201
0.063144
0.190443
0.082089
0.097934
0.081072
0.093576
0.121534
0.057377
0.270461
0.114793
0.029123
0.018976
0.000529
0.237746
0.276904
0.002138
0.064674
0.004322
0.023584
0.035750
0.060175
0.008124
0.000596
0.164973
0.033122
0.008048
0.013566
0.059521
0.005287
0.072889
0.266612
0.417527
0.042706
0.000000
0.579606
0.000123
0.337119
0.013776
0.808015
0.021127
0.014238
0.044334
0.250815
0.000337
0.157733
0.019303
0.004567
0.140506
0.294552
0.254460
0.004139
0.001604
0.079244
0.003927
0.579156
0.001062
0.876926
0.011750
0.067344
0.107346
0.302537
0.000950
0.026389
0.195737
0.054586
0.086243
0.207091
0.045977
0.005115
0.008290
0.100946
0.033387
0.038080
0.033194
0.099145
0.084456
0.004949
0.123630
0.072182
0.023511
0.016250
0.000000
0.000000
0.000000
0.000000
0.000000
0.000000
0.000000
0.000000
0.000000
0.000000
0.000000
0.000000
0.000000
0.000000
0.000000
0.000000
0.000000
0.000000
0.000000
0.000000
0.000000
0.000000
0.000000
0.000000
0.000000
0.000000
0.000000
0.000000
0.000000
0.000000
0.000000
0.000000
0.000000
0.000000
0.000000
0.000000
0.000000
0.000000
0.000000
0.000000
0.000000
0.000000
0.000000
0.000000
0.000000
0.000000
0.000000
0.000000
0.000000
0.000000
0.000000
0.000000
0.000000
0.000000
0.000000
0.000000
0.000000
0.000000
0.000000
0.000000
0.000000
0.000000
0.000000
0.000000
0.000000
0.000000
0.000000
0.000000
0.000000
0.000000
0.000000
0.000000
0.050722
0.326247
0.229179
0.471361
0.128366
0.001311
0.075142
0.402094
0.372401
0.946123
0.299379
0.230461
0.076941
0.472429
0.710808
0.490658
1.452272
0.719627
0.058597
0.139619
0.143699
0.061385
0.018282
0.026606
1.050974
0.013823
0.529892
0.001729
0.089266
0.056967
0.000038
0.785821
0.139451
0.002293
0.254894
0.010127
0.391299
0.022376
0.113694
0.033442
0.011552
0.035378
0.373023
0.161748
0.144407
0.043856
0.304429
0.032239
0.000073
0.213521
0.176712
0.031335
0.000848
0.067394
0.159416
0.089569
0.022242
0.000389
0.000016
0.000002
0.032207
0.134186
0.009282
0.157950
0.022458
0.127145
0.261133
0.033108
0.253538
0.059595
0.193841
0.022345
0.000000
0.000000
0.000000
0.000000
0.000000
0.000000
0.000000
0.000000
0.000000
0.000000
0.000000
0.000000
0.000000
0.000000
0.000000
0.000000
0.000000
0.000000
0.000000
0.000000
0.000000
0.000000
0.000000
0.000000
0.000000
0.000000
0.000000
0.000000
0.000000
0.000000
0.000000
0.000000
0.000000
0.000000
0.000000
0.000000
0.000000
0.000000
0.000000
0.000000
0.000000
0.000000
0.000000
0.000000
0.000000
0.000000
0.000000
0.000000
0.000000
0.000000
0.000000
0.000000
0.000000
0.000000
0.000000
0.000000
0.000000
0.000000
0.000000
0.000000
0.000000
0.000000
0.000000
0.000000
0.000000
0.000000
0.000000
0.000000
0.000000
0.000000
0.000000
0.000000
0.112703
0.224261
0.219817
0.519084
0.183340
0.053145
0.001920
0.000893
0.011495
0.039535
0.014568
0.004164
0.012462
0.191597
0.016487
0.023053
0.104880
0.165674
0.091254
0.059014
0.175718
0.540609
0.072280
0.000015
0.012057
0.367094
0.000117
0.435202
0.043015
0.010099
0.000024
0.031930
0.203053
0.004386
0.267131
0.459669
0.120494
0.245771
0.265695
0.360114
0.140820
0.053808
0.217479
0.136152
0.014515
0.098899
0.000005
0.039126
0.000014
0.091100
0.004490
0.049295
0.148305
0.065139
0.074949
0.309316
0.540929
0.328400
0.052475
0.001229
0.087930
0.686829
0.131726
0.556277
0.607451
0.933309
0.840666
0.381502
0.956862
0.190783
0.468521
0.833136
1.062309
1.379516
1.293333
0.799653
0.368486
0.683708
0.960325
1.213901
1.279821
1.273876
1.214382
1.049039
0.757721
0.186132
0.294901
0.850151
0.822469
0.755435
1.409173
3.811952
2.680383
1.765209
2.030253
2.465255
3.950045
2.045057
3.710903
2.620037
3.096041
2.822150
2.449194
3.477740
3.334164
1.801718
3.812398
2.068204
1.349923
3.526194
2.674287
2.475397
2.067290
2.079287
3.803961
2.719249
2.705668
2.187862
2.898773
2.631643
2.527716
3.753850
3.470658
1.911831
2.597149
2.611392
0.283512
1.333812
1.402819
1.077180
1.336744
1.612894
2.036364
2.003344
1.579006
2.489393
1.905355
2.923225
2.179637
1.984209
2.458120
1.965948
2.578038
2.048668
0.000000
0.000000
0.000000
0.000000
0.000000
0.000000
0.000000
0.000000
0.000000
0.000000
0.000000
0.000000
0.000000
0.000000
0.000000
0.000000
0.000000
0.000000
0.000000
0.000000
0.000000
0.000000
0.000000
0.000000
0.000000
0.000000
0.000000
0.000000
0.000000
0.000000
0.000000
0.000000
0.000000
0.000000
0.000000
0.000000
0.000000
0.000000
0.000000
0.000000
0.000000
0.000000
0.000000
0.000000
0.000000
0.000000
0.000000
0.000000
0.000000
0.000000
0.000000
0.000000
0.000000
0.000000
0.000000
0.000000
0.000000
0.000000
0.000000
0.000000
0.000000
0.000000
0.000000
0.000000
0.000000
0.000000
0.000000
0.000000
0.000000
0.000000
0.000000
0.000000
0.076709
0.235901
0.097846
0.003602
0.430999
0.003920
0.000000
0.020127
0.000634
0.005075
0.000010
0.017936
0.000073
0.022522
0.011918
0.006984
0.000206
0.019175
1.151261
2.683784
2.866187
0.628013
0.016560
0.001290
0.461278
0.092328
1.770705
0.003134
0.145268
2.190423
0.000000
1.322194
0.343392
0.321120
0.242966
0.269948
5.322493
2.562536
4.423115
1.149960
0.008747
0.065834
2.065202
0.655630
3.793454
0.000000
0.070565
2.465215
0.000000
2.972077
0.685924
0.727466
0.009245
0.910783
4.022765
2.780977
0.431394
0.913704
0.000000
0.000000
0.197157
0.450221
0.221253
0.016509
0.304070
0.663963
0.068325
0.455566
0.259377
0.192629
0.111175
0.778443
0.000000
0.000000
0.000000
0.000000
0.000000
0.000000
0.000000
0.000000
0.000000
0.000000
0.000000
0.000000
0.000000
0.000000
0.000000
0.000000
0.000000
0.000000
0.000000
0.000000
0.000000
0.000000
0.000000
0.000000
0.000000
0.000000
0.000000
0.000000
0.000000
0.000000
0.000000
0.000000
0.000000
0.000000
0.000000
0.000000
0.000000
0.000000
0.000000
0.000000
0.000000
0.000000
0.000000
0.000000
0.000000
0.000000
0.000000
0.000000
0.000000
0.000000
0.000000
0.000000
0.000000
0.000000
0.000000
0.000000
0.000000
0.000000
0.000000
0.000000
0.000000
0.000000
0.000000
0.000000
0.000000
0.000000
0.000000
0.000000
0.000000
0.000000
0.000000
0.000000
0.000000
0.000000
0.000000
0.000000
0.000000
0.000000
0.000000
0.000000
0.000000
0.000000
0.000000
0.000000
0.000000
0.000000
0.000000
0.000000
0.000000
0.000000
0.000000
0.000000
0.000000
0.000000
0.000000
0.000000
0.000000
0.000000
0.000000
0.000000
0.000000
0.000000
0.000000
0.000000
0.000000
0.000000
0.000000
0.000000
0.000000
0.000000
0.000000
0.000000
0.000000
0.000000
0.000000
0.000000
0.000000
0.000000
0.000000
0.000000
0.000000
0.000000
0.000000
0.000000
0.000000
0.000000
0.000000
0.000000
0.000000
0.000000
0.000000
0.000000
0.000000
0.000000
0.000000
0.000000
0.000000
0.000000
0.000000
0.000000
0.000000
0.000000
0.000000
0.000000
0.000000
0.000000
0.000000
0.000000
0.000000
0.000000
0.000000
0.000000
0.000000
0.000000
0.000000
0.000000
0.000000
0.000000
0.000000
0.000000
0.000000
0.000000
0.000000
0.000000
0.000000
0.000000
0.000000
0.000000
0.000000
0.000000
0.000000
0.000000
0.000000
0.000000
0.000000
0.000000
0.000000
0.000000
0.000000
0.000000
0.000000
0.000000
0.000000
0.000000
0.000000
0.000000
0.000000
0.000000
0.000000
0.000000
0.000000
0.000000
0.000000
0.000000
0.000000
0.000000
0.000000
0.000000
0.000000
0.000000
0.000000
0.000000
0.000000
0.000000
0.000000
0.000000
0.000000
0.000000
0.000000
0.000000
0.000000
0.000000
0.000000
0.000000
0.000000
0.000000
0.000000
0.000000
0.000000
0.000000
0.000000
0.000000
0.000000
0.000000
0.000000
0.000000
0.000000
0.000000
0.000000
0.000000
0.000000
0.000000
0.000000
0.000000
0.000000
0.000000
0.000000
0.000000
0.000000
0.000000
0.000000
0.000000
0.000000
0.000000
0.000000
0.000000
0.000000
0.000000
0.000000
0.000000
0.000000
0.000000
0.000000
0.000000
0.000000
0.000000
0.000000
0.000000
0.000000
0.000000
0.000000
0.000000
0.000000
0.000000
0.000000
0.000000
0.000000
0.000000
0.000000
0.000000
0.000000
0.000000
0.000000
0.000000
0.000000
0.000000
0.000000
0.000000
0.000000
0.000000
0.000000
0.000000
0.000000
0.000000
0.000000
0.000000
0.000000
0.000000
0.000000
0.000000
0.000000
0.000000
0.000000
0.000000
0.000000
0.000000
0.000000
0.000000
0.000000
0.000000
0.000000
0.000000
0.000000
0.000000
0.000000
0.000000
0.000000
0.000000
0.000000
0.000000
0.000000
0.000000
0.000000
0.000000
0.000000
0.000000
0.000000
0.000000
0.000000
0.000000
0.000000
0.000000
0.000000
0.000000
0.000000
0.000000
0.000000
0.000000
0.000000
0.000000
0.000000
0.000000
0.000000
0.000000
0.000000
0.000000
0.000000
0.000000
0.000000
0.000000
0.000000
0.000000
0.000000
0.000000
0.000000
0.000000
0.000000
0.000000
0.000000
0.000000
0.000000
0.000000
0.000000
0.000000
0.000000
0.000000
0.000000
0.000000
0.000000
0.000000
0.000000
0.000000
0.000000
0.000000
0.000000
0.000000
0.000000
0.000000
0.000000
0.000000
0.000000
0.000000
0.000000
0.000000
0.000000
0.000000
0.000000
0.000000
0.000000
0.000000
0.000000
0.000000
0.000000
0.000000
0.000000
0.000000
0.000000
0.000000
0.000000
0.000000
0.000000
0.000000
0.000000
0.000000
0.000000
0.000000
0.000000
0.000000
0.000000
0.000000
0.000000
0.000000
0.000000
0.000000
0.000000
0.000000
0.000000
0.000000
0.000000
0.000000
0.000000
0.000000
0.000000
0.000000
0.000000
0.000000
0.000000
0.000000
0.000000
0.000000
0.000000
0.000000
0.000000
0.000000
0.000000
0.000000
0.000000
0.000000
0.000000
0.000000
0.000000
0.000000
0.000000
0.000000
0.000000
0.000000
0.000000
0.000000
0.000000
0.000000
0.000000
0.000000
0.000000
0.000000
0.000000
0.000000
0.000000
0.000000
0.000000
0.000000
0.000000
0.000000
0.000000
0.000000
0.000000
0.000000
0.000000
0.000000
0.000000
0.000000
0.000000
0.000000
0.000000
0.000000
0.000000
0.000000
0.000000
0.000000
0.000000
0.000000
0.000000
0.000000
0.000000
0.000000
0.000000
0.000000
0.000000
0.000000
0.000000
0.000000
0.000000
0.000000
0.000000
0.000000
0.000000
0.000000
0.000000
0.000000
0.000000
0.000000
0.000000
0.000000
0.000000
0.000000
0.000000
0.000000
0.000000
0.000000
0.000000
0.000000
0.000000
0.000000
0.000000
0.000000
0.000000
0.000000
0.000000
0.000000
0.000000
0.000000
0.000000
0.000000
0.000000
0.000000
0.000000
0.000000
0.000000
0.000000
0.000000
0.000000
0.000000
0.000000
0.000000
0.000000
0.000000
0.000000
0.000000
0.000000
0.000000
0.000000
0.000000
0.000000
0.000000
0.000000
0.000000
0.000000
0.000000
0.000000
0.000000
0.000000
0.000000
0.000000
0.000000
0.000000
0.000000
0.000000
0.000000
0.000000
0.000000
0.000000
0.000000
0.000000
0.000000
0.000000
0.000000
0.000000
0.000000
0.000000
0.000000
0.000000
0.000000
0.000000
0.000000
0.000000
0.000000
0.000000
0.000000
0.000000
0.000000
0.000000
0.000000
0.000000
0.000000
0.000000
0.000000
0.000000
