0.486286
0.555590
0.566948
0.439716
0.289687
0.678950
0.715727
0.661851
0.640521
0.562628
0.631452
0.645095
0.630364
0.348070
0.507868
0.669196
0.605000
0.559071
0.379342
0.125301
0.251842
0.241636
0.656831
1.041546
0.760991
0.427615
0.609643
0.345306
0.500505
0.472970
1.023504
0.516186
0.349802
0.528390
0.313734
0.323749
0.367678
0.051453
0.208056
0.241899
0.720723
0.781124
0.289017
0.288474
0.364801
0.776416
0.723254
0.417694
1.011438
0.408351
0.630785
0.459845
0.465008
0.324107
0.381913
0.307714
0.357898
0.475459
0.910130
0.925290
0.380307
0.237193
0.406856
0.318807
0.337554
0.200923
0.505494
0.365578
0.295150
0.440573
0.328327
0.241450
0.718494
0.595035
0.535620
0.526461
0.515182
0.359413
0.499993
0.557664
0.552185
0.550908
0.540466
0.616847
0.549361
0.294242
0.205464
0.434208
0.429643
0.465415
0.781814
1.207643
1.069521
1.345330
0.877055
0.738272
0.795129
1.262420
0.927654
1.218735
0.939940
1.371274
0.794254
0.990690
0.982318
1.091631
1.099223
1.249526
0.539856
1.466335
1.092617
1.461817
0.946546
0.808856
1.253557
1.050096
1.085109
0.821182
0.688621
1.365393
0.826883
1.283455
0.672169
1.233735
0.964551
1.091964
0.443452
0.684024
0.838834
0.903167
0.550341
0.667658
0.851058
1.154022
0.780071
1.054657
1.008928
1.321395
1.090253
0.897215
1.082952
0.938481
1.099472
1.112732
0.000000
0.000000
0.000000
0.000000
0.000000
0.000000
0.000000
0.000000
0.000000
0.000000
0.000000
0.000000
0.000000
0.000000
0.000000
0.000000
0.000000
0.000000
0.000000
0.000000
0.000000
0.000000
0.000000
0.000000
0.000000
0.000000
0.000000
0.000000
0.000000
0.000000
0.000000
0.000000
0.000000
0.000000
0.000000
0.000000
0.000000
0.000000
0.000000
0.000000
0.000000
0.000000
0.000000
0.000000
0.000000
0.000000
0.000000
0.000000
0.000000
0.000000
0.000000
0.000000
0.000000
0.000000
0.000000
0.000000
0.000000
0.000000
0.000000
0.000000
0.000000
0.000000
0.000000
0.000000
0.000000
0.000000
0.000000
0.000000
0.000000
0.000000
0.000000
0.000000
0.000000
0.000000
0.000000
0.000000
0.000000
0.000000
0.000000
0.000000
0.000000
0.000000
0.000000
0.000000
0.000000
0.000000
0.000000
0.000000
0.000000
0.000000
0.000000
0.000000
0.000000
0.000000
0.000000
0.000000
0.000000
0.000000
0.000000
0.000000
0.000000
0.000000
0.000000
0.000000
0.000000
0.000000
0.000000
0.000000
0.000000
0.000000
0.000000
0.000000
0.000000
0.000000
0.000000
0.000000
0.000000
0.000000
0.000000
0.000000
0.000000
0.000000
0.000000
0.000000
0.000000
0.000000
0.000000
0.000000
0.000000
0.000000
0.000000
0.000000
0.000000
0.000000
0.000000
0.000000
0.000000
0.000000
0.000000
0.000000
0.000000
0.000000
0.000000
0.000000
0.117156
0.220205
0.187807
0.096585
0.313794
0.249740
0.140215
0.258377
0.205978
0.287463
0.221208
0.160124
0.113472
0.296110
0.512769
0.265896
0.287612
0.329368
0.110838
0.288730
0.531001
0.150027
0.131559
0.069432
0.306564
0.164914
0.191484
0.154884
0.295975
0.089061
0.003742
0.318612
0.304061
0.068664
0.261212
0.229610
0.490584
0.186767
0.539379
0.146423
0.059914
0.072223
0.347535
0.366916
0.284309
0.203086
0.275218
0.154522
0.000890
0.126676
0.317519
0.103959
0.004994
0.353649
0.337879
0.231110
0.230506
0.076787
0.000000
0.000000
0.061946
0.244277
0.124726
0.217717
0.260265
0.189627
0.103334
0.092329
0.235653
0.204423
0.154890
0.340578
0.000000
0.000000
0.000000
0.000000
0.000000
0.000000
0.000000
0.000000
0.000000
0.000000
0.000000
0.000000
0.000000
0.000000
0.000000
0.000000
0.000000
0.000000
0.000000
0.000000
0.000000
0.000000
0.000000
0.000000
0.000000
0.000000
0.000000
0.000000
0.000000
0.000000
0.000000
0.000000
0.000000
0.000000
0.000000
0.000000
0.000000
0.000000
0.000000
0.000000
0.000000
0.000000
0.000000
0.000000
0.000000
0.000000
0.000000
0.000000
0.000000
0.000000
0.000000
0.000000
0.000000
0.000000
0.000000
0.000000
0.000000
0.000000
0.000000
0.000000
0.000000
0.000000
0.000000
0.000000
0.000000
0.000000
0.000000
0.000000
0.000000
0.000000
0.000000
0.000000
0.162030
0.142584
0.142989
0.078640
0.126407
0.360362
0.256354
0.152702
0.196971
0.102124
0.160325
0.179195
0.294788
0.188135
0.140496
0.181947
0.086734
0.070717
0.075810
0.000000
0.014665
0.122085
0.295251
0.266275
0.079333
0.212533
0.054750
0.180010
0.095240
0.143376
0.320605
0.043008
0.092236
0.094237
0.026089
0.120241
0.092414
0.000000
0.030220
0.142227
0.316882
0.229176
0.033036
0.033143
0.015248
0.183260
0.067597
0.128101
0.280445
0.037420
0.092289
0.125019
0.092545
0.005844
0.242423
0.150428
0.231733
0.282840
0.334862
0.300309
0.121835
0.187177
0.234363
0.108981
0.203517
0.082894
0.157348
0.143711
0.140865
0.212135
0.067256
0.153466
0.369926
0.218542
0.202104
0.180331
0.461644
0.036171
0.057991
0.162159
0.107295
0.145278
0.182959
0.227241
0.165572
0.288760
0.028144
0.088245
0.052672
0.114514
0.347829
0.087905
0.761610
0.893975
0.340452
0.215141
0.211374
0.931298
0.354904
0.569523
0.491947
0.975340
0.262862
0.596662
0.220739
0.785286
0.159301
0.924243
0.343303
0.314492
0.728228
0.725899
0.449619
0.383802
0.677377
0.404190
0.804924
0.477225
0.271659
0.966296
0.267020
0.913276
0.068659
0.970210
0.135525
0.711303
0.391270
0.223374
0.502800
0.709652
0.215039
0.225006
0.180397
0.631184
0.312849
0.335446
0.695378
0.473243
0.625814
0.409563
0.413991
0.535739
0.365831
0.808732
0.018354
0.022077
0.084545
0.069435
0.076705
0.029061
0.005870
0.013424
0.014861
0.012780
0.020979
0.010185
0.006905
0.107088
0.028096
0.008351
0.002907
0.047103
0.101836
0.151559
0.252688
0.063315
0.058690
0.000000
0.142083
0.000000
0.253559
0.125147
0.229122
0.041184
0.000000
0.237959
0.290213
0.026533
0.212856
0.046233
0.173665
0.051531
0.202058
0.053813
0.020420
0.016686
0.350169
0.192560
0.252257
0.022449
0.200616
0.040082
0.000000
0.334105
0.305733
0.000000
0.237383
0.183459
0.121902
0.240869
0.168194
0.044572
0.002348
0.000000
0.311492
0.072865
0.206179
0.180909
0.146916
0.217201
0.090088
0.351705
0.185093
0.126125
0.218486
0.111789
0.307385
0.309602
0.308009
0.389313
0.280575
0.297569
0.380331
0.343253
0.364998
0.306303
0.339170
0.384094
0.421313
0.250921
0.185249
0.332046
0.345789
0.360315
0.265955
0.236334
0.318816
0.239932
0.299439
0.361606
0.318277
0.259371
0.249002
0.329683
0.326311
0.322331
0.427430
0.342516
0.268634
0.334861
0.196134
0.342378
0.305145
0.189188
0.493040
0.274642
0.319069
0.383188
0.268572
0.172682
0.240857
0.448851
0.323107
0.296687
0.396400
0.364328
0.286712
0.334172
0.253465
0.355391
0.222360
0.340517
0.331779
0.230529
0.221980
0.331402
0.255553
0.147991
0.282454
0.199717
0.284489
0.183192
0.224181
0.275535
0.141041
0.287339
0.232619
0.291643
0.000000
0.000000
0.000000
0.000000
0.000000
0.000000
0.000000
0.000000
0.000000
0.000000
0.000000
0.000000
0.000000
0.000000
0.000000
0.000000
0.000000
0.000000
0.000000
0.000000
0.000000
0.000000
0.000000
0.000000
0.000000
0.000000
0.000000
0.000000
0.000000
0.000000
0.000000
0.000000
0.000000
0.000000
0.000000
0.000000
0.000000
0.000000
0.000000
0.000000
0.000000
0.000000
0.000000
0.000000
0.000000
0.000000
0.000000
0.000000
0.000000
0.000000
0.000000
0.000000
0.000000
0.000000
0.000000
0.000000
0.000000
0.000000
0.000000
0.000000
0.000000
0.000000
0.000000
0.000000
0.000000
0.000000
0.000000
0.000000
0.000000
0.000000
0.000000
0.000000
0.312875
0.567111
0.419826
0.745008
0.457833
0.096782
0.162165
0.452030
0.352175
0.721383
0.284521
0.338396
0.177245
0.789840
0.952707
0.683783
1.317526
1.041751
0.263343
0.281424
0.050495
0.615866
0.274426
0.210323
0.470906
0.169144
0.120924
0.080907
0.198541
0.088561
0.070986
0.262460
0.169197
0.176505
0.382903
0.109180
0.296736
0.094090
0.091094
0.078144
0.130619
0.153654
0.154044
0.571012
0.043052
0.176147
0.234282
0.077921
0.039524
0.033593
0.030873
0.287858
0.104842
0.332054
0.252003
0.257621
0.180588
0.047553
0.013988
0.032406
0.305561
0.282083
0.077149
0.547632
0.015180
0.443159
0.464962
0.214203
0.374769
0.024375
0.569213
0.072780
0.265936
0.579878
0.466108
0.782598
0.549748
0.086924
0.060457
0.517035
0.230223
0.816193
0.310171
0.400083
0.080791
0.719584
1.110742
0.640757
1.408957
1.243036
0.155423
0.369837
0.183320
0.564504
0.393752
0.227335
0.445627
0.273509
0.164316
0.050334
0.240049
0.152074
0.027032
0.303986
0.093878
0.256356
0.332675
0.183631
0.303174
0.182759
0.215641
0.102824
0.126584
0.141750
0.194106
0.551021
0.198857
0.254598
0.353208
0.142391
0.027866
0.069204
0.063896
0.243913
0.135641
0.411185
0.188955
0.258158
0.213522
0.070849
0.010946
0.018592
0.146501
0.456665
0.009313
0.597465
0.040240
0.426634
0.653574
0.095296
0.559251
0.030873
0.564139
0.122735
0.359237
0.428200
0.413563
0.449361
0.342950
0.187691
0.299329
0.407104
0.398246
0.471632
0.383558
0.361965
0.248905
0.185262
0.243552
0.304001
0.399327
0.396126
0.480912
1.152540
0.849051
0.556376
0.404508
0.399066
0.858858
0.490831
0.898976
0.610296
0.703286
0.641341
0.367029
0.893999
0.823244
0.498007
1.013130
0.598945
0.583142
1.126258
0.847907
0.722389
0.398322
0.406033
1.040967
0.773052
0.821219
0.385213
0.698951
0.639659
0.395410
0.879765
0.786691
0.473720
0.668819
0.783287
0.189262
0.521702
0.466552
0.295178
0.241979
0.297160
0.597877
0.672824
0.466913
0.708747
0.555126
0.774664
0.520704
0.571115
0.754738
0.506455
0.710426
0.647709
0.219426
0.365743
0.387520
0.322231
0.206212
0.287525
0.412410
0.379189
0.461811
0.430644
0.370136
0.313967
0.331252
0.415085
0.371064
0.469477
0.564350
0.446984
0.296460
0.407746
0.535493
0.150291
0.259415
0.550693
0.982551
0.160786
0.912252
0.237805
0.565784
0.309709
0.523641
0.899079
0.478599
0.245848
0.554983
0.202417
0.589291
0.231407
0.477919
0.146573
0.284098
0.456093
0.728797
0.289331
0.650148
0.395693
0.760074
0.289738
0.503756
0.809121
0.840533
0.217553
0.432209
0.393676
0.365548
0.413439
0.332816
0.180728
0.319256
0.410229
0.443319
0.291863
0.403380
0.314803
0.371803
0.244059
0.269688
0.404475
0.396061
0.370936
0.289454
0.369684
0.000000
0.000000
0.000000
0.000000
0.000000
0.000000
0.000000
0.000000
0.000000
0.000000
0.000000
0.000000
0.000000
0.000000
0.000000
0.000000
0.000000
0.000000
0.000000
0.000000
0.000000
0.000000
0.000000
0.000000
0.000000
0.000000
0.000000
0.000000
0.000000
0.000000
0.000000
0.000000
0.000000
0.000000
0.000000
0.000000
0.000000
0.000000
0.000000
0.000000
0.000000
0.000000
0.000000
0.000000
0.000000
0.000000
0.000000
0.000000
0.000000
0.000000
0.000000
0.000000
0.000000
0.000000
0.000000
0.000000
0.000000
0.000000
0.000000
0.000000
0.000000
0.000000
0.000000
0.000000
0.000000
0.000000
0.000000
0.000000
0.000000
0.000000
0.000000
0.000000
0.000000
0.000000
0.000000
0.000000
0.000000
0.000000
0.000000
0.000000
0.000000
0.000000
0.000000
0.000000
0.000000
0.000000
0.000000
0.000000
0.000000
0.000000
0.000000
0.000000
0.000000
0.000000
0.000000
0.000000
0.000000
0.000000
0.000000
0.000000
0.000000
0.000000
0.000000
0.000000
0.000000
0.000000
0.000000
0.000000
0.000000
0.000000
0.000000
0.000000
0.000000
0.000000
0.000000
0.000000
0.000000
0.000000
0.000000
0.000000
0.000000
0.000000
0.000000
0.000000
0.000000
0.000000
0.000000
0.000000
0.000000
0.000000
0.000000
0.000000
0.000000
0.000000
0.000000
0.000000
0.000000
0.000000
0.000000
0.000000
0.000000
0.000000
0.000000
0.000000
0.609683
0.614674
0.616056
0.566782
0.423544
0.480858
0.502672
0.465971
0.578660
0.478413
0.553146
0.470937
0.454582
0.271839
0.218372
0.472312
0.360193
0.451550
0.673676
1.143787
0.969590
0.873440
0.804214
0.681012
0.861489
0.944638
0.980449
1.128267
0.975841
1.018330
0.737431
0.947876
1.170906
0.722925
1.172965
0.979914
0.556421
1.267889
0.956545
1.142667
0.873485
0.751934
1.180014
0.956999
0.932374
0.712870
0.732784
1.011147
0.758683
1.134890
0.910336
0.811382
0.965883
0.900691
0.280291
0.694685
0.756239
0.713494
0.603744
0.606814
0.893798
0.979987
0.800049
0.968342
0.924369
1.191385
0.901103
0.961595
1.036672
0.903789
1.019859
0.980107
0.000000
0.000000
0.000000
0.000000
0.000000
0.000000
0.000000
0.000000
0.000000
0.000000
0.000000
0.000000
0.000000
0.000000
0.000000
0.000000
0.000000
0.000000
0.000000
0.000000
0.000000
0.000000
0.000000
0.000000
0.000000
0.000000
0.000000
0.000000
0.000000
0.000000
0.000000
0.000000
0.000000
0.000000
0.000000
0.000000
0.000000
0.000000
0.000000
0.000000
0.000000
0.000000
0.000000
0.000000
0.000000
0.000000
0.000000
0.000000
0.000000
0.000000
0.000000
0.000000
0.000000
0.000000
0.000000
0.000000
0.000000
0.000000
0.000000
0.000000
0.000000
0.000000
0.000000
0.000000
0.000000
0.000000
0.000000
0.000000
0.000000
0.000000
0.000000
0.000000
0.000000
0.000000
0.000000
0.174029
0.155760
0.000000
0.000000
0.012354
0.035479
0.036276
0.038348
0.062934
0.063890
0.204929
0.164896
0.146528
0.258188
0.285096
0.007840
0.018258
0.000000
0.003939
0.000000
0.000000
0.000000
0.000000
0.000000
0.000000
0.000000
0.000000
0.000000
0.028176
0.000000
0.000000
0.030428
0.000000
0.006681
0.020258
0.000000
0.000000
0.000000
0.000000
0.000000
0.000355
0.000000
0.000000
0.000000
0.000000
0.000000
0.000000
0.000000
0.000000
0.000000
0.000000
0.000000
0.000000
0.000000
0.000000
0.000000
0.000000
0.000421
0.033390
0.000000
0.029380
0.000000
0.000000
0.000000
0.000000
0.042528
0.000000
0.011653
0.005702
0.000498
0.000498
0.000498
0.000498
0.000498
0.000498
0.000498
0.000498
0.000498
0.000498
0.000498
0.000498
0.000498
0.000498
0.000498
0.000498
0.000498
0.000498
0.000498
0.000498
0.000498
0.000498
0.000498
0.000498
0.000498
0.000498
0.000498
0.000498
0.000498
0.000498
0.000498
0.000498
0.000498
0.000498
0.000498
0.000498
0.000498
0.000498
0.000498
0.000498
0.000498
0.000498
0.000498
0.000498
0.000498
0.000498
0.000498
0.000498
0.000498
0.000498
0.000498
0.000498
0.000498
0.000498
0.000498
0.000498
0.000498
0.000498
0.000498
0.000498
0.000498
0.000498
0.000498
0.000498
0.000498
0.000498
0.000498
0.000498
0.000498
0.000498
0.000498
0.000498
0.346017
0.435611
0.397296
0.380194
0.330466
0.214299
0.149445
0.212879
0.258546
0.296496
0.277926
0.229082
0.245453
0.359985
0.261291
0.232226
0.275159
0.282810
0.267912
0.119773
0.095500
0.518871
0.436242
0.043023
0.052958
0.450939
0.103552
0.492903
0.261908
0.083493
0.051221
0.120971
0.332624
0.095344
0.359404
0.387736
0.173118
0.261947
0.091760
0.505576
0.413731
0.264246
0.239766
0.313190
0.089774
0.039728
0.009081
0.110810
0.073509
0.106173
0.026085
0.113590
0.396755
0.103992
0.249277
0.455077
0.538696
0.450396
0.330218
0.132548
0.440466
0.742472
0.390910
0.667976
0.467639
0.731616
0.702760
0.617610
0.818120
0.430806
0.678124
0.430711
0.080209
0.070892
0.055461
0.026124
0.105574
0.061879
0.022136
0.042729
0.052920
0.029688
0.051103
0.042146
0.047008
0.104718
0.036687
0.049788
0.012514
0.019557
0.215490
0.098563
0.111737
0.120463
0.117316
0.047124
0.034738
0.141235
0.059487
0.097512
0.144076
0.121659
0.048553
0.045875
0.115873
0.095337
0.042345
0.115504
0.117190
0.100015
0.114461
0.113837
0.121055
0.095132
0.047649
0.190485
0.124092
0.027161
0.032633
0.114533
0.036575
0.094913
0.019843
0.121030
0.046075
0.167449
0.147443
0.153072
0.110929
0.134861
0.035493
0.027099
0.152557
0.122311
0.124624
0.132256
0.106923
0.096929
0.105002
0.145056
0.093167
0.129184
0.134504
0.124788
0.070583
0.078252
0.094826
0.098679
0.087600
0.098075
0.070374
0.053948
0.041335
0.042348
0.037128
0.039080
0.044500
0.089096
0.084023
0.048610
0.064721
0.080126
0.096661
0.014537
0.057962
0.001851
0.001353
0.001937
0.012301
0.000000
0.041046
0.016106
0.044432
0.000000
0.000000
0.051494
0.022374
0.036119
0.001333
0.015688
0.092370
0.001874
0.066309
0.000280
0.001900
0.038610
0.066654
0.014698
0.048077
0.006920
0.043114
0.000000
0.000000
0.056959
0.038863
0.000000
0.039933
0.027754
0.144542
0.089455
0.063994
0.022554
0.054869
0.002374
0.105106
0.003648
0.093875
0.012461
0.062573
0.014320
0.000000
0.128056
0.006622
0.054454
0.025196
0.024797
0.134545
0.165200
0.161803
0.394068
0.335142
0.145171
0.132242
0.222938
0.180989
0.311669
0.191857
0.243010
0.195909
0.255882
0.254030
0.204069
0.341715
0.315214
0.170642
0.082493
0.265637
0.286187
0.076963
0.010413
0.032448
0.143827
0.086868
0.098193
0.213771
0.265476
0.022683
0.165341
0.118313
0.269939
0.063809
0.219862
0.087784
0.127657
0.247538
0.248990
0.131921
0.082163
0.132583
0.305376
0.254526
0.119396
0.103137
0.242790
0.002811
0.265913
0.000000
0.269946
0.037681
0.353169
0.106858
0.075925
0.138955
0.155731
0.000000
0.008656
0.167544
0.094610
0.088833
0.172723
0.118022
0.230359
0.201047
0.168574
0.079647
0.136109
0.233073
0.151633
0.000000
0.000000
0.000000
0.000000
0.000000
0.000000
0.000000
0.000000
0.000000
0.000000
0.000000
0.000000
0.000000
0.000000
0.000000
0.000000
0.000000
0.000000
0.000000
0.000000
0.000000
0.000000
0.000000
0.000000
0.000000
0.000000
0.000000
0.000000
0.000000
0.000000
0.000000
0.000000
0.000000
0.000000
0.000000
0.000000
0.000000
0.000000
0.000000
0.000000
0.000000
0.000000
0.000000
0.000000
0.000000
0.000000
0.000000
0.000000
0.000000
0.000000
0.000000
0.000000
0.000000
0.000000
0.000000
0.000000
0.000000
0.000000
0.000000
0.000000
0.000000
0.000000
0.000000
0.000000
0.000000
0.000000
0.000000
0.000000
0.000000
0.000000
0.000000
0.000000
0.000000
0.000000
0.000000
0.000000
0.000000
0.000000
0.000000
0.000000
0.000000
0.000000
0.000000
0.000000
0.000000
0.000000
0.000000
0.000000
0.000000
0.000000
0.000000
0.000000
0.000000
0.000000
0.000000
0.000000
0.000000
0.000000
0.000000
0.000000
0.000000
0.000000
0.000000
0.000000
0.000000
0.000000
0.000000
0.000000
0.000000
0.000000
0.000000
0.000000
0.000000
0.000000
0.000000
0.000000
0.000000
0.000000
0.000000
0.000000
0.000000
0.000000
0.000000
0.000000
0.000000
0.000000
0.000000
0.000000
0.000000
0.000000
0.000000
0.000000
0.000000
0.000000
0.000000
0.000000
0.000000
0.000000
0.000000
0.000000
0.000000
0.000000
0.000000
0.000000
0.000388
0.000388
0.000388
0.000388
0.000388
0.000388
0.000388
0.000388
0.000388
0.000388
0.000388
0.000388
0.000388
0.000388
0.000388
0.000388
0.000388
0.000388
0.000388
0.000388
0.000388
0.000388
0.000388
0.000388
0.000388
0.000388
0.000388
0.000388
0.000388
0.000388
0.000388
0.000388
0.000388
0.000388
0.000388
0.000388
0.000388
0.000388
0.000388
0.000388
0.000388
0.000388
0.000388
0.000388
0.000388
0.000388
0.000388
0.000388
0.000388
0.000388
0.000388
0.000388
0.000388
0.000388
0.000388
0.000388
0.000388
0.000388
0.000388
0.000388
0.000388
0.000388
0.000388
0.000388
0.000388
0.000388
0.000388
0.000388
0.000388
0.000388
0.000388
0.000388
3.531596
4.270257
4.437160
2.661576
1.837358
4.415665
4.323542
4.359129
4.369677
4.383036
4.572132
4.404784
4.156535
1.847352
2.530038
4.139932
3.772946
2.970127
3.038809
1.270993
2.381096
3.145147
5.748205
7.762624
5.595997
4.833148
4.618317
3.977021
4.933458
5.434310
8.016966
4.415079
3.528257
4.692922
2.794231
3.065970
2.232545
0.524028
1.642865
2.856959
6.089291
6.544316
2.662745
3.223268
3.479694
6.362359
5.525723
4.834369
7.823938
4.372059
5.099047
4.987439
4.066577
3.164536
2.142976
1.832198
2.665049
4.163380
6.110470
6.352969
3.349081
2.563410
3.235535
3.353241
3.214619
3.279286
5.470902
3.768211
2.818850
4.005569
3.489110
2.392084
0.000103
0.000103
0.000103
0.000103
0.000103
0.000103
0.000103
0.000103
0.000103
0.000103
0.000103
0.000103
0.000103
0.000103
0.000103
0.000103
0.000103
0.000103
0.000103
0.000103
0.000103
0.000103
0.000103
0.000103
0.000103
0.000103
0.000103
0.000103
0.000103
0.000103
0.000103
0.000103
0.000103
0.000103
0.000103
0.000103
0.000103
0.000103
0.000103
0.000103
0.000103
0.000103
0.000103
0.000103
0.000103
0.000103
0.000103
0.000103
0.000103
0.000103
0.000103
0.000103
0.000103
0.000103
0.000103
0.000103
0.000103
0.000103
0.000103
0.000103
0.000103
0.000103
0.000103
0.000103
0.000103
0.000103
0.000103
0.000103
0.000103
0.000103
0.000103
0.000103
0.161125
0.277487
0.262033
0.342511
0.262663
0.083572
0.120946
0.281184
0.144690
0.338682
0.178627
0.220847
0.103737
0.289166
0.428938
0.276122
0.575880
0.560385
0.175512
0.226862
0.085754
0.169470
0.274841
0.217907
0.340579
0.169422
0.243831
0.076499
0.172907
0.063777
0.155568
0.278290
0.103794
0.140852
0.244306
0.096483
0.135226
0.152540
0.120849
0.036389
0.117195
0.190423
0.162727
0.208080
0.185149
0.088280
0.302085
0.055139
0.160123
0.169310
0.179857
0.062065
0.237128
0.204257
0.133750
0.189463
0.208072
0.081571
0.075365
0.122589
0.164292
0.278670
0.132153
0.295453
0.134887
0.143103
0.314836
0.127199
0.304628
0.092673
0.209566
0.172820
0.194374
0.142445
0.158027
0.183613
0.197179
0.077244
0.082040
0.120917
0.129256
0.163308
0.132021
0.099384
0.115690
0.199448
0.101936
0.079200
0.096431
0.113073
0.264556
0.081839
0.026474
0.368122
0.154970
0.017168
0.075500
0.235696
0.077276
0.379055
0.099265
0.015566
0.001906
0.137737
0.176970
0.119923
0.173823
0.202586
0.083270
0.168038
0.020316
0.362332
0.134511
0.134219
0.211596
0.166599
0.038760
0.024426
0.018426
0.028134
0.006003
0.027604
0.008654
0.026244
0.321762
0.054476
0.189567
0.309792
0.279460
0.161196
0.133323
0.022261
0.413763
0.408286
0.282439
0.409893
0.287942
0.448518
0.319958
0.493979
0.469547
0.231832
0.419299
0.228119
0.282508
0.301774
0.291738
0.469420
0.584199
0.277659
0.270404
0.529685
0.273784
0.663301
0.401471
0.579662
0.385240
0.432684
0.779557
0.446814
0.804676
0.767783
0.168438
0.059824
0.194136
0.407571
0.311144
0.346466
0.086351
0.239501
0.144481
0.090190
0.272754
0.433937
0.234818
0.243049
0.115071
0.470593
0.065413
0.200899
0.104094
0.036106
0.217503
0.274228
0.338656
0.188964
0.082621
0.436628
0.367125
0.212344
0.279097
0.363710
0.193059
0.291618
0.051857
0.352296
0.124824
0.463175
0.243440
0.153597
0.241626
0.210715
0.075416
0.101192
0.142001
0.179238
0.067693
0.239376
0.074374
0.256689
0.490358
0.115466
0.173866
0.083361
0.332110
0.106508
0.000000
0.000000
0.000000
0.000000
0.000000
0.000000
0.000000
0.000000
0.000000
0.000000
0.000000
0.000000
0.000000
0.000000
0.000000
0.000000
0.000000
0.000000
0.000000
0.000000
0.000000
0.000000
0.000000
0.000000
0.000000
0.000000
0.000000
0.000000
0.000000
0.000000
0.000000
0.000000
0.000000
0.000000
0.000000
0.000000
0.000000
0.000000
0.000000
0.000000
0.000000
0.000000
0.000000
0.000000
0.000000
0.000000
0.000000
0.000000
0.000000
0.000000
0.000000
0.000000
0.000000
0.000000
0.000000
0.000000
0.000000
0.000000
0.000000
0.000000
0.000000
0.000000
0.000000
0.000000
0.000000
0.000000
0.000000
0.000000
0.000000
0.000000
0.000000
0.000000
0.195490
0.224945
0.260483
0.197978
0.291108
0.215257
0.099007
0.174767
0.126915
0.187984
0.219391
0.107926
0.060515
0.151727
0.287908
0.116249
0.124017
0.257648
0.381591
0.409150
0.711115
0.270249
0.281765
0.079201
0.258105
0.107379
0.436077
0.388900
0.565312
0.173509
0.053226
0.338501
0.526794
0.252262
0.340495
0.241746
0.539358
0.357621
0.643660
0.263461
0.221588
0.213692
0.565256
0.560614
0.599701
0.263035
0.471968
0.221776
0.059130
0.528305
0.620245
0.054163
0.492143
0.522486
0.521793
0.622064
0.572310
0.332246
0.410724
0.148090
0.691562
0.345009
0.547152
0.553183
0.507244
0.627813
0.402231
0.769893
0.597805
0.468138
0.568470
0.412060
0.000000
0.000000
0.000000
0.000000
0.000000
0.000000
0.000000
0.000000
0.000000
0.000000
0.000000
0.000000
0.000000
0.000000
0.000000
0.000000
0.000000
0.000000
0.000000
0.000000
0.000000
0.000000
0.000000
0.000000
0.000000
0.000000
0.000000
0.000000
0.000000
0.000000
0.000000
0.000000
0.000000
0.000000
0.000000
0.000000
0.000000
0.000000
0.000000
0.000000
0.000000
0.000000
0.000000
0.000000
0.000000
0.000000
0.000000
0.000000
0.000000
0.000000
0.000000
0.000000
0.000000
0.000000
0.000000
0.000000
0.000000
0.000000
0.000000
0.000000
0.000000
0.000000
0.000000
0.000000
0.000000
0.000000
0.000000
0.000000
0.000000
0.000000
0.000000
0.000000
0.000000
0.000000
0.000000
0.000000
0.000000
0.000000
0.000000
0.000000
0.000000
0.000000
0.000000
0.000000
0.000000
0.000000
0.000000
0.000000
0.000000
0.000000
0.000000
0.000000
0.000000
0.000000
0.000000
0.000000
0.000000
0.000000
0.000000
0.000000
0.000000
0.000000
0.000000
0.000000
0.000000
0.000000
0.000000
0.000000
0.000000
0.000000
0.000000
0.000000
0.000000
0.000000
0.000000
0.000000
0.000000
0.000000
0.000000
0.000000
0.000000
0.000000
0.000000
0.000000
0.000000
0.000000
0.000000
0.000000
0.000000
0.000000
0.000000
0.000000
0.000000
0.000000
0.000000
0.000000
0.000000
0.000000
0.000000
0.000000
0.000000
0.000000
0.000000
0.000000
0.000000
0.000000
0.000000
0.000000
0.000000
0.000000
0.000000
0.000000
0.000000
0.000000
0.000000
0.000000
0.000000
0.000000
0.000000
0.000000
0.000000
0.000000
0.000000
0.000000
0.000000
0.000000
0.000000
0.000000
0.000000
0.000000
0.000000
0.000000
0.000000
0.000000
0.000000
0.000000
0.000000
0.000000
0.000000
0.000000
0.000000
0.000000
0.000000
0.000000
0.000000
0.000000
0.000000
0.000000
0.000000
0.000000
0.000000
0.000000
0.000000
0.000000
0.000000
0.000000
0.000000
0.000000
0.000000
0.000000
0.000000
0.000000
0.000000
0.000000
0.000000
0.000000
0.000000
0.000000
0.000000
0.000000
0.000000
0.000000
0.000000
0.000000
0.000000
0.000000
0.000121
0.000121
0.000121
0.000121
0.000121
0.000121
0.000121
0.000121
0.000121
0.000121
0.000121
0.000121
0.000121
0.000121
0.000121
0.000121
0.000121
0.000121
0.000121
0.000121
0.000121
0.000121
0.000121
0.000121
0.000121
0.000121
0.000121
0.000121
0.000121
0.000121
0.000121
0.000121
0.000121
0.000121
0.000121
0.000121
0.000121
0.000121
0.000121
0.000121
0.000121
0.000121
0.000121
0.000121
0.000121
0.000121
0.000121
0.000121
0.000121
0.000121
0.000121
0.000121
0.000121
0.000121
0.000121
0.000121
0.000121
0.000121
0.000121
0.000121
0.000121
0.000121
0.000121
0.000121
0.000121
0.000121
0.000121
0.000121
0.000121
0.000121
0.000121
0.000121
0.000000
0.000000
0.000000
0.000000
0.000000
0.000000
0.000000
0.000000
0.000000
0.000000
0.000000
0.000000
0.000000
0.000000
0.000000
0.000000
0.000000
0.000000
0.000000
0.000000
0.000000
0.000000
0.000000
0.000000
0.000000
0.000000
0.000000
0.000000
0.000000
0.000000
0.000000
0.000000
0.000000
0.000000
0.000000
0.000000
0.000000
0.000000
0.000000
0.000000
0.000000
0.000000
0.000000
0.000000
0.000000
0.000000
0.000000
0.000000
0.000000
0.000000
0.000000
0.000000
0.000000
0.000000
0.000000
0.000000
0.000000
0.000000
0.000000
0.000000
0.000000
0.000000
0.000000
0.000000
0.000000
0.000000
0.000000
0.000000
0.000000
0.000000
0.000000
0.000000
0.081965
0.098382
0.093676
0.106716
0.144327
0.096813
0.013806
0.022252
0.029533
0.042788
0.021901
0.025271
0.020630
0.106997
0.035117
0.026286
0.051776
0.070917
0.134915
0.092963
0.056112
0.087544
0.117180
0.002295
0.013440
0.168928
0.001091
0.130203
0.072122
0.026025
0.000000
0.020443
0.121663
0.030222
0.108471
0.140927
0.029636
0.108583
0.063908
0.086520
0.127759
0.071450
0.044720
0.119057
0.014743
0.030213
0.024472
0.025648
0.000000
0.028372
0.002838
0.030395
0.063614
0.085795
0.031288
0.063148
0.118119
0.079287
0.013309
0.000000
0.082225
0.171525
0.088129
0.165907
0.118597
0.104563
0.153394
0.121752
0.174918
0.076562
0.133964
0.149281
0.232669
0.127717
0.111070
0.226790
0.297245
0.025509
0.051654
0.126841
0.066314
0.163582
0.109573
0.166843
0.132120
0.214723
0.151732
0.098827
0.196765
0.208365
0.279296
0.111091
0.478595
0.488984
0.173556
0.108648
0.076732
0.426107
0.157622
0.228067
0.330842
0.546391
0.125855
0.264366
0.132035
0.484888
0.029578
0.446783
0.194953
0.167410
0.456972
0.353817
0.218980
0.209621
0.306058
0.382369
0.439885
0.324616
0.193474
0.539996
0.109052
0.516812
0.040728
0.560985
0.089104
0.542413
0.287623
0.156828
0.265081
0.371971
0.028670
0.093116
0.226037
0.198527
0.237324
0.222451
0.314869
0.285103
0.287035
0.275810
0.090618
0.296724
0.260261
0.362182
0.000000
0.000000
0.000000
0.000000
0.000000
0.000000
0.000000
0.000000
0.000000
0.000000
0.000000
0.000000
0.000000
0.000000
0.000000
0.000000
0.000000
0.000000
0.000000
0.000000
0.000000
0.000000
0.000000
0.000000
0.000000
0.000000
0.000000
0.000000
0.000000
0.000000
0.000000
0.000000
0.000000
0.000000
0.000000
0.000000
0.000000
0.000000
0.000000
0.000000
0.000000
0.000000
0.000000
0.000000
0.000000
0.000000
0.000000
0.000000
0.000000
0.000000
0.000000
0.000000
0.000000
0.000000
0.000000
0.000000
0.000000
0.000000
0.000000
0.000000
0.000000
0.000000
0.000000
0.000000
0.000000
0.000000
0.000000
0.000000
0.000000
0.000000
0.000000
0.000000
0.090396
0.061481
0.071651
0.070153
0.089688
0.034860
0.030452
0.051161
0.032818
0.030902
0.045977
0.018580
0.021728
0.067074
0.069938
0.046697
0.016324
0.120297
0.240640
0.292477
0.345505
0.051357
0.053114
0.026748
0.237434
0.040006
0.276500
0.147956
0.305000
0.021416
0.002588
0.272280
0.207708
0.128607
0.185719
0.168270
0.263341
0.213815
0.423989
0.048297
0.028956
0.103592
0.305978
0.168929
0.312823
0.091066
0.304411
0.037344
0.007672
0.297062
0.311814
0.032570
0.212325
0.285557
0.113044
0.330415
0.292400
0.025186
0.052895
0.010585
0.274058
0.138235
0.238408
0.190157
0.279442
0.072187
0.020601
0.287707
0.167716
0.206374
0.160427
0.260320
0.180142
0.278862
0.296718
0.387430
0.314621
0.242117
0.244807
0.332950
0.274622
0.406806
0.274511
0.310877
0.229827
0.271619
0.389236
0.318310
0.456699
0.418822
0.145200
0.292549
0.243193
0.126741
0.176516
0.234078
0.404681
0.155569
0.369685
0.128317
0.253180
0.154652
0.193428
0.417205
0.243104
0.170324
0.315094
0.183093
0.259068
0.212395
0.237999
0.171101
0.184057
0.181864
0.313553
0.225823
0.272693
0.164747
0.353643
0.142936
0.187411
0.270419
0.317748
0.106151
0.170416
0.249257
0.142399
0.158597
0.187142
0.080217
0.108640
0.138851
0.141847
0.258837
0.115012
0.257540
0.184878
0.181939
0.245961
0.121305
0.317816
0.148817
0.220799
0.233534
0.000000
0.000000
0.000000
0.000000
0.000000
0.000000
0.000000
0.000000
0.000000
0.000000
0.000000
0.000000
0.000000
0.000000
0.000000
0.000000
0.000000
0.000000
0.000000
0.000000
0.000000
0.000000
0.000000
0.000000
0.000000
0.000000
0.000000
0.000000
0.000000
0.000000
0.000000
0.000000
0.000000
0.000000
0.000000
0.000000
0.000000
0.000000
0.000000
0.000000
0.000000
0.000000
0.000000
0.000000
0.000000
0.000000
0.000000
0.000000
0.000000
0.000000
0.000000
0.000000
0.000000
0.000000
0.000000
0.000000
0.000000
0.000000
0.000000
0.000000
0.000000
0.000000
0.000000
0.000000
0.000000
0.000000
0.000000
0.000000
0.000000
0.000000
0.000000
0.000000
0.000000
0.000000
0.000000
0.000000
0.000000
0.000000
0.000000
0.000000
0.000000
0.000000
0.000000
0.000000
0.000000
0.000000
0.000000
0.000000
0.000000
0.000000
0.000000
0.000000
0.000000
0.000000
0.000000
0.000000
0.000000
0.000000
0.000000
0.000000
0.000000
0.000000
0.000000
0.000000
0.000000
0.000000
0.000000
0.000000
0.000000
0.000000
0.000000
0.000000
0.000000
0.000000
0.000000
0.000000
0.000000
0.000000
0.000000
0.000000
0.000000
0.000000
0.000000
0.000000
0.000000
0.000000
0.000000
0.000000
0.000000
0.000000
0.000000
0.000000
0.000000
0.000000
0.000000
0.000000
0.000000
0.000000
0.000000
0.000000
0.000000
0.000000
0.000000
0.000000
0.061797
0.044108
0.031908
0.038653
0.051773
0.013087
0.017554
0.012317
0.028214
0.015978
0.022261
0.010164
0.009873
0.073018
0.015953
0.018667
0.004854
0.031489
0.093197
0.037159
0.079536
0.112087
0.080630
0.017849
0.061572
0.188038
0.018594
0.144121
0.069891
0.090662
0.004146
0.068195
0.088115
0.047886
0.058305
0.151088
0.060516
0.076537
0.087310
0.083456
0.097545
0.059590
0.083638
0.097173
0.051944
0.088347
0.002739
0.110254
0.009055
0.092275
0.008856
0.113336
0.045882
0.071317
0.059037
0.067758
0.098015
0.124571
0.045862
0.009988
0.084352
0.125963
0.106745
0.087863
0.152588
0.100180
0.109422
0.099557
0.106960
0.121895
0.083754
0.181840
0.118466
0.059671
0.048166
0.008039
0.170488
0.183994
0.016166
0.088921
0.022987
0.053697
0.066112
0.085772
0.031516
0.008538
0.142019
0.063635
0.031368
0.040726
0.085305
0.025423
0.094400
0.180542
0.225933
0.072257
0.000000
0.266198
0.003879
0.203016
0.041039
0.314303
0.050822
0.041722
0.073622
0.175112
0.006423
0.138867
0.048579
0.023629
0.131065
0.189766
0.176379
0.022495
0.014003
0.098429
0.021912
0.266095
0.011396
0.327431
0.037901
0.090738
0.114559
0.192321
0.010776
0.056800
0.154695
0.081692
0.102683
0.159118
0.074973
0.025007
0.031836
0.111092
0.063889
0.068232
0.063704
0.110096
0.101614
0.024597
0.122942
0.093941
0.053613
0.044572
0.000000
0.000000
0.000000
0.000000
0.000000
0.000000
0.000000
0.000000
0.000000
0.000000
0.000000
0.000000
0.000000
0.000000
0.000000
0.000000
0.000000
0.000000
0.000000
0.000000
0.000000
0.000000
0.000000
0.000000
0.000000
0.000000
0.000000
0.000000
0.000000
0.000000
0.000000
0.000000
0.000000
0.000000
0.000000
0.000000
0.000000
0.000000
0.000000
0.000000
0.000000
0.000000
0.000000
0.000000
0.000000
0.000000
0.000000
0.000000
0.000000
0.000000
0.000000
0.000000
0.000000
0.000000
0.000000
0.000000
0.000000
0.000000
0.000000
0.000000
0.000000
0.000000
0.000000
0.000000
0.000000
0.000000
0.000000
0.000000
0.000000
0.000000
0.000000
0.000000
0.078748
0.199715
0.167389
0.240057
0.125274
0.012658
0.095847
0.221719
0.213375
0.340104
0.191315
0.167856
0.096988
0.240329
0.294791
0.244922
0.421369
0.296614
0.084640
0.130651
0.132546
0.086630
0.047277
0.057033
0.358455
0.041109
0.254526
0.014539
0.104467
0.083455
0.002146
0.309956
0.130572
0.016745
0.176530
0.035186
0.218722
0.052304
0.117898
0.063942
0.037581
0.065766
0.213553
0.140623
0.132872
0.073224
0.192922
0.062781
0.002995
0.161569
0.146985
0.061894
0.010183
0.090771
0.139606
0.104645
0.052147
0.006894
0.001418
0.000488
0.062750
0.128083
0.033686
0.138963
0.052400
0.124677
0.178677
0.063622
0.176060
0.085358
0.153943
0.052268
0.000000
0.000000
0.000000
0.000000
0.000000
0.000000
0.000000
0.000000
0.000000
0.000000
0.000000
0.000000
0.000000
0.000000
0.000000
0.000000
0.000000
0.000000
0.000000
0.000000
0.000000
0.000000
0.000000
0.000000
0.000000
0.000000
0.000000
0.000000
0.000000
0.000000
0.000000
0.000000
0.000000
0.000000
0.000000
0.000000
0.000000
0.000000
0.000000
0.000000
0.000000
0.000000
0.000000
0.000000
0.000000
0.000000
0.000000
0.000000
0.000000
0.000000
0.000000
0.000000
0.000000
0.000000
0.000000
0.000000
0.000000
0.000000
0.000000
0.000000
0.000000
0.000000
0.000000
0.000000
0.000000
0.000000
0.000000
0.000000
0.000000
0.000000
0.000000
0.000000
0.117383
0.165583
0.163934
0.251917
0.149716
0.080607
0.015322
0.010447
0.037488
0.069523
0.042203
0.022563
0.039032
0.153050
0.044896
0.053089
0.113236
0.142320
0.105625
0.084941
0.146570
0.257087
0.094005
0.001340
0.038393
0.211849
0.003783
0.230666
0.072519
0.035138
0.001696
0.062479
0.157559
0.023156
0.180718
0.237062
0.121373
0.173342
0.180231
0.209826
0.131211
0.081108
0.163060
0.129018
0.042125
0.109960
0.000750
0.069162
0.001287
0.105535
0.023429
0.077631
0.134653
0.089240
0.095724
0.194464
0.257163
0.200373
0.080097
0.012258
0.103683
0.289776
0.126904
0.260786
0.272517
0.337793
0.320590
0.215967
0.342029
0.152724
0.239333
0.319151
0.360383
0.410678
0.397643
0.312672
0.212251
0.289117
0.342647
0.385239
0.395561
0.394641
0.385315
0.358125
0.304364
0.150851
0.189879
0.322394
0.317101
0.303904
0.415069
0.682672
0.572449
0.464554
0.498211
0.548996
0.694927
0.500024
0.673563
0.565968
0.615236
0.587393
0.547205
0.652059
0.638457
0.469334
0.682712
0.502846
0.406250
0.656586
0.571798
0.550124
0.502735
0.504192
0.681956
0.576584
0.575143
0.517188
0.595313
0.567220
0.555907
0.677449
0.651395
0.483463
0.563491
0.565034
0.186176
0.403818
0.414132
0.362896
0.404262
0.444060
0.498960
0.494899
0.439370
0.551677
0.482643
0.597819
0.516215
0.492529
0.548201
0.490258
0.561414
0.500466
0.000000
0.000000
0.000000
0.000000
0.000000
0.000000
0.000000
0.000000
0.000000
0.000000
0.000000
0.000000
0.000000
0.000000
0.000000
0.000000
0.000000
0.000000
0.000000
0.000000
0.000000
0.000000
0.000000
0.000000
0.000000
0.000000
0.000000
0.000000
0.000000
0.000000
0.000000
0.000000
0.000000
0.000000
0.000000
0.000000
0.000000
0.000000
0.000000
0.000000
0.000000
0.000000
0.000000
0.000000
0.000000
0.000000
0.000000
0.000000
0.000000
0.000000
0.000000
0.000000
0.000000
0.000000
0.000000
0.000000
0.000000
0.000000
0.000000
0.000000
0.000000
0.000000
0.000000
0.000000
0.000000
0.000000
0.000000
0.000000
0.000000
0.000000
0.000000
0.000000
0.096841
0.169826
0.109373
0.020985
0.229550
0.021893
0.000132
0.049605
0.008801
0.024908
0.001116
0.046828
0.002998
0.052474
0.038172
0.029221
0.005019
0.048418
0.375168
0.572812
0.591958
0.277091
0.044995
0.012558
0.237476
0.106244
0.465277
0.019575
0.133267
0.517491
0.000000
0.402056
0.204896
0.198140
0.172350
0.181668
0.806670
0.559723
0.735364
0.374955
0.032702
0.089715
0.502481
0.283118
0.681014
0.000000
0.092882
0.548992
0.000000
0.602793
0.289585
0.298225
0.033620
0.333692
0.701295
0.583092
0.229655
0.334227
0.000000
0.000000
0.155254
0.234612
0.164469
0.044926
0.192808
0.284912
0.091396
0.236001
0.178075
0.153461
0.116585
0.308498
0.000000
0.000000
0.000000
0.000000
0.000000
0.000000
0.000000
0.000000
0.000000
0.000000
0.000000
0.000000
0.000000
0.000000
0.000000
0.000000
0.000000
0.000000
0.000000
0.000000
0.000000
0.000000
0.000000
0.000000
0.000000
0.000000
0.000000
0.000000
0.000000
0.000000
0.000000
0.000000
0.000000
0.000000
0.000000
0.000000
0.000000
0.000000
0.000000
0.000000
0.000000
0.000000
0.000000
0.000000
0.000000
0.000000
0.000000
0.000000
0.000000
0.000000
0.000000
0.000000
0.000000
0.000000
0.000000
0.000000
0.000000
0.000000
0.000000
0.000000
0.000000
0.000000
0.000000
0.000000
0.000000
0.000000
0.000000
0.000000
0.000000
0.000000
0.000000
0.000000
0.000000
0.000000
0.000000
0.000000
0.000000
0.000000
0.000000
0.000000
0.000000
0.000000
0.000000
0.000000
0.000000
0.000000
0.000000
0.000000
0.000000
0.000000
0.000000
0.000000
0.000000
0.000000
0.000000
0.000000
0.000000
0.000000
0.000000
0.000000
0.000000
0.000000
0.000000
0.000000
0.000000
0.000000
0.000000
0.000000
0.000000
0.000000
0.000000
0.000000
0.000000
0.000000
0.000000
0.000000
0.000000
0.000000
0.000000
0.000000
0.000000
0.000000
0.000000
0.000000
0.000000
0.000000
0.000000
0.000000
0.000000
0.000000
0.000000
0.000000
0.000000
0.000000
0.000000
0.000000
0.000000
0.000000
0.000000
0.000000
0.000000
0.000000
0.000000
0.000000
0.000000
0.000000
0.000000
0.000000
0.000000
0.000000
0.000000
0.000000
0.000000
0.000000
0.000000
0.000000
0.000000
0.000000
0.000000
0.000000
0.000000
0.000000
0.000000
0.000000
0.000000
0.000000
0.000000
0.000000
0.000000
0.000000
0.000000
0.000000
0.000000
0.000000
0.000000
0.000000
0.000000
0.000000
0.000000
0.000000
0.000000
0.000000
0.000000
0.000000
0.000000
0.000000
0.000000
0.000000
0.000000
0.000000
0.000000
0.000000
0.000000
0.000000
0.000000
0.000000
0.000000
0.000000
0.000000
0.000000
0.000000
0.000000
0.000000
0.000000
0.000000
0.000000
0.000000
0.000000
0.000000
0.000000
0.000000
0.000000
0.000000
0.000000
0.000000
0.000000
0.000000
0.000000
0.000000
0.000000
0.000000
0.000000
0.000000
0.000000
0.000000
0.000000
0.000000
0.000000
0.000000
0.000000
0.000000
0.000000
0.000000
0.000000
0.000000
0.000000
0.000000
0.000000
0.000000
0.000000
0.000000
0.000000
0.000000
0.000000
0.000000
0.000000
0.000000
0.000000
0.000000
0.000000
0.000000
0.000000
0.000000
0.000000
0.000000
0.000000
0.000000
0.000000
0.000000
0.000000
0.000000
0.000000
0.000000
0.000000
0.000000
0.000000
0.000000
0.000000
0.000000
0.000000
0.000000
0.000000
0.000000
0.000000
0.000000
0.000000
0.000000
0.000000
0.000000
0.000000
0.000000
0.000000
0.000000
0.000000
0.000000
0.000000
0.000000
0.000000
0.000000
0.000000
0.000000
0.000000
0.000000
0.000000
0.000000
0.000000
0.000000
0.000000
0.000000
0.000000
0.000000
0.000000
0.000000
0.000000
0.000000
0.000000
0.000000
0.000000
0.000000
0.000000
0.000000
0.000000
0.000000
0.000000
0.000000
0.000000
0.000000
0.000000
0.000000
0.000000
0.000000
0.000000
0.000000
0.000000
0.000000
0.000000
0.000000
0.000000
0.000000
0.000000
0.000000
0.000000
0.000000
0.000000
0.000000
0.000000
0.000000
0.000000
0.000000
0.000000
0.000000
0.000000
0.000000
0.000000
0.000000
0.000000
0.000000
0.000000
0.000000
0.000000
0.000000
0.000000
0.000000
0.000000
0.000000
0.000000
0.000000
0.000000
0.000000
0.000000
0.000000
0.000000
0.000000
0.000000
0.000000
0.000000
0.000000
0.000000
0.000000
0.000000
0.000000
0.000000
0.000000
0.000000
0.000000
0.000000
0.000000
0.000000
0.000000
0.000000
0.000000
0.000000
0.000000
0.000000
0.000000
0.000000
0.000000
0.000000
0.000000
0.000000
0.000000
0.000000
0.000000
0.000000
0.000000
0.000000
0.000000
0.000000
0.000000
0.000000
0.000000
0.000000
0.000000
0.000000
0.000000
0.000000
0.000000
0.000000
0.000000
0.000000
0.000000
0.000000
0.000000
0.000000
0.000000
0.000000
0.000000
0.000000
0.000000
0.000000
0.000000
0.000000
0.000000
0.000000
0.000000
0.000000
0.000000
0.000000
0.000000
0.000000
0.000000
0.000000
0.000000
0.000000
0.000000
0.000000
0.000000
0.000000
0.000000
0.000000
0.000000
0.000000
0.000000
0.000000
0.000000
0.000000
0.000000
0.000000
0.000000
0.000000
0.000000
0.000000
0.000000
0.000000
0.000000
0.000000
0.000000
0.000000
0.000000
0.000000
0.000000
0.000000
0.000000
0.000000
0.000000
0.000000
0.000000
0.000000
0.000000
0.000000
0.000000
0.000000
0.000000
0.000000
0.000000
0.000000
0.000000
0.000000
0.000000
0.000000
0.000000
0.000000
0.000000
0.000000
0.000000
0.000000
0.000000
0.000000
0.000000
0.000000
0.000000
0.000000
0.000000
0.000000
0.000000
0.000000
0.000000
0.000000
0.000000
0.000000
0.000000
0.000000
0.000000
0.000000
0.000000
0.000000
0.000000
0.000000
0.000000
0.000000
0.000000
0.000000
0.000000
0.000000
0.000000
0.000000
0.000000
0.000000
0.000000
0.000000
0.000000
0.000000
0.000000
0.000000
0.000000
0.000000
0.000000
0.000000
0.000000
0.000000
0.000000
0.000000
0.000000
0.000000
0.000000
0.000000
0.000000
0.000000
0.000000
0.000000
0.000000
0.000000
0.000000
0.000000
0.000000
0.000000
0.000000
0.000000
0.000000
0.000000
0.000000
0.000000
0.000000
0.000000
0.000000
0.000000
0.000000
0.000000
0.000000
0.000000
0.000000
0.000000
0.000000
0.000000
0.000000
0.000000
0.000000
0.000000
0.000000
0.000000
0.000000
0.000000
0.000000
0.000000
0.000000
0.000000
