0.109293
0.000000
0.035129
0.044313
0.000000
0.000000
0.000000
0.000000
0.000000
0.042785
0.000000
0.000000
0.677373
2.115535
0.302999
0.000000
0.000000
0.000000
0.957355
0.000000
0.000000
0.000000
0.000000
0.000000
0.113373
0.374991
0.000000
0.484392
0.000000
0.000000
0.000000
0.036686
0.000000
0.000000
0.000000
0.000000
0.000000
0.056344
0.000000
0.000000
0.000000
0.000000
0.000000
0.010203
0.000000
0.000000
0.000000
0.000000
0.000000
0.000000
0.000000
0.254302
0.000000
0.000000
0.448809
0.085836
1.145863
0.080074
0.000000
0.112971
0.000000
0.274685
0.550655
0.000000
0.669299
0.000000
0.132590
0.290098
0.000000
1.234112
0.000000
0.000000
2.114667
0.151725
1.577514
0.000000
0.000000
0.000000
0.000000
0.000000
0.000000
0.000000
0.316654
0.000000
0.187302
0.000000
0.000000
0.044103
0.000000
1.991947
0.523503
0.000000
2.087951
0.000000
0.000000
1.074435
0.000000
0.451893
0.000000
0.000000
0.901129
0.000000
0.000000
0.000000
0.552553
0.000000
0.000000
3.469045
0.199417
0.135556
0.048544
0.000000
0.000000
0.591420
0.231350
0.449965
0.000000
0.206208
0.000000
0.000000
0.000000
0.000000
0.000000
0.000000
1.268686
1.469854
0.000000
0.000000
0.000000
0.000000
0.000000
0.000000
0.000000
0.000000
0.000000
0.000000
0.000000
0.000000
0.000000
0.000000
0.000000
0.000000
0.040137
0.285538
0.000000
0.000000
0.000000
0.000000
0.000000
0.000000
0.000000
0.000000
0.000000
0.000000
0.000000
0.000000
0.000000
0.000000
0.000000
0.000000
0.000000
0.000000
0.000000
0.000000
0.000000
0.000000
0.000000
0.000000
0.000000
0.000000
0.000000
0.000000
0.000000
0.000000
0.000000
0.000000
0.000000
0.000000
0.000000
0.000000
0.000000
0.000000
0.000000
0.000000
0.000000
0.000000
0.000000
0.000000
0.000000
0.000000
0.000000
0.000000
0.000000
0.000000
0.000000
0.000000
0.000000
0.000000
0.000000
0.000000
0.000000
0.000000
0.000000
0.000000
0.000000
0.000000
0.000000
0.000000
0.000000
0.000000
0.000000
0.000000
0.000000
0.000000
0.000000
0.000000
0.000000
0.000000
0.000000
0.000000
0.000000
0.000000
0.000000
0.434211
0.000000
0.000000
0.000000
0.000000
0.000000
0.000000
0.000000
0.000000
0.000000
0.000000
1.529162
0.051147
0.000000
0.000000
0.000000
0.000000
0.000000
0.000000
0.000000
0.000000
0.000000
0.000000
0.000000
0.000000
0.144280
0.000000
0.000000
0.349982
1.114456
0.000000
0.000000
0.000000
0.000000
0.000000
0.000000
0.000000
0.953379
0.000000
0.037609
0.347132
0.000000
1.496330
0.000000
0.000000
0.000000
0.014080
0.000000
0.000000
0.000000
0.000000
0.000000
0.000000
0.000000
0.000000
0.000000
0.000000
0.000000
0.000000
0.000000
0.000000
0.000000
0.000000
0.000000
0.000000
0.000000
0.333235
0.000000
0.000000
0.303327
0.000000
0.000000
0.000000
0.000000
0.000000
0.000000
0.000000
0.000000
0.000000
0.000000
0.000000
0.057307
0.000000
0.000000
0.081987
0.000000
0.347834
0.000000
0.166402
0.000000
1.870584
0.000000
0.000000
0.000000
0.000000
0.000000
0.000000
0.000000
0.000000
0.549630
0.623423
0.000000
0.000000
0.000000
0.022638
0.000000
0.229521
2.017117
0.000000
0.000000
1.647885
0.000000
0.000000
0.000000
0.000000
0.974381
0.206211
0.641762
0.000000
0.136080
0.062792
0.000000
0.000000
0.000000
0.000000
1.511815
0.000000
0.000000
0.482683
0.000000
0.079391
0.000000
0.216911
0.000000
0.103090
0.292841
0.000000
0.000000
0.000000
0.000000
0.000000
0.000000
0.000000
0.000000
0.000000
0.000000
0.000000
0.000000
0.000000
0.000000
0.000000
0.000000
0.000000
0.000000
0.000000
0.000000
0.000000
0.000000
0.000000
0.000000
0.000000
0.000000
0.000000
0.000000
0.000000
0.000000
0.000000
0.000000
0.000000
0.000000
0.000000
0.000000
0.000000
0.000000
0.000000
0.000000
0.000000
0.000000
0.000000
0.000000
0.000000
0.000000
0.000000
0.000000
0.000000
0.000000
0.000000
0.000000
0.000000
0.000000
0.000000
0.000000
0.000000
0.000000
0.000000
0.000000
0.000000
0.000000
0.000000
0.000000
0.000000
0.000000
0.000000
0.000000
0.000000
0.000000
0.000000
0.000000
0.000000
0.000000
0.103711
0.015222
0.000000
0.231203
0.000000
0.032599
0.000000
0.054620
0.000000
0.000000
0.000000
0.480088
0.540814
0.000000
0.000000
0.000000
0.000000
0.096057
0.000359
0.515891
0.028020
0.000000
0.209014
1.647009
0.000000
0.806381
0.000000
0.000000
0.000000
0.038576
0.798939
0.000000
0.388568
0.428334
0.033858
0.089588
0.207392
0.505682
0.156204
0.000000
0.084673
1.943421
0.000000
0.032780
0.573172
0.000000
0.000000
0.000000
0.355066
0.000000
0.000000
0.000000
0.023793
0.033391
0.033169
0.084358
0.000000
0.000000
0.000000
0.000000
0.000000
0.000000
0.000000
0.273963
0.148261
0.000000
0.000000
0.000000
0.000000
0.101971
0.000000
0.000000
0.000000
0.000000
0.000000
0.000000
0.000000
0.000000
0.000000
0.000000
0.045882
0.089385
0.000000
0.000000
0.551431
0.000000
0.000000
0.000000
0.000000
0.000000
0.025153
0.000000
0.000000
0.000000
0.271642
0.000000
0.000000
0.000000
0.548828
0.000000
0.000000
0.000000
0.000000
0.148178
0.000000
0.000000
0.000000
0.336995
0.000000
0.365605
0.169126
0.000000
0.269406
0.000000
0.421786
1.005821
0.000000
0.070627
0.000000
0.000000
0.000000
0.000000
0.205885
0.000000
0.000000
0.472477
0.880489
3.398578
0.000000
0.000000
0.000000
0.031958
0.528146
1.001504
0.000000
0.553461
0.000000
0.000000
0.676776
0.000000
1.822932
0.097692
0.000000
0.106191
0.446474
0.000000
0.000000
0.000000
0.000000
0.000000
0.000000
0.000000
0.000000
0.000000
0.068637
0.000000
0.000000
0.000000
0.006224
0.000000
0.000000
0.767879
0.193768
0.000000
0.433868
0.000000
0.046843
0.157333
0.050016
0.244586
0.000000
0.000000
0.000000
0.000000
0.103799
0.000000
0.000000
1.314732
0.280927
0.424759
0.137690
0.000000
0.000000
0.000000
0.000000
0.749140
0.000000
0.202692
0.000000
0.000000
0.000000
0.000000
0.000000
0.000000
0.237171
0.000000
0.000000
0.185390
0.952741
0.000000
0.000000
0.000000
0.000000
0.000000
0.000000
0.000000
0.000000
0.000000
0.043782
0.000000
0.135838
0.000000
0.000000
0.000000
0.000000
0.583478
0.886875
1.764591
0.137369
0.075688
0.000000
0.000000
0.000000
0.099183
0.000000
0.388765
0.091859
0.000000
0.000000
0.000000
0.741388
0.000000
0.000000
0.000000
0.000000
0.000000
0.582701
0.000000
0.000000
0.000000
0.000000
0.087150
1.969862
0.000000
0.000000
0.000000
0.627693
0.797884
0.000000
0.000000
0.000000
0.000000
0.000000
0.000000
0.823075
0.000000
0.000000
0.198584
0.000000
0.000000
0.000000
0.000000
0.000000
0.000000
0.000000
0.000000
0.476794
0.000000
0.000000
0.000000
0.000000
0.000000
0.000000
0.000000
0.000000
0.000000
0.000000
0.000000
0.000000
0.000000
0.000000
0.000000
0.000000
0.000000
0.000000
0.000000
0.000000
0.000000
0.000000
0.000000
0.000000
0.000000
0.000000
0.000000
0.000000
0.000000
0.000000
0.000000
0.000000
0.000000
0.000000
0.000000
0.000000
0.000000
0.000000
0.000000
0.000000
0.000000
0.000000
0.000000
0.000000
0.000000
0.000000
0.000000
0.000000
0.000000
0.000000
0.000000
0.000000
0.000000
0.000000
0.000000
0.000000
0.000000
0.000000
0.000000
0.000000
0.000000
0.000000
0.000000
0.000000
0.000000
0.000000
0.000000
0.000000
0.000000
0.000000
0.000000
0.000000
0.000000
0.000000
0.000000
0.000000
0.000000
0.000000
0.000000
0.000000
0.000000
0.000000
0.000000
0.000000
0.000000
0.000000
0.000000
0.000000
0.000000
0.000000
0.000000
0.000000
0.000000
0.000000
0.000000
0.000000
0.000000
0.000000
0.000000
0.000000
0.000000
0.000000
0.000000
0.000000
0.000000
0.000000
0.000000
0.000000
0.000000
0.000000
0.184469
0.000000
0.000000
0.000000
0.000000
0.000000
0.000000
0.000000
0.000000
0.000000
0.000000
0.000000
0.000000
0.000000
0.000000
0.000000
0.000000
0.000000
0.000000
2.398017
0.000000
0.000000
0.000000
0.000000
0.000000
0.000000
0.000000
0.000000
0.000000
0.000000
0.000000
0.000000
0.062107
0.000000
0.000000
0.000000
0.000000
0.000000
0.000000
0.000000
0.000000
0.000000
0.000000
0.000000
0.000000
0.000000
0.000000
0.000000
0.000000
0.000000
0.000000
0.000000
0.000000
0.000000
0.536884
0.000000
0.000000
0.000000
0.000000
0.000000
0.000000
0.000000
0.000000
0.000000
0.000000
0.000000
0.000000
0.000000
0.000000
0.000000
0.000000
0.514751
0.994626
1.220147
0.000000
0.000000
0.000000
0.000000
0.000000
0.013207
0.000000
0.046739
0.044846
0.000000
0.070941
0.000000
0.020542
0.000000
0.446242
0.349545
1.074202
0.704635
0.032098
0.000000
0.000000
0.150387
0.000000
0.567566
0.023797
0.051643
0.293147
0.000000
0.116233
0.000000
0.371516
0.000000
0.219342
0.190172
0.766682
0.000000
0.031785
0.000000
0.000000
0.096509
0.000000
0.161118
0.000000
0.103485
0.000000
0.000000
0.000000
0.000000
0.176158
0.000000
0.076156
0.678228
5.674035
1.597673
3.213292
0.000000
0.000000
0.000000
0.034512
0.000000
0.347387
0.000000
2.570415
0.204990
0.149389
0.678402
0.000000
0.410390
0.000000
0.343066
0.000000
0.000000
0.000000
0.000000
0.000000
0.014347
0.000000
0.000000
0.000000
0.000000
0.000000
0.000000
0.000000
0.000000
0.282730
0.000000
0.061914
0.138778
0.000000
0.011186
0.000000
0.000000
0.000000
0.000000
0.000000
0.592903
0.000000
0.252545
0.147937
0.000000
0.000000
0.000000
0.000000
0.027340
0.009876
0.187368
0.000000
0.000000
0.000000
0.000000
0.000000
0.000000
0.000000
0.000000
0.000000
0.000000
0.000000
0.000000
0.000000
0.000000
0.000000
0.000000
0.000000
0.000000
0.179931
0.327355
0.000000
0.000000
0.743837
0.000000
0.000000
0.000000
0.000000
0.000000
0.000000
0.000000
0.000000
0.000000
0.000000
0.000000
0.000000
0.000000
2.715644
1.765506
0.000000
0.257061
0.000000
0.042180
0.000000
0.000000
0.000000
0.000000
0.660217
0.000000
0.000000
0.000000
0.000000
0.000000
1.740783
0.550316
0.292446
2.698857
0.054480
0.000000
0.000000
0.000000
1.410099
1.043007
0.832538
0.409126
0.214124
0.023106
0.000000
1.012706
0.814956
0.000000
0.834272
0.015155
0.000000
0.110434
0.197889
1.004481
0.000000
0.000000
0.000000
0.000000
0.000000
0.000000
0.000000
0.000000
0.000000
0.000000
0.000000
0.000000
0.000000
0.000000
1.382665
0.000000
0.430268
0.000000
0.000000
0.000000
0.000000
0.000000
0.000000
0.000000
0.147812
0.000000
0.000000
0.000000
0.000000
0.211137
0.000000
0.000000
0.000000
0.000000
0.000000
0.216447
0.000000
0.000000
0.000000
0.316070
0.000000
0.000000
0.000000
0.000000
0.000000
0.000000
0.000000
0.109895
0.000000
0.000000
0.041972
0.049852
0.000000
0.000000
0.000000
0.000000
0.000000
0.000000
0.000000
0.085537
0.000000
0.000000
0.000000
0.000000
0.000000
0.053564
0.000000
0.000000
0.555956
0.000000
0.000000
0.000000
0.000000
0.000000
0.000000
0.000000
0.000000
0.000000
0.000000
0.000000
0.000000
0.000000
0.000000
0.000000
0.000000
0.000000
0.000000
0.000000
0.000000
0.000000
0.000000
0.000000
0.000000
0.000000
0.000000
0.000000
0.000000
0.000000
0.000000
0.000000
0.000000
0.000000
0.000000
0.000000
0.000000
0.000000
0.000000
0.000000
0.000000
0.000000
0.000000
0.000000
0.000000
0.000000
0.000000
0.000000
0.000000
0.000000
0.000000
0.000000
0.000000
0.000000
0.000000
0.000000
0.000000
0.000000
0.000000
0.000000
0.000000
0.000000
0.000000
0.000000
0.000000
0.000000
0.000000
0.000000
0.000000
0.000000
0.000000
0.000000
0.000000
0.000000
0.000000
0.000000
0.000000
0.000000
0.000000
0.000000
0.000000
0.000000
0.000000
0.000000
0.000000
0.000000
0.000000
0.000000
0.000000
0.000000
0.000000
0.000000
0.000000
0.000000
0.000000
0.000000
0.000000
0.000000
0.000000
0.000000
0.000000
0.000000
0.000000
0.000000
0.000000
0.000000
0.000000
0.000000
0.000000
0.000000
0.000000
0.000000
0.000000
0.000000
0.000000
0.000000
0.000000
0.000000
0.000000
0.000000
0.000000
0.000000
0.000000
0.000000
0.000000
0.000000
0.000000
0.000000
0.000000
0.000000
0.000000
0.000000
0.000000
0.000000
0.000000
0.000000
0.000000
0.000000
0.000000
0.000000
0.000000
0.000000
0.000000
0.000000
0.000000
0.000000
0.000000
0.000000
0.000000
0.000000
0.000000
0.000000
0.000000
0.000000
0.000000
0.000000
0.000000
0.000000
0.000000
0.000000
0.000000
0.000000
0.000000
0.000000
0.000000
0.000000
0.000000
0.000000
0.000000
0.000000
0.000000
0.000000
0.000000
0.000000
0.000000
0.000000
0.000000
0.000000
0.000000
0.000000
0.000000
0.000000
0.000000
0.000000
0.000000
0.000000
0.000000
0.000000
0.000000
0.000000
0.000000
0.000000
0.000000
0.000000
0.000000
0.000000
0.000000
0.000000
0.000000
0.000000
0.000000
0.000000
0.000000
0.000000
0.000000
0.000000
0.000000
0.000000
0.000000
0.000000
0.000000
0.000000
0.000000
0.000000
0.000000
0.000000
0.000000
0.000000
0.000000
0.000000
0.000000
0.000000
0.000000
0.000000
0.000000
0.000000
0.000000
0.000000
0.000000
0.000000
0.000000
0.000000
0.000000
0.000000
0.173337
0.000000
0.000000
0.000000
0.366156
0.000000
0.000000
0.000000
0.000000
0.000000
0.000000
0.000000
0.000000
0.081947
0.000000
0.000000
0.000000
0.093622
0.081396
0.306051
0.303441
0.246015
0.000000
0.000000
0.316159
0.081547
0.000000
0.000000
0.000000
0.000000
0.000000
0.033850
0.000000
0.000000
0.083327
0.144050
0.106614
0.833723
0.077148
0.410930
0.000000
0.000000
0.144227
0.000000
0.000000
0.000000
0.000000
0.000000
0.000000
0.000000
0.000000
0.693362
0.000000
0.045060
0.144791
0.000000
0.000000
0.376142
0.000000
0.000000
0.000000
0.000000
0.000000
0.000000
0.128234
0.000000
0.000000
0.000000
0.000000
0.000000
0.000000
0.327937
0.624176
0.096776
0.000000
0.000000
0.117153
0.000000
0.000000
0.000000
0.000000
0.000000
0.000000
0.000000
0.024389
0.000000
0.000000
0.000000
0.000000
0.071393
0.955403
1.008087
0.143448
0.008322
0.000000
0.000000
0.346197
0.000000
0.136280
0.151425
0.340855
0.000000
0.103437
0.100429
0.000000
0.000000
1.415780
0.201973
0.233786
0.923818
0.231181
0.031123
0.000000
0.236545
1.258653
0.195140
0.961643
0.177625
0.180956
0.451123
0.000000
1.288324
0.692499
0.000000
0.252264
0.545024
0.000000
0.270597
0.573195
0.080218
0.000000
0.000762
0.000000
0.045355
0.000000
0.066777
0.207504
0.000000
0.000000
0.095748
0.144470
0.000000
0.032188
0.357441
0.000000
0.000000
0.000000
0.000000
0.000000
0.000000
0.000000
0.000000
0.000000
0.000000
0.000000
0.000000
0.000000
0.000000
0.000000
0.000000
0.000000
0.000000
0.000000
0.000000
0.000000
0.000000
0.000000
0.000000
0.000000
0.000000
0.000000
0.000000
0.000000
0.000000
0.000000
0.000000
0.000000
0.000000
0.000000
0.000000
0.000000
0.000000
0.000000
0.000000
0.000000
0.000000
0.000000
0.000000
0.000000
0.000000
0.000000
0.000000
0.000000
0.000000
0.000000
0.000000
0.000000
0.000000
0.000000
0.000000
0.000000
0.000000
0.000000
0.000000
0.000000
0.000000
0.000000
0.000000
0.000000
0.000000
0.000000
0.000000
0.000000
0.000000
0.000000
0.000000
0.428690
0.048026
0.000000
0.000000
0.012163
0.000000
0.000000
0.000000
0.000000
0.000000
0.000000
0.000000
0.000000
0.000000
0.000000
0.000000
0.000000
0.000000
2.003229
0.731479
0.378835
0.396138
0.000000
0.103636
0.535018
0.242318
0.222226
0.000000
0.000000
0.000000
0.000000
0.350753
0.000000
0.096222
1.441265
0.046924
0.000000
0.050531
0.000000
0.051298
0.000000
0.000000
1.523119
0.077460
0.858073
0.000000
0.000000
0.120652
0.000000
0.335129
0.000000
0.587823
0.000000
0.000000
0.000000
0.042820
0.000000
0.000000
0.000000
0.102290
0.000000
0.000000
0.246588
0.000000
0.198111
0.233447
0.000000
0.062149
0.000000
0.417400
0.000000
0.000000
0.000000
0.000000
0.000000
0.000000
0.000000
0.000000
0.000000
0.000000
0.000000
0.000000
0.000000
0.000000
0.000000
0.000000
0.000000
0.000000
0.000000
0.000000
0.000000
0.000000
0.000000
0.000000
0.000000
0.000000
0.000000
0.000000
0.000000
0.000000
0.000000
0.000000
0.000000
0.000000
0.000000
0.000000
0.000000
0.000000
0.000000
0.000000
0.000000
0.000000
0.000000
0.000000
0.000000
0.000000
0.000000
0.000000
0.000000
0.000000
0.000000
0.000000
0.000000
0.000000
0.000000
0.000000
0.000000
0.000000
0.000000
0.000000
0.000000
0.000000
0.000000
0.000000
0.000000
0.000000
0.000000
0.000000
0.000000
0.000000
0.000000
0.000000
0.000000
0.000000
0.000000
0.255481
0.000000
0.107194
1.028931
0.000000
0.000000
0.000000
0.000000
0.000000
0.000000
0.000000
0.240046
0.000000
0.000000
0.069264
0.000000
0.163536
0.000000
0.000000
0.000000
0.000000
0.000000
0.000000
0.000000
0.000000
0.000000
0.000000
0.000000
0.000000
0.000000
0.000000
0.000000
0.000000
0.035669
0.000000
0.000000
0.000000
0.000000
0.000000
0.000000
0.000000
0.173625
0.105301
0.000000
0.000000
0.000000
0.000000
0.000000
0.000000
0.000000
0.000000
0.453119
0.000000
0.000000
0.798304
0.000000
0.000000
0.000000
0.000000
0.098049
0.331409
0.000000
0.316758
0.000000
0.000000
0.246887
0.000000
0.352613
0.000000
0.337727
0.000000
1.612760
2.642849
0.000000
0.000000
0.084154
0.271226
0.000000
0.000000
0.000000
0.000000
0.000000
0.189556
0.000000
0.000000
0.000000
0.000000
0.000000
0.000000
0.000000
0.048469
0.000000
0.387616
0.000000
0.000000
0.000000
0.000000
0.000000
0.596489
0.000000
2.062793
0.000000
0.226326
0.000000
0.000000
0.000000
0.000000
2.618623
0.987009
0.000000
2.545251
0.000000
0.000000
0.000000
0.000000
0.000000
0.421596
0.000000
1.819083
0.170738
0.498952
0.106153
1.474898
0.000000
0.000000
1.487548
0.000000
0.000000
0.560578
0.000000
0.000000
0.000000
0.000000
0.000000
0.000000
0.000000
0.000000
0.000000
0.000000
0.000000
0.000000
0.000000
0.000000
0.000000
0.000000
0.000000
0.000000
0.000000
0.000000
0.000000
0.000000
0.000000
0.000000
0.000000
0.000000
0.000000
0.000000
0.000000
0.000000
0.000000
0.000000
0.000000
0.000000
0.000000
0.000000
0.000000
0.000000
0.000000
0.000000
0.000000
0.000000
0.000000
0.000000
0.000000
0.000000
0.000000
0.000000
0.000000
0.000000
0.000000
0.000000
0.000000
0.000000
0.000000
0.000000
0.000000
0.000000
0.000000
0.000000
0.000000
0.000000
0.000000
0.000000
0.000000
0.000000
0.000000
0.000000
0.000000
0.000000
0.000000
0.000000
0.000000
0.000000
0.000000
0.000000
0.000000
0.000000
0.000000
0.000000
0.000000
0.000000
0.000000
0.000000
0.000000
0.000000
0.000000
0.000000
0.000000
0.000000
0.000000
0.000000
0.000000
0.000000
0.000000
0.000000
0.000000
0.000000
0.000000
0.000000
0.000000
0.000000
0.000000
0.000000
0.000000
0.000000
0.000000
0.000000
0.000000
0.000000
0.000000
0.000000
0.000000
0.000000
0.000000
0.000000
0.000000
0.000000
0.000000
0.000000
0.000000
0.000000
0.000000
0.000000
0.000000
0.000000
0.000000
0.000000
0.000000
0.000000
0.000000
0.000000
0.000000
0.000000
0.000000
0.000000
0.000000
0.000000
0.000000
0.000000
0.000000
0.000000
0.000000
0.000000
0.000000
0.000000
0.000000
0.000000
0.000000
0.000000
0.000000
0.000000
0.000000
0.000000
0.000000
0.000000
0.000000
0.000000
0.000000
0.000000
0.000000
0.000000
0.000000
0.000000
0.000000
0.000000
0.000000
0.000000
0.000000
0.000000
0.000000
0.000000
0.000000
0.000000
0.000000
0.000000
0.000000
0.000000
0.000000
0.000000
0.000000
0.000000
0.000000
0.000000
0.000000
0.000000
0.000000
0.000000
0.000000
0.000000
0.000000
0.000000
0.000000
0.000000
0.000000
0.000000
0.000000
0.000000
0.000000
0.000000
0.000000
0.000000
0.000000
0.000000
0.000000
0.000000
0.000000
0.000000
0.000000
0.000000
0.000000
0.000000
0.000000
0.000000
0.000000
0.000000
0.000000
0.000000
0.000000
0.000000
0.000000
0.000000
0.000000
0.000000
0.000000
0.000000
0.000000
0.000000
0.000000
0.000000
2.428550
2.930823
0.170327
0.082016
0.000000
0.000000
0.000000
0.000000
0.000000
0.000000
0.000983
0.000000
0.000000
0.000000
0.000000
0.000000
0.000000
0.000000
0.076403
0.000000
0.000000
0.000000
0.000000
0.000000
0.000000
0.000000
0.000000
0.458347
0.000000
0.000000
0.000000
0.205350
0.088043
0.000000
0.000000
0.081911
0.103838
3.062364
0.000000
0.070001
0.000000
0.000000
0.000000
0.000000
0.000000
0.000000
0.271326
0.000000
0.000000
0.000000
0.000000
0.000000
0.000000
0.230538
0.580864
0.073151
0.000000
0.000000
0.000000
0.000000
0.000000
0.000000
0.000000
0.000000
0.000000
0.000000
0.000000
0.000000
0.000000
0.000000
0.000000
0.000000
0.065858
0.274218
0.328457
0.210479
0.051220
0.048305
0.004995
0.000000
0.000000
0.000000
0.055717
0.125449
0.000000
0.025060
0.000000
0.000000
0.000000
0.000000
0.462850
0.965482
0.478297
1.085716
0.149988
0.045248
0.095694
0.000000
0.000000
0.549658
0.000000
0.935010
0.000000
0.027105
0.000000
0.576231
0.000000
0.033774
1.349752
1.230661
0.083293
2.229026
0.000000
0.022897
0.407170
0.000000
0.065086
1.984318
0.000000
1.154626
0.000000
0.160602
0.478373
1.861560
0.000000
0.045827
1.425058
0.000000
0.000000
0.643517
0.000000
0.000000
0.000000
0.000000
0.017296
0.000000
0.043043
0.261863
0.000000
0.199848
0.000000
0.178569
0.246851
0.000000
0.000000
0.000000
0.000000
0.000000
0.000000
0.000000
0.000000
0.000000
0.000000
0.000000
0.000000
0.000000
0.000000
0.000000
0.000000
0.000000
0.000000
0.000000
0.000000
0.000000
0.000000
0.000000
0.000000
0.000000
0.000000
0.000000
0.000000
0.000000
0.109758
0.000000
0.000000
0.000000
0.000000
0.000000
0.138104
0.000000
0.000000
0.000000
0.000000
0.000000
0.000000
0.179687
0.187314
1.168339
0.277382
0.647136
0.000000
0.108520
0.000000
0.626996
0.343902
0.000000
0.439005
0.000000
0.000000
0.000000
0.000000
1.142948
0.000000
0.000000
0.000000
0.000000
0.000000
0.000000
0.000000
0.000000
0.000000
0.000000
0.000000
0.000000
0.000000
0.000000
0.000000
0.000000
0.545649
0.000000
0.164587
0.000000
0.000000
0.401687
0.000000
0.000000
0.000000
0.000000
0.025157
0.569553
0.000000
0.000000
0.000000
1.270578
0.289062
0.036347
1.000207
0.000000
0.000000
0.080513
0.000000
0.020465
0.000000
0.000000
0.397243
0.000000
0.000000
0.000000
0.656655
0.000000
0.054857
1.280607
0.045797
0.164608
0.776507
0.000000
0.220007
0.041263
0.000000
3.400582
0.000000
0.156191
1.122267
0.000000
0.000000
0.000000
0.000000
0.000000
0.579092
1.713192
0.000000
0.000000
0.206578
0.000000
0.000000
0.000000
0.000000
0.052866
0.000000
0.000000
0.251478
0.000000
0.736374
0.000000
0.021958
0.057983
0.000000
0.348210
1.455333
0.477738
1.634977
0.000000
0.509969
0.000000
0.207319
0.008829
0.000000
0.000000
1.062349
0.000000
0.538024
0.410957
0.063278
0.329799
0.201891
0.460573
0.000000
0.000000
0.148916
0.000000
0.000000
0.699415
0.000000
0.000000
0.000000
0.086996
0.000000
0.000000
0.055456
0.000000
0.110638
0.000000
0.019937
0.000000
0.000000
0.000000
0.000000
0.000000
0.039306
0.000000
0.000000
0.000000
0.000000
0.166431
0.000000
0.000000
0.000000
0.000000
0.000000
0.000000
0.000000
0.000000
0.000000
0.000000
0.643350
0.000000
0.000000
0.000000
0.000000
0.000000
0.037988
0.000000
0.236215
0.000000
0.000000
0.000000
0.000000
0.352814
0.000000
0.000000
0.000000
0.078584
0.410662
0.000000
1.018200
0.000000
0.026954
0.889317
0.000000
0.000000
0.329597
0.000000
0.070543
0.990416
0.000000
0.000000
0.000000
0.768202
0.000000
0.000000
0.000000
0.075307
0.000000
0.428838
0.000000
0.100810
0.000000
0.000000
0.000000
0.000000
0.000000
0.000000
0.000000
0.000000
0.575834
0.270135
0.000000
0.000000
0.000000
0.000000
0.578022
0.008067
0.000000
0.000000
0.000000
0.198460
0.103783
0.000000
0.000000
0.000000
0.000000
0.000000
0.000000
0.000000
0.000000
0.000000
0.000000
0.000000
0.000000
0.000000
0.018113
0.000000
0.000000
0.000000
0.000000
0.000000
0.399306
0.000000
0.000000
0.000000
0.012935
0.000000
0.000000
0.000000
0.000000
0.000000
0.000000
0.000000
0.000000
0.000000
0.000000
0.000000
0.000000
0.000000
0.000000
0.254391
0.000000
0.000000
0.000000
0.000000
0.000000
0.000000
0.000000
1.561432
0.000000
0.000000
0.000000
0.514224
0.000000
0.000000
0.000000
0.000000
0.000000
0.000000
0.000000
0.000000
0.000000
0.000000
0.000000
0.000000
0.000000
0.000000
0.000000
0.000000
0.561006
0.000000
0.000000
0.347557
0.000000
0.000000
0.000000
0.164359
0.000000
0.000000
0.000000
0.000000
1.780257
0.547181
0.320099
0.307140
0.000000
0.000000
0.067055
0.000000
0.118442
0.008800
0.458788
1.213307
0.000000
0.618467
0.080535
0.000000
0.000000
0.000000
0.000000
0.000000
0.000000
0.029673
0.057669
0.000000
0.159297
0.000000
0.000000
0.000000
0.000000
0.000000
0.022318
0.000000
0.000000
0.000000
0.000000
0.000000
0.000000
0.000000
0.000000
1.640459
0.000000
0.000000
0.000000
0.000000
0.000000
0.000000
0.000000
0.000000
0.000000
0.000000
0.000000
0.116320
0.000000
0.000000
0.000000
0.000000
0.000000
0.000000
0.000000
0.000000
0.791866
0.000000
0.000000
1.833898
0.000000
1.759788
0.000000
1.228732
0.179499
0.000000
0.098609
0.000000
0.871064
0.000000
0.000000
0.012309
0.000000
0.000000
0.646178
0.000000
0.324970
0.376081
0.168449
0.278213
0.000000
0.291025
0.000000
0.000000
0.035294
0.000000
0.000000
0.000000
0.000000
0.000000
0.000000
0.000000
0.000000
0.000000
0.000000
0.000000
0.000000
0.000000
0.000000
0.000000
0.000000
0.000000
0.000000
0.000000
0.000000
0.000000
0.000000
0.000000
0.000000
0.000000
0.000000
0.000000
0.000000
0.000000
0.000000
0.000000
0.000000
0.000000
0.000000
0.000000
0.000000
0.000000
0.000000
0.000000
0.000000
0.000000
0.000000
0.000000
0.000000
0.000000
0.000000
0.000000
0.000000
0.000000
0.000000
0.000000
0.000000
0.000000
0.000000
0.000000
0.000000
0.000000
0.000000
0.000000
0.000000
0.000000
0.000000
0.000000
0.000000
0.000000
0.000000
0.000000
0.000000
0.000000
0.000000
0.000000
0.000000
0.000000
0.307521
0.475183
0.136104
0.000000
0.000000
0.000000
0.000000
0.000000
0.000000
0.000000
0.000000
0.000000
0.000000
0.387370
0.000000
0.000000
0.000000
0.000000
0.000000
0.460824
0.031795
0.019277
0.000000
0.000000
0.000000
0.000000
0.000000
0.000000
0.000000
0.000000
0.000000
0.000000
0.000000
0.000000
0.000000
0.000000
0.611046
0.485299
0.000000
0.344282
0.000000
0.000000
0.000000
0.000000
0.000000
0.000000
0.000000
0.000000
0.000000
0.000000
0.000000
0.498583
0.000000
0.199894
0.197317
0.037677
0.000000
0.000000
0.000000
0.000000
0.000000
0.000000
0.000000
0.000000
0.000000
0.000000
0.000000
0.000000
0.000000
0.000000
0.000000
0.252757
0.000000
0.000000
0.000000
0.000000
0.000000
0.000000
0.000000
0.000000
0.000000
0.000000
0.000000
0.000000
0.000000
0.000000
0.000000
0.000000
0.000000
0.000000
0.000000
0.000000
0.000000
0.000000
0.000000
0.000000
0.000000
0.000000
0.000000
0.000000
0.000000
0.000000
0.000000
0.000000
0.000000
0.000000
0.000000
0.000000
0.000000
0.000000
0.000000
0.000000
0.000000
0.000000
0.000000
0.000000
0.000000
0.000000
0.000000
0.000000
0.000000
0.000000
0.000000
0.000000
0.000000
0.000000
0.000000
0.000000
0.000000
0.000000
0.000000
0.000000
0.000000
0.000000
0.000000
0.000000
0.000000
0.000000
0.000000
0.000000
0.000000
0.000000
0.000000
0.000000
0.000000
0.000000
0.000000
0.000000
0.000000
0.000000
0.000000
0.000000
0.000000
0.000000
0.000000
0.000000
0.000000
0.000000
0.000000
0.000000
0.000000
0.000000
0.000000
0.000000
0.000000
0.000000
0.000000
0.000000
0.000000
0.000000
0.000000
0.000000
0.000000
0.000000
0.000000
0.000000
0.000000
0.000000
0.000000
0.000000
0.000000
0.000000
0.000000
0.000000
0.000000
0.000000
0.000000
0.000000
0.000000
0.000000
0.000000
0.000000
0.000000
0.000000
0.000000
0.000000
0.000000
0.000000
0.000000
0.000000
0.000000
0.000000
0.000000
0.000000
0.000000
0.000000
0.000000
0.000000
0.000000
0.000000
0.000000
0.000000
0.000000
0.000000
0.000000
0.000000
0.000000
0.000000
0.000000
0.000000
0.000000
0.000000
0.000000
0.000000
0.000000
0.000000
0.000000
0.000000
0.000000
0.000000
0.000000
0.000000
0.000000
0.000000
0.000000
0.000000
0.000000
0.000000
0.000000
0.000000
0.000000
0.000000
0.000000
0.000000
0.000000
0.000000
0.000000
0.000000
0.000000
0.000000
0.000000
0.000000
0.000000
0.000000
0.000000
0.000000
0.000000
0.000000
0.000000
0.000000
0.000000
0.000000
0.000000
0.000000
0.000000
0.000000
0.000000
0.000000
0.000000
0.000000
0.000000
0.000000
0.000000
0.000000
0.000000
0.000000
0.000000
0.000000
0.000000
0.000000
0.000000
0.000000
0.000000
0.000000
0.000000
0.000000
0.000000
0.000000
0.061685
0.000000
0.420556
0.000000
0.067327
0.000000
0.000000
0.000000
0.000000
0.000000
0.000000
0.000000
0.000000
0.000000
0.000000
0.000000
0.000000
0.000000
0.335431
0.233210
0.628419
0.066089
0.000000
0.129049
0.000000
0.000000
0.000000
0.000000
0.156157
0.000000
0.000000
0.000000
0.000000
0.000000
0.116402
0.050961
1.007429
0.389849
1.046231
0.215278
0.000000
0.269052
0.125791
1.365077
0.677925
0.000000
0.820617
0.000000
0.000000
0.012979
0.000000
0.071961
0.000000
0.703665
0.575275
0.064058
0.448677
0.226275
0.000000
0.000000
0.000000
0.358158
0.000000
0.000000
0.533751
0.000000
0.000000
0.000000
0.000000
0.430880
0.000000
0.308896
2.319057
1.834929
0.090242
0.502977
0.000000
0.004853
0.000000
0.144738
0.000000
0.036511
0.000000
0.000000
0.294484
0.052353
0.000000
0.000000
0.000000
0.000000
0.000000
0.000000
0.000000
0.374412
0.000000
0.000000
0.000000
0.000000
0.000000
0.648523
0.000000
0.000000
0.000000
0.000000
0.742063
0.000000
0.000000
0.000000
0.063600
0.374589
0.000000
0.081091
0.075139
0.000000
0.000000
0.712578
0.000000
0.000000
0.018617
0.000000
0.000000
0.000000
0.000000
0.000000
0.000000
0.000000
0.310552
1.141039
2.746587
0.000000
0.000000
0.000000
0.000000
0.000000
0.000000
0.000000
0.576899
0.000000
0.000000
0.000000
0.000000
0.138713
0.000000
0.000000
4.228935
0.000000
0.000000
0.000000
0.000000
0.000000
0.000000
0.000000
0.000000
0.000000
0.000000
0.000000
0.000000
0.000000
0.000000
0.000000
0.000000
0.000000
5.176641
0.000000
0.000000
0.000000
0.000000
0.000000
0.000000
0.000000
0.000000
0.000000
0.000000
0.000000
0.000000
0.000000
0.000000
0.000000
0.000000
0.000000
3.669215
0.000000
0.000000
0.000000
0.000000
0.000000
0.000000
0.000000
0.000000
0.000000
0.000000
0.000000
0.000000
0.000000
0.000000
0.000000
0.000000
0.000000
4.112969
0.000000
0.000000
0.000000
0.000000
0.000000
0.000000
0.000000
0.000000
0.000000
0.000000
0.000000
0.000000
0.000000
0.000000
0.000000
0.000000
0.000000
0.000000
0.000000
0.000000
0.000000
0.000000
0.000000
0.000000
0.000000
0.000000
0.000000
0.000000
0.000000
0.000000
0.000000
0.000000
0.000000
0.000000
0.000000
0.000000
0.000000
0.000000
0.000000
0.000000
0.000000
0.000000
0.000000
0.000000
0.000000
0.000000
0.000000
0.000000
0.000000
0.000000
0.000000
0.000000
0.000000
0.000000
0.000000
0.000000
0.000000
0.000000
0.000000
0.000000
0.000000
0.000000
0.000000
0.000000
0.000000
0.000000
0.000000
0.000000
0.000000
0.000000
0.000000
0.000000
0.000000
0.000000
0.000000
0.000000
0.000000
0.000000
0.000000
0.000000
0.000000
0.000000
0.000000
0.000000
0.000000
0.000000
0.000000
0.000000
0.000000
0.206759
0.062615
0.085331
0.000000
0.012483
0.000000
0.000000
0.000000
0.000000
0.000000
0.254398
0.060712
0.000000
0.000000
0.000000
0.039647
0.000000
0.720622
1.082161
1.246057
2.018157
0.023662
0.052307
0.171571
0.394035
0.140968
2.012421
0.000000
3.412926
1.043248
1.017435
1.000537
1.993306
0.502387
0.111424
1.667686
0.593988
1.113065
3.294785
0.330765
0.061958
1.261682
0.109141
1.206677
2.942237
0.139896
3.006763
0.868555
1.630546
2.177273
2.563880
0.226663
0.459942
2.143158
0.533178
0.145233
0.462033
0.393928
0.000000
0.210316
0.000000
0.156355
0.195335
0.135219
0.272718
0.000000
0.276248
0.483918
0.311570
0.087468
0.005107
2.337257
0.000000
0.000000
0.000000
0.000000
0.000000
0.000000
0.000000
0.000000
0.000000
0.000000
0.000000
0.000000
0.000000
0.000000
0.000000
0.000000
0.000000
0.000000
0.000000
0.000000
0.000000
0.000000
0.000000
0.000000
0.000000
0.000000
0.000000
0.000000
0.000000
0.000000
0.000000
0.000000
0.000000
0.000000
0.000000
0.000000
0.000000
0.000000
0.000000
0.000000
0.000000
0.000000
0.000000
0.000000
0.000000
0.000000
0.000000
0.000000
0.000000
0.000000
0.000000
0.000000
0.000000
0.000000
0.000000
0.000000
0.000000
0.000000
0.000000
0.000000
0.000000
0.000000
0.000000
0.000000
0.000000
0.000000
0.000000
0.000000
0.000000
0.000000
0.000000
0.000000
0.026939
0.000000
0.210333
0.000000
0.424535
0.000000
0.000000
0.251786
0.015931
0.000000
0.321634
0.045793
0.131863
0.041237
0.000000
0.106299
0.000000
0.258939
0.560469
0.089882
0.000000
0.000000
0.118365
0.210751
0.032061
0.037846
0.067915
0.317385
0.094617
0.000000
0.059849
0.000000
0.674208
0.017266
0.000000
0.096002
0.000000
0.000000
0.000000
0.000000
0.154141
0.090013
0.000000
1.150237
0.000000
0.160958
0.305023
0.000000
0.194519
0.000000
0.164382
0.000000
1.215978
0.317503
0.061776
0.000000
0.000000
0.223103
0.000000
0.072611
0.000000
0.277919
0.051556
0.000000
0.037891
0.000000
0.186100
0.000000
0.180362
0.000344
0.186677
0.000000
1.136740
0.142400
0.344654
0.000000
0.092812
0.000000
0.023985
0.000000
0.000000
0.461696
0.817239
0.750295
0.000000
0.166138
0.000000
0.000000
0.000000
0.000000
0.000000
0.048081
0.000000
0.000000
0.000000
0.022486
0.000000
0.055825
0.000000
5.472905
0.000000
0.000000
0.000000
0.933987
2.035691
0.000000
0.000000
0.000000
0.031956
0.032282
0.000000
0.000000
0.000000
0.000000
0.944931
0.369714
0.000000
0.264894
0.243646
0.000000
0.000000
0.000000
0.000000
0.481822
0.000000
0.000000
0.000000
0.000000
0.000000
0.000000
0.000000
0.000000
0.000000
0.000000
0.000000
0.000000
0.000000
0.000000
0.000000
0.000000
0.000000
0.000000
0.000000
0.000000
0.000000
0.000000
0.048120
0.000000
0.000000
0.000000
0.000000
0.000000
0.000000
0.000000
0.000000
0.000000
0.000000
0.000000
0.000000
0.000000
0.000000
0.205363
0.066865
0.000000
1.382834
0.000000
0.000000
0.000000
0.052106
0.000000
0.730033
0.000000
1.017381
0.000000
0.000000
0.426194
0.429428
0.012129
0.000000
1.110322
0.905988
0.393175
1.551843
0.000000
0.000000
0.000000
0.409057
0.226606
2.028757
0.000000
0.968578
0.651316
0.000000
1.232417
0.503795
0.172419
0.000000
3.113213
0.027163
0.085241
0.098744
0.000000
0.000000
0.000000
0.000000
0.000000
0.000000
0.000000
0.056491
0.000000
0.000000
0.118258
0.000000
0.003809
0.000000
0.733770
0.000000
0.000000
0.000000
0.000000
0.000000
0.000000
0.000000
0.000000
0.000000
0.000000
0.000000
0.000000
0.000000
0.000000
0.000000
0.000000
0.000000
0.000000
0.000000
0.000000
0.000000
0.000000
0.000000
0.000000
0.000000
0.000000
0.000000
0.000000
0.000000
0.000000
0.000000
0.000000
0.000000
0.000000
0.000000
0.000000
0.000000
0.000000
0.000000
0.000000
0.000000
0.000000
0.000000
0.000000
0.000000
0.000000
0.000000
0.000000
0.000000
0.000000
0.000000
0.000000
0.000000
0.000000
0.000000
0.000000
0.000000
0.000000
0.000000
0.000000
0.000000
0.000000
0.000000
0.000000
0.000000
0.000000
0.000000
0.000000
0.000000
0.000000
0.000000
0.000000
0.000000
0.000000
0.000000
0.000000
0.000000
0.000000
0.000000
0.000000
0.000000
0.000000
0.000000
0.000000
0.000000
0.000000
0.000000
0.000000
0.000000
0.000000
0.000000
0.000000
0.000000
0.000000
0.000000
0.000000
0.000000
0.000000
0.000000
0.000000
0.000000
0.000000
0.000000
0.000000
0.000000
0.000000
0.000000
0.000000
0.000000
0.000000
0.000000
0.000000
0.000000
0.000000
0.000000
0.000000
0.000000
0.000000
0.000000
0.000000
0.000000
0.000000
0.000000
0.000000
0.000000
0.000000
0.000000
0.000000
0.000000
0.000000
0.000000
0.000000
0.000000
0.000000
0.000000
0.000000
0.000000
0.000000
0.000000
0.000000
0.000000
0.000000
0.000000
0.000000
0.000000
0.000000
0.000000
0.000000
0.000000
0.000000
0.000000
0.000000
0.000000
0.000000
0.000000
0.000000
0.000000
0.371652
0.000000
0.000000
0.000000
0.000000
0.535438
0.000000
0.000000
0.968351
0.000000
0.000000
0.000000
0.000000
0.000000
0.000000
0.000000
0.000000
0.000000
0.000000
0.000000
0.000000
0.000000
0.000000
0.000000
0.000000
0.000000
0.000000
0.000000
0.000000
0.679195
0.000000
0.000000
0.453734
0.000000
0.576959
0.000000
0.187073
0.074007
0.058196
0.000000
0.000000
2.095338
0.086847
0.000000
0.000000
0.000000
0.000000
0.103632
0.000000
0.000000
0.000000
0.000000
0.203785
0.000000
0.145844
0.000000
0.000000
0.000000
0.000000
0.055128
0.302767
0.073463
0.000000
0.627018
0.000000
0.000000
0.000000
0.000000
0.000000
0.149790
0.000000
0.634135
1.698971
0.000000
0.000000
0.000000
0.137597
0.123727
0.000000
0.000000
0.000000
0.000000
0.191629
0.000000
0.006956
0.000000
0.000000
0.000000
0.000000
0.000000
0.000000
0.000000
0.000000
0.271489
0.439314
0.018002
0.014030
0.000000
0.000000
0.000000
0.000000
0.000000
0.000000
0.000000
0.000000
0.056277
0.000000
0.000000
0.000000
0.000000
0.000000
0.000000
0.261279
0.000000
0.051115
0.036779
0.000000
0.000000
0.000000
0.000000
0.180032
0.000000
0.000000
0.000000
0.000000
0.000000
0.000000
0.000000
0.000000
0.000000
0.000000
0.000000
0.000000
0.000000
0.000000
0.000000
0.000000
0.000000
0.000000
0.000000
0.000000
0.000000
0.000000
0.000000
0.000000
0.000000
0.000000
0.000000
0.000000
0.000000
0.000000
0.000000
0.000000
0.000000
0.000000
0.000000
0.000000
0.000000
0.000000
0.000000
0.000000
0.000000
0.000000
0.000000
0.000000
0.000000
0.000000
0.000000
0.000000
0.000000
0.000000
0.000000
0.000000
0.000000
0.000000
0.000000
0.000000
0.000000
0.000000
0.000000
0.000000
0.000000
0.000000
0.000000
0.000000
0.000000
0.000000
0.000000
0.000000
0.000000
0.000000
0.000000
0.000000
0.000000
0.000000
0.000000
0.000000
0.000000
0.000000
0.000000
0.000000
0.000000
0.000000
0.040663
0.000000
0.000000
0.000000
0.110323
0.000000
0.000000
0.094814
0.059053
0.000000
0.185870
0.000000
0.045732
0.118219
0.000000
0.000000
0.000000
0.261504
0.054453
0.011047
0.495999
0.015152
0.087856
0.186312
1.271225
0.862829
1.690917
0.171595
1.115250
0.000000
0.000000
2.056971
0.049714
0.010105
1.016365
1.090294
0.056325
0.943843
0.087358
0.045810
0.836430
0.918846
0.708134
0.550482
0.491578
0.000000
1.068325
0.000000
0.000000
0.066254
0.078526
0.746602
0.140435
0.306684
0.042146
0.000000
0.353517
0.000000
0.000000
0.087610
0.105067
1.310228
0.398918
0.000000
1.651865
0.000000
0.000000
0.679283
0.186533
1.861904
0.000000
1.242525
0.000000
0.491695
0.000000
0.000000
0.000000
0.000000
0.000000
0.000000
0.000000
0.000000
0.000000
0.000000
0.000000
0.000000
0.000000
0.000000
0.000000
0.000000
0.751450
0.000000
0.000000
0.000000
0.000000
0.000000
0.000000
0.000000
0.000000
0.000000
0.000000
0.000000
0.000000
0.000000
0.000000
0.000000
0.000000
0.000000
0.466772
2.060528
0.000000
0.000000
0.000000
0.000000
0.000000
0.000000
0.000000
0.435157
0.000000
0.000000
0.000000
0.000000
0.268780
0.568491
0.000000
0.000000
1.922305
0.000000
0.000000
0.000000
0.000000
0.000000
0.000000
0.000000
0.000000
0.000000
0.000000
0.164705
0.000000
0.172785
0.000000
0.539171
0.322356
0.000000
0.000000
0.000000
0.000000
0.275554
0.051281
0.000000
0.000000
0.000000
0.000000
0.000000
0.000000
0.000000
0.000000
0.000000
0.000000
0.000000
0.000000
0.000000
0.000000
0.000000
0.000000
0.691024
0.000000
0.000000
0.000000
0.085292
0.000000
0.000000
0.000000
0.000000
0.000000
0.000000
0.000000
0.000000
0.000000
0.000000
0.000000
0.000000
0.000000
0.000000
0.002363
0.000000
0.337311
0.000000
0.000000
0.343945
0.000000
0.297737
0.000000
0.144145
0.000000
0.000000
0.000000
0.000000
0.922700
0.517529
0.376209
0.000000
0.000000
0.000000
1.218605
0.000000
0.820780
0.309471
0.840563
0.316536
0.000000
1.362905
0.000000
0.333620
0.402918
0.000000
0.065111
0.000000
0.000000
0.000000
0.000000
0.000000
0.061453
0.207255
0.000000
0.000000
0.000000
0.000000
0.000000
0.000000
0.081244
0.079482
0.000000
0.594890
0.000000
0.000000
0.000000
0.196964
0.000000
0.000000
0.000000
0.000000
0.000000
0.000000
0.000000
0.000000
0.000000
0.000000
0.000000
0.000000
0.000000
0.383510
0.023980
0.000000
0.000000
0.000000
0.000000
0.000000
0.000000
0.272067
0.000000
0.244670
0.000000
0.294517
0.000000
0.267138
0.000000
0.000000
0.000000
1.011806
0.341491
0.048614
0.000000
0.000000
0.000000
0.000000
0.000000
0.000000
0.000000
0.000000
0.144097
0.000000
0.000000
0.096691
0.000000
0.000000
0.000000
1.734648
0.336885
0.000000
0.000000
0.000000
0.000000
0.000000
0.000000
0.000000
0.000000
0.000000
0.000000
0.000000
0.059153
0.089640
0.000000
0.000000
0.000000
0.930083
1.010489
0.774935
0.000000
0.000000
0.000000
0.050021
0.000000
0.000000
0.000000
0.172254
0.473432
0.000000
0.000000
0.000000
0.172641
0.000000
0.084707
0.578137
0.000000
0.779143
0.000000
0.000000
0.000000
0.197916
0.316791
0.475878
0.000000
0.047893
0.177115
0.000000
0.000000
0.000000
0.198703
0.000000
1.428007
0.551773
0.000000
0.000000
0.000000
0.000000
0.000000
0.000000
0.000000
0.237989
0.000000
0.140589
0.000000
0.000000
0.000000
0.000000
0.239528
0.000000
0.318708
0.318921
0.000000
0.000000
0.000000
0.000000
0.000000
0.000000
0.000000
0.000000
0.000000
0.000000
0.000000
0.000000
0.000000
0.000000
0.000000
0.000000
0.000000
0.000000
0.000000
0.000000
0.000000
0.000000
0.000000
0.000000
0.000000
0.000000
0.000000
0.000000
0.000000
0.000000
0.000000
0.000000
0.000000
0.000000
0.000000
0.000000
0.000000
0.000000
0.000000
0.000000
0.000000
0.000000
0.000000
0.000000
0.000000
0.000000
0.000000
0.000000
0.000000
0.000000
0.000000
0.000000
0.000000
0.000000
0.000000
0.000000
0.000000
0.000000
0.000000
0.000000
0.000000
0.000000
0.000000
0.000000
0.000000
0.000000
0.000000
0.000000
0.000000
0.000000
0.000000
0.000000
0.880027
0.332771
0.000000
0.000000
0.000000
0.000000
0.000000
0.000000
0.000000
0.000000
0.049728
0.000000
0.000000
0.472483
0.000000
0.000000
0.000000
0.000000
2.055378
0.025955
0.000000
0.000000
0.018017
0.000000
0.000000
0.000000
0.364988
0.010570
0.004805
0.000000
0.000000
0.000000
0.058658
0.054358
0.112741
0.207002
2.624245
1.447099
0.000000
0.000000
0.000000
0.160802
0.000000
0.372239
0.174079
0.000000
0.348799
0.000000
0.313237
0.143147
0.059509
0.000000
0.148283
0.027422
2.246135
0.463264
0.000000
0.000000
0.000000
0.125375
0.000000
0.000000
0.000000
0.000000
0.000000
0.000000
0.114675
0.284231
0.000000
0.078300
0.000000
0.384878
0.000000
0.000000
0.000000
0.000000
0.000000
0.000000
0.000000
0.000000
0.000000
0.000000
0.000000
0.000000
0.236261
0.000000
0.000000
0.000000
0.000000
0.000000
0.000000
0.000000
0.000000
0.000000
0.000000
0.000000
0.000000
0.000000
0.000000
0.000000
0.000000
0.000000
0.000000
0.000000
0.000000
0.000000
0.499067
0.825147
0.000000
0.000000
0.000000
0.000000
0.000000
0.000000
0.000000
0.000000
0.000000
0.000000
0.000000
0.000000
0.000000
0.000000
0.000000
0.000000
0.337476
0.000000
0.159713
0.456677
0.000000
0.000000
0.000000
0.000000
0.000000
0.008047
0.000000
0.000000
0.000000
0.000000
0.000000
0.000000
0.000000
0.000000
0.575673
0.000000
0.000000
0.000000
0.000000
0.000000
0.000000
0.000000
0.000000
0.000000
0.000000
0.000000
0.000000
0.000000
0.000000
0.000000
0.000000
0.000000
0.000000
0.000000
0.000000
0.000000
0.000000
0.000000
0.000000
0.000000
0.000000
0.000000
0.000000
0.000000
0.000000
0.000000
0.000000
0.000000
0.000000
0.000000
0.000000
0.000000
0.000000
0.000000
0.000000
0.000000
0.000000
0.000000
0.000000
0.000000
0.000000
0.000000
0.000000
0.000000
0.000000
0.000000
0.000000
0.000000
0.000000
0.000000
0.000000
0.000000
0.000000
0.000000
0.000000
0.000000
0.000000
0.000000
0.000000
0.000000
0.000000
0.000000
0.000000
0.000000
0.000000
0.000000
0.000000
0.000000
0.092513
0.000000
0.032409
0.000000
0.033772
0.000000
0.060751
0.000000
0.000000
0.000000
0.048726
0.000000
0.054145
0.000000
0.000000
0.000000
0.000000
0.000000
0.000000
0.043418
0.344251
0.126468
0.000000
0.068886
0.000000
0.321730
0.000000
1.329313
0.044296
0.000000
0.000000
0.798701
0.194073
0.000000
0.000000
1.554903
0.455300
0.620046
0.003225
0.013256
0.000000
0.000000
1.043704
0.498299
0.057970
0.010022
0.230573
0.076991
0.000000
0.105723
0.000000
0.052664
0.000000
0.000000
0.067005
0.000000
0.000000
0.000000
0.000000
0.000000
0.000000
0.004080
0.000000
0.000000
0.204998
0.000000
0.000000
0.000000
0.000000
0.014623
0.000000
0.000000
0.000000
0.000000
0.000000
0.000000
0.000000
0.000000
0.000000
0.000000
0.000000
0.000000
0.000000
0.000000
0.000000
0.000000
0.000000
0.000000
0.000000
0.000000
0.000000
0.000000
0.000000
0.000000
0.000000
0.000000
0.000000
0.000000
0.000000
0.000000
0.000000
0.000000
0.000000
0.000000
0.000000
0.000000
0.000000
0.000000
0.000000
0.000000
0.000000
0.000000
0.000000
0.000000
0.000000
0.000000
0.000000
0.000000
0.000000
0.000000
0.000000
0.000000
0.000000
0.000000
0.000000
0.000000
0.000000
0.000000
0.000000
0.000000
0.000000
0.000000
0.000000
0.000000
0.000000
0.000000
0.000000
0.000000
0.000000
0.000000
0.000000
0.000000
0.000000
0.000000
0.000000
0.000000
0.000000
0.000000
0.000000
0.000000
0.000000
0.000000
0.000000
0.000000
0.000000
0.000000
0.000000
0.000000
0.000000
0.000000
0.000000
0.000000
0.000000
0.000000
0.000000
0.000000
0.000000
0.000000
0.000000
0.000000
0.000000
0.000000
0.000000
0.000000
0.000000
0.000000
0.000000
0.000000
0.000000
0.000000
0.000000
0.000000
0.000000
0.000000
0.000000
0.000000
0.000000
0.000000
0.000000
0.000000
0.000000
0.000000
0.000000
0.000000
0.000000
0.000000
0.000000
0.000000
0.000000
0.000000
0.000000
0.000000
0.000000
0.000000
0.000000
0.000000
0.000000
0.000000
0.000000
0.000000
0.000000
0.000000
0.000000
0.000000
0.000000
0.000000
0.000000
0.000000
0.000000
0.000000
0.000000
0.000000
0.000000
0.000000
0.000000
0.000000
0.000000
0.000000
0.000000
0.000000
0.000000
0.000000
0.000000
0.000000
0.000000
0.000000
0.000000
0.000000
0.000000
0.000000
0.000000
0.000000
0.000000
0.000000
0.000000
0.000000
0.000000
0.000000
0.000000
0.000000
0.000000
0.000000
0.000000
0.000000
0.000000
0.000000
0.000000
0.000000
0.000000
0.000000
0.000000
0.000000
0.000000
0.000000
0.000000
0.000000
0.000000
0.000000
0.000000
0.000000
0.000000
0.000000
0.000000
0.000000
0.000000
0.000000
0.000000
0.000000
0.000000
0.000000
0.000000
0.000000
0.000000
0.000000
0.000000
0.000000
0.000000
0.000000
1.148521
0.488905
1.431654
0.000000
0.954804
0.000000
0.000000
1.091617
0.000000
0.113445
0.069744
0.000000
0.000000
1.070682
0.000000
0.000000
0.000000
4.829710
0.366211
0.614424
0.299562
0.000000
0.415841
0.267955
0.000000
0.140590
0.000000
0.000000
0.188932
0.000000
0.000000
0.000000
2.012468
0.000000
0.260683
0.768801
0.240769
0.594083
0.312579
0.000000
0.397127
0.172217
0.000000
3.143750
0.000000
0.000000
2.994889
0.000000
0.140638
0.000000
0.000000
0.000000
1.110144
1.319926
0.000000
0.000000
0.073744
0.000000
0.000000
0.000000
0.000000
0.000000
0.000000
0.000000
0.000000
0.000000
1.271368
0.000000
0.034072
0.000000
0.000000
0.000000
0.591063
0.000000
0.674655
0.271282
0.257075
0.000000
0.000000
0.000000
0.000000
0.000000
0.587420
0.000000
0.608959
0.784684
0.000000
0.470951
0.000000
0.000000
0.082059
0.006179
0.000000
0.000000
0.000000
0.000000
0.057467
0.000000
0.000000
0.139012
0.000000
0.000000
0.000000
0.115020
0.000000
0.000000
0.000000
0.000000
0.000000
0.172445
0.000000
0.000000
0.000000
0.000000
0.000000
0.000000
0.000000
0.000000
0.000000
0.000000
0.000000
0.000000
0.000000
0.000000
0.000000
0.000000
0.197186
0.750918
0.988497
0.018087
0.000000
0.000000
0.321078
0.448418
0.000000
0.171685
0.000000
0.000000
0.000000
0.000000
0.000000
0.000000
0.000000
0.000000
0.000000
0.423073
0.000000
0.000000
0.000000
0.000000
0.000000
0.000000
0.000000
0.000000
0.050348
0.000000
0.000000
0.000000
0.000000
0.000000
0.000000
0.000000
0.000000
0.045816
0.000000
0.000000
0.000000
0.000000
0.000000
0.175452
0.000000
0.000000
0.000000
0.000000
0.000000
0.000000
0.000000
0.000000
0.000000
0.000000
0.621516
0.243352
0.000000
0.000000
0.000000
0.000000
0.074647
0.000000
0.000000
0.000000
0.000000
0.000000
0.000000
0.021782
0.162650
0.000000
0.000000
0.000000
0.065902
0.000000
0.000000
0.000000
0.000000
0.000000
0.000000
0.026569
0.000000
0.000000
0.000000
0.000000
0.000000
0.000000
0.000000
0.216194
0.000000
0.000000
0.000000
0.000000
0.000000
0.000000
0.000000
0.000000
0.000000
0.000000
0.000000
0.000000
0.000000
0.000000
0.000000
0.000000
0.000000
0.000000
0.000000
0.000000
0.000000
0.000000
0.000000
0.000000
0.000000
0.000000
0.000000
0.000000
0.000000
0.000000
0.000000
0.000000
0.000000
0.000000
0.000000
0.000000
0.000000
0.000000
0.000000
0.000000
0.000000
0.000000
0.000000
0.000000
0.000000
0.000000
0.000000
0.000000
0.000000
0.000000
0.000000
0.000000
0.000000
0.000000
0.000000
0.000000
0.000000
0.000000
0.000000
0.000000
0.000000
0.000000
0.000000
0.000000
0.000000
0.000000
0.000000
0.000000
0.000000
0.000000
0.000000
0.000000
0.000000
0.000000
0.000000
0.000000
0.000000
0.000000
0.000000
0.000000
0.000000
0.000000
0.000000
0.000000
0.000000
0.000000
0.000000
0.000000
0.000000
0.000000
0.000000
0.000000
0.000000
0.000000
0.000000
0.000000
0.000000
0.000000
0.000000
0.000000
0.000000
0.000000
0.000000
0.000000
0.000000
0.000000
0.000000
0.000000
0.000000
0.000000
0.000000
0.000000
0.000000
0.000000
0.000000
0.000000
0.000000
0.000000
0.000000
0.000000
0.000000
0.000000
0.000000
0.000000
0.000000
0.000000
0.000000
0.000000
0.000000
0.000000
0.000000
0.000000
0.000000
0.000000
0.000000
0.000000
0.000000
0.000000
0.000000
0.000000
0.000000
0.000000
0.000000
0.000000
0.000000
0.000000
0.000000
0.000000
0.000000
0.000000
0.000000
0.000000
0.000000
0.000000
0.000000
0.000000
0.000000
0.000000
0.000000
0.000000
0.000000
0.000000
0.000000
0.000000
0.000000
0.000000
0.000000
0.000000
0.000000
0.000000
0.000000
0.000000
0.000000
0.000000
0.000000
0.000000
0.000000
0.000000
0.000000
0.000000
0.000000
0.000000
0.000000
0.000000
0.000000
0.000000
0.000000
0.000000
0.000000
0.000000
0.000000
0.000000
0.000000
0.000000
0.000000
0.000000
0.000000
0.000000
0.000000
0.000000
0.000000
0.000000
0.000000
0.000000
0.000000
0.000000
0.000000
0.000000
0.000000
0.000000
0.000000
0.000000
0.000000
0.000000
0.000000
0.000000
0.000000
0.000000
0.000000
0.000000
0.000000
0.000000
0.000000
0.000000
0.000000
0.000000
0.000000
0.000000
0.000000
0.000000
0.000000
0.000000
0.000000
0.000000
0.000000
0.000000
0.000000
0.000000
0.000000
0.000000
0.000000
0.000000
0.000000
0.000000
0.000000
0.000000
0.000000
0.000000
0.000000
0.000000
0.000000
0.000000
0.000000
0.000000
0.000000
0.000000
0.000000
0.000000
0.000000
0.000000
0.000000
0.000000
0.000000
0.000000
0.000000
0.000000
0.000000
0.000000
0.000000
0.000000
0.000000
0.000000
0.000000
0.000000
0.000000
0.000000
0.000000
0.000000
0.000000
0.000000
0.000000
0.000000
0.000000
0.000000
0.000000
0.000000
0.000000
0.000000
0.000000
0.000000
0.073228
0.000000
0.041739
0.000000
0.000000
0.000000
0.000000
0.000000
0.000000
0.000000
0.000000
0.000000
0.000000
0.000000
0.000000
0.000000
0.000000
0.000000
0.285121
0.000000
0.860204
0.063025
0.000000
0.000000
0.000000
0.103050
0.181433
0.021329
0.000000
0.291721
0.000000
0.121784
0.077638
0.390496
0.000000
0.018308
0.239543
0.069417
0.916010
0.174077
0.000000
0.000000
0.163781
0.000000
1.301870
0.056337
0.000000
1.019823
0.000000
1.280717
0.044576
0.710081
0.000000
0.000000
0.000000
0.000000
0.069630
0.005030
0.000000
0.000000
0.000000
0.000000
0.000000
0.000000
0.165627
0.000000
0.000000
0.000000
0.000000
0.000000
0.000000
0.000000
0.000000
0.000000
0.000000
0.000000
0.000000
0.000000
0.000000
0.000000
0.000000
0.000000
0.000000
0.000000
0.000000
0.000000
0.000000
0.000000
0.000000
0.000000
0.000000
0.000000
0.000000
0.000000
0.000000
0.000000
0.000000
0.000000
0.000000
0.000000
0.000000
0.000000
0.000000
0.000000
0.000000
0.000000
0.000000
0.000000
0.000000
0.000000
0.000000
0.000000
0.000000
0.000000
0.000000
0.000000
0.000000
0.000000
0.000000
0.000000
0.000000
0.000000
0.000000
0.000000
0.000000
0.000000
0.000000
0.000000
0.000000
0.000000
0.000000
0.000000
0.000000
0.000000
0.000000
0.000000
0.000000
0.000000
0.000000
0.000000
0.000000
0.000000
0.000000
0.000000
0.277441
0.000000
0.000000
0.000000
0.000000
0.000000
0.000000
0.000000
0.000000
0.000000
0.000000
0.000000
0.000000
0.000000
0.000000
0.000000
0.000000
0.429355
0.341245
0.000000
0.581276
0.000000
0.000000
0.000000
0.000000
0.000000
0.000000
0.000000
0.000000
0.000000
0.061320
0.000000
0.039664
0.000000
0.000000
1.031976
1.338338
2.856016
1.887179
0.000000
0.000000
0.370825
0.000000
0.015526
0.059933
0.000000
0.688908
0.000000
0.363006
0.088585
0.013842
0.000000
0.249684
0.326164
1.442975
1.309154
1.001600
0.137290
0.000000
0.000000
0.000000
0.000000
0.000000
0.000000
0.000000
0.000000
0.000000
0.000000
0.000000
0.000000
0.000000
1.075183
0.000000
0.524854
0.000000
0.000000
0.000000
0.000000
0.000000
0.000000
0.000000
0.000000
0.000000
0.000000
0.000000
0.000000
0.000000
0.000000
0.000000
0.000000
0.000000
0.000000
0.000000
0.187999
0.000000
0.094036
0.000000
0.105044
0.000000
0.000000
0.000000
0.000000
0.000000
0.000000
0.000000
0.000000
0.891526
0.000000
0.000000
0.000000
0.000000
0.000000
0.000000
0.000000
0.505655
0.000000
0.000000
0.000000
0.000000
0.000000
0.000000
0.000000
0.000000
0.487685
0.000000
0.000000
0.000000
0.663064
0.000000
0.000000
0.000000
0.000000
0.000000
0.000000
0.000000
0.000000
0.000000
0.000000
0.000000
0.000000
0.000000
0.000000
0.000000
0.000000
0.027510
0.000000
0.390696
0.060313
1.603941
0.000000
0.000000
0.000000
0.000000
0.000000
0.000000
0.000000
0.000000
0.513882
0.000000
0.000000
0.000000
0.096187
0.150975
0.241762
0.000000
0.000000
0.000000
0.108689
0.466299
0.019043
0.000000
0.000000
0.256870
0.000000
0.023688
0.000000
0.127041
0.000000
2.484828
0.000000
0.083330
0.033247
0.000000
0.000000
0.111598
0.643050
0.234571
0.465813
0.000000
0.000000
0.096572
0.000000
0.028064
0.000000
0.000000
0.000000
0.128530
0.000000
0.534346
0.029494
1.072863
0.482055
0.000000
0.000000
0.017846
0.149778
0.000000
0.124814
0.000000
0.000000
0.319765
0.000000
0.040976
0.000000
0.151820
0.398852
0.000000
0.000000
0.000000
0.000000
0.000000
0.000000
0.000000
0.000000
0.000000
0.000000
0.000000
0.000000
0.000000
0.000000
0.000000
0.000000
0.000000
0.000000
0.000000
0.000000
0.000000
0.000000
0.000000
0.000000
0.000000
0.000000
0.000000
0.000000
0.000000
0.000000
0.000000
0.000000
0.000000
0.000000
0.000000
0.000000
0.000000
0.000000
0.000000
0.000000
0.000000
0.000000
0.000000
0.000000
0.000000
0.000000
0.000000
0.000000
0.000000
0.000000
0.000000
0.000000
0.000000
0.000000
0.000000
0.000000
0.000000
0.000000
0.000000
0.000000
0.000000
0.000000
0.000000
0.000000
0.000000
0.000000
0.000000
0.000000
0.000000
0.000000
0.000000
0.000000
0.000000
0.000000
0.000000
0.000000
0.000000
0.000000
0.000000
0.000000
0.000000
0.000000
0.000000
0.000000
0.000000
0.000000
0.000000
0.000000
0.000000
0.000000
0.000000
0.000000
0.000000
0.000000
0.000000
0.000000
0.000000
0.000000
0.000000
0.000000
0.000000
0.000000
0.000000
0.000000
0.000000
0.000000
0.000000
0.000000
0.000000
0.000000
0.000000
0.000000
0.000000
0.000000
0.000000
0.000000
0.000000
0.000000
0.000000
0.000000
0.000000
0.000000
0.000000
0.000000
0.000000
0.000000
0.000000
0.000000
0.000000
0.000000
0.000000
0.000000
0.000000
0.000000
0.000000
0.000000
0.000000
0.000000
0.000000
0.000000
0.000000
0.000000
0.000000
0.000000
0.000000
0.000000
0.000000
0.000000
0.000000
0.000000
0.000000
0.000000
0.000000
0.000000
0.000000
0.000000
0.000000
0.000000
0.000000
0.000000
0.000000
0.000000
0.000000
0.000000
0.000000
0.000000
0.000000
0.000000
0.000000
0.000000
0.000000
0.000000
0.000000
0.000000
0.000000
0.000000
0.000000
0.000000
0.000000
0.000000
0.000000
0.277017
0.000000
0.000000
0.000000
0.000000
0.000000
0.000000
0.000000
0.000000
0.000000
0.000000
0.000000
0.000000
0.000000
0.000000
0.000000
0.000000
0.000000
0.000000
0.000000
0.000000
0.000000
0.000000
0.000000
0.000000
0.000000
0.000000
0.000000
0.000000
0.000000
0.000000
0.000000
0.000000
0.000000
0.000000
0.068858
0.000000
0.000000
0.000000
0.490441
0.000000
0.000000
0.220405
0.000000
0.000000
0.000000
0.000000
0.000000
0.000000
0.000000
0.000000
0.000000
0.000000
0.891852
0.000000
0.000000
0.595543
0.000000
0.000000
1.805689
0.770803
0.269694
0.000000
0.000000
0.000000
0.000000
0.443810
0.000000
0.000215
1.747062
1.899875
0.801387
0.000000
0.000000
0.247184
0.000000
0.000014
1.613765
0.079222
0.501803
0.138795
0.047295
0.080887
0.000000
0.651667
0.010302
0.000000
0.097324
0.000000
0.000000
0.000000
0.000000
0.000000
0.000000
0.000000
0.056857
0.000000
0.000000
0.000000
0.000000
0.006791
0.000000
0.000000
0.000000
0.000000
0.000000
0.000000
0.726750
0.211342
0.000000
0.000000
0.395198
0.000000
0.000000
0.000000
0.000000
0.000000
0.247921
0.000000
0.000000
0.000000
0.000000
0.000000
0.000000
0.000000
0.419435
0.106244
0.000000
0.321118
0.000000
0.000000
0.000000
0.000000
0.000000
0.000000
0.000000
0.000000
0.000000
0.000000
0.000000
0.449721
0.325001
0.000000
2.162649
2.376263
0.000000
0.000000
0.000000
0.000000
0.639497
0.000000
0.000000
1.364102
0.047269
0.524473
0.000000
0.151958
2.067314
0.114169
0.617141
0.000000
1.223670
0.556267
0.771574
0.231399
0.000000
0.000000
0.206405
0.000000
0.000000
0.000000
0.000000
0.000000
0.000000
0.000000
0.000000
0.000000
0.000000
0.000000
0.000000
0.000000
0.000000
0.000000
0.000000
0.000000
0.000000
0.000000
0.000000
0.000000
0.000000
0.000000
0.000000
0.000000
0.000000
0.000000
0.000000
0.000000
0.000000
0.000000
0.000000
0.000000
0.000000
0.000000
0.000000
0.000000
0.000000
0.000000
0.000000
0.000000
0.000000
0.000000
0.000000
0.000000
0.000000
0.000000
0.000000
0.000000
0.000000
0.000000
0.000000
0.000000
0.000000
0.000000
0.000000
0.000000
0.000000
0.000000
0.000000
0.000000
0.000000
0.000000
0.000000
0.000000
0.000000
0.000000
0.000000
0.000000
0.000000
0.000000
0.000000
0.000000
0.000000
0.000000
0.000000
0.000000
0.000000
0.000000
0.000000
0.000000
0.000000
0.000000
0.000000
0.000000
0.000000
0.000000
0.000000
0.000000
0.000000
0.000000
0.000000
0.000000
0.000000
0.000000
0.000000
0.000000
0.000000
0.000000
0.000000
0.000000
0.000000
0.000000
0.000000
0.000000
0.000000
0.000000
0.000000
0.000000
0.000000
0.000000
0.000000
0.000000
0.000000
0.000000
0.000000
0.000000
0.000000
0.000000
0.000000
0.000000
0.000000
0.000000
0.000000
0.000000
0.000000
0.000000
0.000000
0.000000
0.000000
0.000000
0.000000
0.000000
0.000000
0.000000
0.000000
0.000000
0.000000
0.000000
0.000000
0.000000
0.000000
0.000000
0.000000
0.000000
0.000000
0.000000
0.000000
0.000000
0.000000
0.000000
0.000000
0.000000
0.000000
0.000000
0.672271
0.713135
1.297918
0.066734
0.000000
0.000000
0.000000
0.039963
0.208309
0.000000
0.092572
0.000000
0.000000
0.416952
0.000000
1.190112
0.054099
0.000000
0.420608
0.000000
0.000000
0.784863
0.000000
0.000000
0.177826
0.000000
0.000000
0.000000
0.000000
0.000000
0.000000
0.000000
0.000000
0.096669
0.038777
0.000000
0.928939
0.248691
0.000000
0.076205
0.000000
0.000000
0.000000
0.000000
0.000000
0.000000
0.000000
0.000000
0.000000
0.000000
0.000000
0.382560
0.000000
0.000000
0.270001
0.219966
0.000000
0.000000
0.000000
0.000000
0.011456
0.000000
0.000000
0.000000
0.121133
0.227698
0.000000
0.092649
0.146764
0.000000
0.000000
0.000000
0.000000
0.067463
0.007658
0.000000
0.059516
0.000000
0.000000
0.000000
0.000000
0.000000
0.112361
0.000000
0.000000
0.007642
0.000000
0.000000
0.000000
0.000000
0.000000
0.594772
0.000000
0.263038
0.000000
0.000000
0.000000
0.000000
0.000000
0.000000
0.000000
0.000000
0.000000
0.000000
0.000000
0.000000
0.000000
0.245523
1.104226
1.337604
0.000000
0.000000
0.000000
0.000000
0.000000
0.000000
0.000000
0.401731
0.000000
0.000000
0.000000
0.000000
0.202554
0.646571
0.000000
0.000000
0.876554
0.000000
0.000000
0.000000
0.000000
0.000000
0.000000
0.000000
0.000000
0.000000
0.000000
0.000000
0.000000
0.154036
0.000000
0.000000
0.000000
0.000000
0.000000
0.000000
0.000000
0.000000
0.000000
0.000000
0.000000
0.000000
0.000000
0.000000
0.000000
0.000000
0.000000
0.000000
0.000000
0.000000
0.000000
0.000000
0.028398
0.000000
0.000000
0.000000
0.000000
0.000000
0.000000
0.000000
0.000000
0.000000
0.000000
0.000000
0.000000
0.000000
0.000000
0.000000
0.000000
0.049365
0.000000
0.000000
0.000000
0.000000
0.000000
0.000000
0.546107
0.101803
0.000000
0.000000
0.000000
0.000000
0.000000
0.000000
0.400327
0.000000
0.169842
0.000000
0.000709
1.011690
0.546026
0.122093
0.000000
0.000000
0.193022
0.491124
0.000000
0.194585
0.000000
0.000000
0.000000
0.000000
0.340167
0.000000
0.419192
0.292798
0.000000
0.000000
0.000000
0.000000
0.000000
0.000000
0.000000
0.000000
0.000000
0.000000
0.079458
0.000000
0.000000
0.000000
0.000000
0.000000
0.000000
0.000000
0.000000
0.000000
0.175054
0.000000
0.000000
0.000000
0.000000
0.000000
0.000000
0.762884
0.000000
0.000000
0.000000
0.262029
0.001020
0.000000
0.000000
0.904714
0.738074
2.715169
1.004376
0.000000
0.000000
0.000000
0.000000
0.000000
0.000000
0.000000
0.526854
0.000000
0.000000
0.000000
0.000000
0.000000
0.000000
0.005494
0.000000
0.000000
0.000000
0.000000
0.000000
0.000000
0.000000
0.000000
0.000000
0.000000
0.000000
0.000000
0.000000
0.000000
0.000000
0.000000
0.000000
0.000000
0.000460
0.000460
0.000460
0.000460
0.000460
0.000460
0.000460
0.000460
0.000460
0.000460
0.000460
0.000460
0.000460
0.000460
0.000460
0.000460
0.000460
0.000460
0.000460
0.000460
0.000460
0.000460
0.000460
0.000460
0.000460
0.000460
0.000460
0.000460
0.000460
0.000460
0.000460
0.000460
0.000460
0.000460
0.000460
0.000460
0.000460
0.000460
0.000460
0.000460
0.000460
0.000460
0.000460
0.000460
0.000460
0.000460
0.000460
0.000460
0.000460
0.000460
0.000460
0.000460
0.000460
0.000460
0.000460
0.000460
0.000460
0.000460
0.000460
0.000460
0.000460
0.000460
0.000460
0.000460
0.000460
0.000460
0.000460
0.000460
0.000460
0.000460
0.000460
0.000460
0.306859
0.000000
0.000000
0.000000
0.141345
0.000000
0.000000
0.000000
0.000000
0.000000
0.000000
0.000000
0.085202
0.000000
0.000000
0.000000
0.000000
0.000000
1.692497
0.610605
0.000000
0.007801
0.000000
0.000000
0.942447
3.529039
0.000000
0.076360
0.000000
0.000000
0.000000
0.000000
0.000000
0.000000
1.932484
2.150252
0.000000
0.005152
0.000000
0.000000
0.000000
0.000000
0.759442
0.000000
0.000000
0.156451
0.000000
0.000000
0.000000
0.000000
0.000000
1.010725
0.017884
0.000000
0.013265
0.000000
0.000000
0.000000
0.000000
0.000000
0.290699
0.000000
0.000000
0.000000
0.000000
0.277541
0.348987
0.033462
0.000000
0.426535
0.042682
0.000000
0.000000
0.000000
0.000000
0.000000
0.000000
0.000000
0.000000
0.000000
0.000000
0.000000
0.000000
0.000000
0.000000
0.000000
0.000000
0.000000
0.000000
0.000000
0.000000
0.000000
0.000000
0.000000
0.000000
0.000000
0.000000
0.000000
0.000000
0.000000
0.000000
0.000000
0.000000
0.000000
0.000000
0.000000
0.000000
0.000000
0.000000
0.000000
0.000000
0.000000
0.000000
0.000000
0.000000
0.000000
0.000000
0.000000
0.000000
0.000000
0.000000
0.000000
0.000000
0.000000
0.000000
0.000000
0.000000
0.000000
0.000000
0.000000
0.000000
0.000000
0.000000
0.000000
0.000000
0.000000
0.000000
0.000000
0.000000
0.000000
0.000000
0.000000
0.000000
0.000000
0.000439
0.000439
0.000439
0.000439
0.000439
0.000439
0.000439
0.000439
0.000439
0.000439
0.000439
0.000439
0.000439
0.000439
0.000439
0.000439
0.000439
0.000439
0.000439
0.000439
0.000439
0.000439
0.000439
0.000439
0.000439
0.000439
0.000439
0.000439
0.000439
0.000439
0.000439
0.000439
0.000439
0.000439
0.000439
0.000439
0.000439
0.000439
0.000439
0.000439
0.000439
0.000439
0.000439
0.000439
0.000439
0.000439
0.000439
0.000439
0.000439
0.000439
0.000439
0.000439
0.000439
0.000439
0.000439
0.000439
0.000439
0.000439
0.000439
0.000439
0.000439
0.000439
0.000439
0.000439
0.000439
0.000439
0.000439
0.000439
0.000439
0.000439
0.000439
0.000439
0.000000
0.000000
0.000000
0.000000
0.000000
0.000000
0.000000
0.000000
0.000000
0.000000
0.000000
0.000000
0.000000
0.000000
0.000000
0.000000
0.000000
0.000000
0.000000
0.000000
0.000000
0.000000
0.000000
0.000000
0.000000
0.000000
0.000000
0.000000
0.000000
0.000000
0.000000
0.000000
0.000000
0.000000
0.000000
0.000000
0.000000
0.000000
0.000000
0.000000
0.000000
0.000000
0.000000
0.000000
0.000000
0.000000
0.000000
0.000000
0.000000
0.000000
0.000000
0.000000
0.000000
0.000000
0.000000
0.000000
0.000000
0.000000
0.000000
0.000000
0.000000
0.000000
0.000000
0.000000
0.000000
0.000000
0.000000
0.000000
0.000000
0.000000
0.000000
0.000000
0.000000
0.000000
0.000000
0.000000
0.000000
0.000000
0.000000
0.000000
0.000000
0.000000
0.000000
0.000000
0.000000
0.000000
0.000000
0.000000
0.000000
0.000000
0.000000
0.000000
0.000000
0.000000
0.000000
0.000000
0.000000
0.000000
0.000000
0.000000
0.000000
0.000000
0.000000
0.000000
0.000000
0.000000
0.000000
0.000000
0.000000
0.000000
0.000000
0.000000
0.000000
0.000000
0.000000
0.000000
0.000000
0.000000
0.000000
0.000000
0.000000
0.000000
0.000000
0.000000
0.000000
0.000000
0.000000
0.000000
0.000000
0.000000
0.000000
0.000000
0.000000
0.000000
0.000000
0.000000
0.000000
0.000000
0.000000
0.000000
0.000000
0.000000
0.000000
0.000000
0.067321
0.100203
0.271313
0.298902
0.000000
0.000000
0.000000
0.007436
0.000000
0.283163
0.781623
0.209142
0.021586
0.042505
0.000000
0.000000
0.000000
0.000000
0.000000
0.000000
0.000000
0.698168
0.000000
0.000000
0.000000
1.095959
0.000000
3.570818
0.000000
0.000000
0.000000
0.908848
1.365386
0.000000
0.000000
0.238678
0.000000
0.000000
0.000000
0.595504
0.000000
0.000000
1.842548
0.037367
0.000000
0.000000
0.000000
0.000000
0.000000
0.000000
0.000000
1.391397
0.000000
0.000000
0.105050
0.000000
0.000000
0.000000
0.000000
0.000000
0.000000
0.000000
0.000000
0.000000
0.000000
0.000000
0.090969
0.069559
0.000000
0.000000
0.000000
0.000000
0.000000
0.000000
0.000000
0.000000
0.000000
0.000000
0.000000
0.000000
0.000000
0.000000
0.000000
0.000000
0.000000
0.000000
0.000000
0.000000
0.000000
0.000000
0.000000
0.000000
0.000000
0.000000
0.000000
0.000000
0.000000
0.000000
0.000000
0.000000
0.000000
0.000000
0.000000
0.000000
0.000000
0.000000
0.000000
0.000000
0.000000
0.000000
0.000000
0.000000
0.000000
0.000000
0.000000
0.000000
0.000000
0.000000
0.000000
0.000000
0.000000
0.000000
0.000000
0.000000
0.000000
0.000000
0.000000
0.000000
0.000000
0.000000
0.000000
0.000000
0.000000
0.000000
0.000000
0.000000
0.000000
0.000000
0.000000
0.000000
0.000000
0.000000
0.000000
0.000000
0.000000
0.000000
0.257152
0.000000
0.637542
0.000000
0.000000
0.000000
0.000000
0.000000
0.000000
0.000000
0.000000
0.757908
0.000000
0.000000
0.000000
0.000000
0.355567
0.079527
0.000000
0.000000
0.000000
0.176590
0.000000
0.000000
0.000000
0.000000
0.000000
0.000000
0.000000
0.000000
0.000000
0.000000
0.139903
0.000000
0.111126
0.156258
0.000000
0.000000
0.000000
0.304688
0.000000
0.012345
0.001144
0.000000
0.000000
0.000000
0.000000
0.000000
0.000000
0.259316
0.000000
0.000000
0.000000
0.313914
0.547633
0.000000
0.000000
0.000000
0.000000
0.000000
0.000000
0.000000
0.153219
0.000000
0.000000
0.000000
0.000000
0.000000
0.000000
0.000000
0.000000
0.000000
0.000000
0.000000
0.171783
0.000000
0.000000
0.000000
0.000000
0.000000
0.000000
0.000000
0.000000
0.000000
0.000000
0.000000
0.000000
0.000000
1.482788
0.401795
0.000000
0.000000
0.000000
0.000000
0.000000
0.000000
0.000000
0.000000
0.009316
0.000000
0.000000
0.000000
0.000000
0.000000
0.000474
0.000000
0.000000
0.979077
0.000000
0.000000
0.000000
0.143336
0.278393
0.011755
0.000000
0.000000
0.072569
0.000000
0.000000
0.000000
0.159915
0.145277
0.000000
0.000000
0.653028
0.471847
0.000000
0.000000
0.000000
0.000000
0.000000
0.000000
0.000000
0.000000
0.000000
0.000000
0.000000
0.000000
0.000000
0.000000
0.000000
0.000000
0.008115
0.157723
0.000000
0.000000
0.528629
0.000000
0.000000
0.213608
0.000000
0.000000
0.000000
0.000000
0.000000
0.000000
0.000000
0.000000
0.000000
0.000000
1.997292
0.377355
0.105760
1.234966
0.000000
0.457274
0.437558
0.000000
0.000000
0.000000
0.058517
0.000000
0.000000
0.000000
0.000000
0.000000
2.536559
0.063609
0.157260
0.006732
0.000000
0.181658
0.000000
0.664850
2.873514
0.064976
0.519751
0.979888
0.000000
0.000000
0.000000
0.370521
0.704748
0.528990
0.204553
0.000000
0.418208
0.144083
0.000000
0.000000
0.000000
0.000000
0.531179
0.000000
0.427152
0.000000
0.000000
0.645046
0.000000
0.790246
0.000000
0.312961
0.313570
0.000000
0.000005
0.000005
0.000005
0.000005
0.000005
0.000005
0.000005
0.000005
0.000005
0.000005
0.000005
0.000005
0.000005
0.000005
0.000005
0.000005
0.000005
0.000005
0.000005
0.000005
0.000005
0.000005
0.000005
0.000005
0.000005
0.000005
0.000005
0.000005
0.000005
0.000005
0.000005
0.000005
0.000005
0.000005
0.000005
0.000005
0.000005
0.000005
0.000005
0.000005
0.000005
0.000005
0.000005
0.000005
0.000005
0.000005
0.000005
0.000005
0.000005
0.000005
0.000005
0.000005
0.000005
0.000005
0.000005
0.000005
0.000005
0.000005
0.000005
0.000005
0.000005
0.000005
0.000005
0.000005
0.000005
0.000005
0.000005
0.000005
0.000005
0.000005
0.000005
0.000005
0.109359
0.000000
0.000000
0.000000
0.279415
0.000000
0.000000
0.000000
0.000000
0.000000
0.000000
0.000000
0.000000
0.000000
0.000000
0.000000
0.000000
0.000000
0.000000
0.000000
0.000000
1.391386
0.000000
0.000000
0.000000
0.300976
0.000000
0.000000
0.000000
0.000000
0.000000
0.000000
0.000000
0.000000
0.000000
1.530913
0.000000
0.363415
0.000000
0.000000
0.000000
0.000000
1.626010
0.000000
0.000000
0.734680
0.000000
0.046547
0.000000
0.091710
0.006588
0.157501
0.000000
0.000000
0.056264
0.000000
0.000000
0.000000
0.000000
0.000000
0.000000
0.000000
0.000000
0.000000
0.000000
0.000000
0.000000
0.000000
0.000000
0.000000
0.000000
0.000000
0.000000
0.000000
0.000000
0.141824
0.083343
0.000000
0.000000
0.000000
0.000000
0.000000
0.000000
0.000000
0.000000
0.193242
0.000000
0.000000
0.000000
0.000000
0.055939
0.000000
0.000000
0.003780
0.000000
0.000000
0.000000
0.000000
0.000000
0.000000
0.000000
0.000000
0.000000
0.000000
0.000000
0.000000
0.000000
0.000000
0.000000
0.000000
0.000000
0.000000
0.000000
0.000000
0.835752
0.000000
0.000000
0.279676
0.000000
0.000000
0.000000
0.000000
0.244803
0.000000
0.202849
0.000000
0.342185
1.107000
1.360498
0.000000
0.000000
0.000000
0.434759
2.159950
0.000000
1.824220
0.000000
0.000000
0.000000
0.000000
0.735206
0.000000
2.029563
0.037534
0.000000
0.150572
0.095827
0.000000
0.000000
0.000000
0.000000
0.000000
0.014849
0.000000
0.000000
0.000000
0.000000
0.181045
0.000000
0.059270
0.000000
0.000000
0.125744
0.081042
0.000000
0.000000
0.000000
0.000000
1.562354
1.190157
0.568809
1.107787
0.000000
0.000000
0.000000
1.430753
0.090897
0.000000
0.166609
0.437479
0.330825
0.210570
0.000000
0.174263
0.000000
0.000000
0.825433
0.000000
0.000000
0.000000
0.016743
0.000000
0.000000
0.000000
0.000000
0.173474
0.000000
0.000000
0.000000
0.000000
0.000000
0.000000
0.000000
0.000000
0.000000
0.000000
0.000000
0.000000
0.000000
0.000000
0.000000
0.000000
0.000000
0.000000
0.000000
0.000000
1.394025
0.006009
0.000000
0.000000
0.036948
0.000000
0.000000
0.000000
0.000000
0.000000
0.000000
0.000000
0.000000
0.000000
0.000000
0.000000
0.000000
0.000000
5.500463
0.079921
0.000000
0.081276
0.000000
0.000000
0.000000
0.000000
0.000000
0.000000
0.000000
0.000000
0.000000
0.000000
0.000000
0.000000
0.000000
0.005423
1.478480
1.191858
0.000000
0.000000
0.000000
0.000000
0.000000
0.305034
0.000000
0.000000
0.000000
0.000000
0.000000
0.000000
0.000000
0.213621
0.000000
0.000000
0.007668
0.000000
0.000000
0.000000
0.000000
0.000000
0.000000
0.000000
0.000000
0.000000
0.000000
0.000000
0.000000
0.000000
0.000000
0.000000
0.000000
0.000000
0.000129
0.000129
0.000129
0.000129
0.000129
0.000129
0.000129
0.000129
0.000129
0.000129
0.000129
0.000129
0.000129
0.000129
0.000129
0.000129
0.000129
0.000129
0.000129
0.000129
0.000129
0.000129
0.000129
0.000129
0.000129
0.000129
0.000129
0.000129
0.000129
0.000129
0.000129
0.000129
0.000129
0.000129
0.000129
0.000129
0.000129
0.000129
0.000129
0.000129
0.000129
0.000129
0.000129
0.000129
0.000129
0.000129
0.000129
0.000129
0.000129
0.000129
0.000129
0.000129
0.000129
0.000129
0.000129
0.000129
0.000129
0.000129
0.000129
0.000129
0.000129
0.000129
0.000129
0.000129
0.000129
0.000129
0.000129
0.000129
0.000129
0.000129
0.000129
0.000129
0.000000
0.000000
0.000000
0.000000
0.000000
0.000000
0.000000
0.000000
0.000000
0.000000
0.000000
0.000000
0.000000
0.000000
0.000000
0.000000
0.000000
0.000000
0.584872
0.062776
0.000000
0.000000
0.000000
0.000000
0.000000
0.000000
0.000000
0.000000
0.000000
0.000000
0.000000
0.000000
0.000000
0.000000
0.000000
0.000000
0.204982
0.279683
0.194968
0.093649
0.000000
0.000000
0.222944
0.009602
1.246761
2.068252
0.000000
2.555622
0.000000
2.992242
0.795070
0.644933
0.034182
0.029547
0.000000
0.000000
0.070120
0.073925
0.000000
0.000000
0.000000
0.000000
0.000000
0.000000
0.041028
0.000000
0.000000
0.000000
0.000000
0.000000
0.000000
0.000000
0.000000
0.095378
0.053228
0.000000
0.971658
1.061644
0.000000
0.000000
0.000000
0.000000
0.000000
0.697497
0.000000
0.036934
0.000000
0.157203
0.000000
0.000000
0.000247
0.171843
0.000000
0.250099
0.462483
0.159102
0.000000
0.000000
0.000000
0.835662
0.000000
3.319646
0.994712
0.368345
0.000000
1.107523
0.000423
0.000000
0.756460
0.044845
0.000000
2.241568
0.985013
0.087634
0.084444
0.000000
0.000000
2.778070
0.000000
2.389933
0.751702
1.090453
0.216020
0.907083
0.000000
0.044390
0.597594
0.000000
0.000000
1.988980
0.987910
0.108826
0.039059
0.000000
0.046913
0.105570
0.000000
0.024855
0.000000
0.207047
0.000000
0.000000
0.000000
0.015452
0.000325
0.000325
0.000325
0.000325
0.000325
0.000325
0.000325
0.000325
0.000325
0.000325
0.000325
0.000325
0.000325
0.000325
0.000325
0.000325
0.000325
0.000325
0.000325
0.000325
0.000325
0.000325
0.000325
0.000325
0.000325
0.000325
0.000325
0.000325
0.000325
0.000325
0.000325
0.000325
0.000325
0.000325
0.000325
0.000325
0.000325
0.000325
0.000325
0.000325
0.000325
0.000325
0.000325
0.000325
0.000325
0.000325
0.000325
0.000325
0.000325
0.000325
0.000325
0.000325
0.000325
0.000325
0.000325
0.000325
0.000325
0.000325
0.000325
0.000325
0.000325
0.000325
0.000325
0.000325
0.000325
0.000325
0.000325
0.000325
0.000325
0.000325
0.000325
0.000325
0.000000
0.000000
0.026562
0.000000
0.000000
0.000000
0.000000
0.000000
0.000000
0.000000
0.000000
0.000000
0.000000
0.750448
0.000000
0.000000
0.000000
0.000000
0.000000
0.100154
0.000000
0.000000
0.000000
0.000000
0.000000
0.000000
0.000000
0.000000
0.000000
0.000000
0.000000
0.000000
0.000000
0.000000
0.907594
0.935771
0.000000
0.081608
0.000000
0.000000
0.000000
0.000000
0.000000
0.000000
0.000000
0.000000
0.000000
0.000000
0.000000
0.000000
0.000000
0.000000
0.000000
0.000000
0.234573
0.262993
0.000000
0.000000
0.000000
0.000000
0.000000
0.618709
0.000000
0.490079
0.589792
0.000000
0.000000
0.000000
0.185401
0.041798
0.169658
1.251508
1.130503
0.000000
0.000000
0.000000
0.000000
0.000000
0.000000
0.000000
0.000000
0.000000
0.000000
0.000000
0.000000
0.000000
0.000000
0.000000
0.000000
0.000000
3.366197
0.000000
0.000000
0.000000
0.000000
0.000000
0.000000
0.014073
0.000000
0.000000
0.000000
0.000000
0.000000
0.000000
0.000000
0.000000
0.519416
0.035575
0.000000
0.000000
0.000000
0.000000
0.000000
0.000000
0.104428
0.000000
2.318764
0.685503
0.000000
0.447409
0.000000
1.137427
0.000000
0.000000
0.000000
0.000000
0.000000
0.000000
0.000000
0.000000
0.000000
0.000000
0.000000
0.000000
0.000000
0.000000
0.000000
0.000000
0.000000
0.000000
0.000000
0.173052
0.000000
0.000000
1.320446
0.535459
0.000000
0.000000
0.000000
0.000000
0.000000
0.000000
0.000000
0.000000
0.000000
0.000000
0.000000
0.000000
0.000000
0.000000
0.000000
0.000000
2.336304
0.126944
0.000000
0.000000
0.000000
0.000000
0.000000
0.000000
0.000000
0.313074
0.000000
0.000000
0.000000
0.000000
0.003463
0.000000
0.000000
0.000000
0.643494
1.401365
0.000000
0.000000
0.000000
0.000000
0.000000
0.000000
0.000000
0.000000
0.000000
0.000000
0.000000
0.000000
0.000000
0.588693
0.013270
0.000000
0.000000
0.000000
0.000000
0.000000
0.000000
0.000000
0.000000
0.000000
0.000000
0.000000
0.000000
0.000000
0.000000
0.000000
0.000000
0.000000
0.000000
0.000000
0.000000
0.000000
0.000000
0.000000
0.000000
0.000000
0.000000
0.000000
0.000000
0.000000
0.000000
0.000000
0.000000
0.000000
0.000000
0.000000
0.000000
0.000000
0.000000
0.000000
0.000000
0.000000
0.000000
0.000000
0.000000
0.000000
0.000000
0.000000
0.000000
0.000000
0.000000
0.000000
0.000000
0.000000
0.000000
0.000000
0.000000
0.000000
0.000000
0.000000
0.000000
0.000000
0.000000
0.000000
0.000000
0.000000
0.000000
0.000000
0.000000
0.000000
0.000000
0.000000
0.000000
0.000000
0.000000
0.000000
0.000000
0.000000
0.000000
0.000000
0.000000
0.000000
0.000000
0.000000
0.000000
0.000000
0.000000
0.000000
0.000000
0.000000
0.000000
0.000000
0.000000
0.084730
0.000000
0.000000
0.238169
0.000000
0.000000
0.119882
0.000000
0.000000
0.000000
0.168016
0.000000
0.000000
0.000000
0.000000
0.000000
0.000000
0.000000
0.000000
0.000000
0.000000
0.000000
0.081475
0.000000
0.000000
0.000000
0.282348
0.000000
0.000000
0.000000
0.000000
0.000000
0.000000
0.857326
0.000000
0.000000
0.000000
0.000000
0.000000
0.000000
0.000000
0.451816
1.418904
0.000000
0.000000
0.000000
0.000000
0.000000
0.000000
0.000000
0.000000
0.336484
0.000000
0.000000
0.000000
0.000000
0.010623
0.000000
0.000000
0.000000
0.000000
0.112871
0.000000
0.000000
0.000000
0.000000
0.000000
0.000000
0.247387
0.000000
0.000000
0.000000
0.000000
0.000000
0.000000
0.000000
0.000000
0.000000
0.000000
0.000000
0.000000
0.000000
0.000000
0.000000
0.000000
0.000000
0.000000
0.000000
0.000000
0.000000
0.000000
0.000000
0.000000
0.000000
0.000000
0.000000
0.000000
0.000000
0.000000
0.000000
0.000000
0.000000
0.000000
0.000000
0.000000
0.000000
0.000000
0.000000
0.000000
0.000000
0.000000
0.000000
0.000000
0.000000
0.000000
0.000000
0.000000
0.000000
0.000000
0.000000
0.000000
0.000000
0.000000
0.000000
0.000000
0.000000
0.000000
0.000000
0.000000
0.000000
0.000000
0.000000
0.000000
0.000000
0.000000
0.000000
0.000000
0.000000
0.000000
0.000000
0.000000
0.000000
0.000000
0.025313
0.000000
0.000000
0.000000
0.000000
0.000000
0.000000
0.000000
0.000000
0.000000
0.000000
0.000000
0.046092
0.635210
0.000000
0.000000
0.000000
0.000000
0.000000
0.275243
0.342374
0.000000
0.000000
0.000000
0.080304
0.000000
0.000000
0.000000
0.000000
0.000000
0.000000
0.000000
0.000000
0.000000
0.000000
0.000000
0.000000
0.140580
0.000000
0.000000
0.036200
0.000000
0.014079
0.222800
0.478132
0.000000
0.000000
0.000000
0.000000
0.000000
0.000000
0.314538
0.000000
0.000000
0.000000
0.319878
0.000000
0.000000
0.000000
0.000000
0.000000
0.322900
0.019844
0.000000
0.000000
0.000000
0.000000
0.000000
0.000000
0.375416
0.000000
0.000000
0.000000
0.000000
0.000000
0.000000
0.000000
0.000000
0.000000
0.000000
0.000000
0.000000
0.000000
0.000000
0.000000
0.000000
0.000000
0.000000
0.000000
0.000000
0.000000
0.000000
0.000000
0.000000
0.000000
0.000000
0.000000
0.000000
0.000000
0.000000
0.000000
0.000000
0.000000
0.000000
0.000000
0.000000
0.000000
0.000000
0.000000
0.000000
0.000000
0.000000
0.000000
0.000000
0.000000
0.000000
0.000000
0.000000
0.000000
0.000000
0.000000
0.000000
0.000000
0.000000
0.000000
0.000000
0.000000
0.000000
0.000000
0.000000
0.000000
0.000000
0.000000
0.000000
0.000000
0.000000
0.000000
0.000000
0.000000
0.000000
0.000000
0.000000
0.000000
0.000000
0.000403
0.000403
0.000403
0.000403
0.000403
0.000403
0.000403
0.000403
0.000403
0.000403
0.000403
0.000403
0.000403
0.000403
0.000403
0.000403
0.000403
0.000403
0.000403
0.000403
0.000403
0.000403
0.000403
0.000403
0.000403
0.000403
0.000403
0.000403
0.000403
0.000403
0.000403
0.000403
0.000403
0.000403
0.000403
0.000403
0.000403
0.000403
0.000403
0.000403
0.000403
0.000403
0.000403
0.000403
0.000403
0.000403
0.000403
0.000403
0.000403
0.000403
0.000403
0.000403
0.000403
0.000403
0.000403
0.000403
0.000403
0.000403
0.000403
0.000403
0.000403
0.000403
0.000403
0.000403
0.000403
0.000403
0.000403
0.000403
0.000403
0.000403
0.000403
0.000403
0.697368
0.519713
0.000000
0.000000
0.000000
0.000000
0.000000
0.000000
0.000000
0.000000
0.000000
0.000000
0.000000
0.013883
0.000000
0.000000
0.000000
1.024216
1.089589
0.000000
0.101551
0.000000
0.000000
0.000000
0.057057
0.000000
0.000000
0.000000
0.000000
0.000000
0.000000
0.000000
0.000000
0.000000
0.000000
2.799151
1.048725
1.697648
0.000000
0.000000
0.000000
0.106329
0.163750
0.000000
0.236402
0.000000
0.000000
0.000000
0.000000
0.000000
0.000000
0.025924
0.175825
1.863518
0.502446
0.000000
0.000000
0.000000
0.000000
0.000000
0.021969
0.000000
0.000000
0.000000
0.041130
0.000000
0.000000
0.000000
0.000000
0.155340
0.000000
1.748147
0.016066
0.000000
0.000000
0.000000
0.000000
0.000000
0.000000
0.000000
0.000000
0.000000
0.000000
0.000000
0.000000
0.100348
0.000000
0.000000
0.000000
0.000000
0.021155
0.101090
0.000000
0.045207
0.000000
0.000000
0.000000
0.000000
0.000000
0.000000
0.000000
0.000000
0.000000
0.000000
0.000000
0.000000
0.000000
0.000000
0.827810
0.491477
0.436829
0.000000
0.000000
0.000000
0.000000
0.000000
0.000000
0.000000
0.000000
0.000000
0.000000
0.000000
0.000000
0.000000
0.000000
0.226134
2.566820
0.912605
1.727235
0.000000
0.000000
0.000000
0.207600
0.192624
0.100122
0.000000
0.068297
0.000000
0.000000
0.062122
0.000000
0.000000
0.000000
0.000000
0.000000
0.000000
0.000000
0.000000
0.000000
0.000000
0.000000
0.000000
0.000000
0.000000
0.000000
0.000000
0.000000
0.000000
0.000000
0.000000
0.000000
0.000000
0.000000
0.000000
0.000000
0.000000
0.000000
0.000000
0.000000
0.000000
0.000000
0.000000
0.000000
0.000000
0.000000
0.000000
0.000000
0.000000
0.000000
0.000000
0.000000
0.000000
0.000000
0.000000
0.000000
0.000000
0.000000
0.000000
0.000000
0.000000
0.000000
0.000000
0.000000
0.000000
0.000000
0.000000
0.000000
0.000000
0.000000
0.000000
0.000000
0.000000
0.000000
0.000000
0.000000
0.000000
0.000000
0.000000
0.000000
0.000000
0.000000
0.000000
0.000000
0.000000
0.000000
0.000000
0.000000
0.000000
0.000000
0.000000
0.000000
0.000000
0.000000
0.000000
0.000000
0.000000
0.000000
0.000000
0.000000
0.000000
0.000000
0.000000
0.000000
0.000000
0.000000
0.000000
0.000000
0.000000
0.000000
0.000000
0.000000
0.000000
0.000000
0.000000
0.000000
0.000000
0.000000
0.000000
0.000000
0.000000
0.000000
0.000000
0.000000
0.000000
0.000000
0.000000
0.000000
0.000000
0.000000
0.000000
0.000000
0.000000
0.000000
0.000000
0.000000
0.000000
0.000000
0.000000
0.000000
0.000000
0.000000
0.000000
0.000000
0.000000
0.000000
0.000000
0.000000
0.000000
0.000000
0.000000
0.000000
0.000000
0.000000
0.000000
0.000000
0.000000
0.000000
0.000000
0.000000
0.000000
0.000000
0.000000
0.000000
0.000000
0.000000
0.000000
0.000000
0.000000
0.000000
0.000000
0.000000
0.000000
0.000000
0.000000
0.000000
0.000000
0.200978
0.096986
0.000000
0.000000
0.000000
0.000000
0.000000
0.089124
0.000000
0.000000
0.000000
0.000000
0.000000
0.000000
0.000000
0.000000
0.046334
0.123473
0.000000
0.000000
0.000000
0.000000
0.000000
0.000000
0.962436
0.000000
0.562394
2.008239
0.000000
0.000000
0.000000
0.304466
0.020319
0.043020
0.000000
0.000000
0.000000
0.000000
0.000000
0.000000
0.000000
0.000000
1.169133
0.000000
0.691620
0.540733
0.821980
0.000000
0.000000
0.177217
0.000000
0.424456
0.000000
0.000000
0.000000
0.000000
0.000000
0.000000
0.000000
0.000000
0.000000
0.000000
0.000000
0.000000
0.000000
0.000000
0.000000
0.000000
0.000000
0.000000
0.000000
0.000000
0.000000
0.000000
0.000000
0.000000
0.000000
0.000000
0.000000
0.000000
0.000000
0.000000
0.000000
0.000000
0.000000
0.000000
0.000000
0.000000
0.000000
0.000000
0.000000
0.000000
0.000000
0.000000
0.000000
0.000000
0.000000
0.000000
0.000000
0.000000
0.000000
0.000000
0.000000
0.000000
0.000000
0.000000
0.000000
0.000000
0.000000
0.000000
0.000000
0.000000
0.000000
0.000000
0.000000
0.000000
0.000000
0.000000
0.000000
0.000000
0.000000
0.000000
0.000000
0.000000
0.000000
0.000000
0.000000
0.000000
0.000000
0.000000
0.000000
0.000000
0.000000
0.000000
0.000000
0.000000
0.000000
0.000000
0.000000
0.000000
0.000000
0.000000
0.000000
0.000000
0.000000
0.000000
0.000000
0.000000
0.000000
0.000000
0.000000
0.000000
0.000000
0.000000
0.000000
0.000000
0.000000
0.000000
0.000000
0.000000
0.000000
0.000000
0.000000
0.000000
0.000000
0.000000
0.000000
0.000000
0.000000
0.000000
0.000000
0.000000
0.000000
0.000000
0.000000
0.000000
0.000000
0.000000
0.000000
0.000000
0.000000
0.000000
0.000000
0.000000
0.000000
0.000000
0.000000
0.000000
0.000000
0.000000
0.000000
0.000000
0.000000
0.000000
0.000000
0.000000
0.000000
0.000000
