0.011945
0.000000
0.001234
0.001964
0.000000
0.000000
0.000000
0.000000
0.000000
0.001831
0.000000
0.000000
0.458834
4.475491
0.091808
0.000000
0.000000
0.000000
0.916528
0.000000
0.000000
0.000000
0.000000
0.000000
0.012854
0.140618
0.000000
0.234636
0.000000
0.000000
0.000000
0.001346
0.000000
0.000000
0.000000
0.000000
0.000000
0.003175
0.000000
0.000000
0.000000
0.000000
0.000000
0.000104
0.000000
0.000000
0.000000
0.000000
0.000000
0.000000
0.000000
0.064669
0.000000
0.000000
0.201430
0.007368
1.313001
0.006412
0.000000
0.012762
0.000000
0.075452
0.303221
0.000000
0.447962
0.000000
0.017580
0.084157
0.000000
1.523032
0.000000
0.000000
4.471815
0.023020
2.488551
0.000000
0.000000
0.000000
0.000000
0.000000
0.000000
0.000000
0.100269
0.000000
0.035082
0.000000
0.000000
0.001945
0.000000
3.967853
0.274056
0.000000
4.359538
0.000000
0.000000
1.154410
0.000000
0.204208
0.000000
0.000000
0.812034
0.000000
0.000000
0.000000
0.305314
0.000000
0.000000
12.034276
0.039767
0.018375
0.002357
0.000000
0.000000
0.349778
0.053523
0.202469
0.000000
0.042522
0.000000
0.000000
0.000000
0.000000
0.000000
0.000000
1.609563
2.160471
0.000000
0.000000
0.000000
0.000000
0.000000
0.000000
0.000000
0.000000
0.000000
0.000000
0.000000
0.000000
0.000000
0.000000
0.000000
0.000000
0.001611
0.081532
0.000000
0.000000
0.000000
0.000000
0.000000
0.000000
0.000000
0.000000
0.000000
0.000000
0.000000
0.000000
0.000000
0.000000
0.000000
0.000000
0.000000
0.000000
0.000000
0.000000
0.000000
0.000000
0.000000
0.000000
0.000000
0.000000
0.000000
0.000000
0.000000
0.000000
0.000000
0.000000
0.000000
0.000000
0.000000
0.000000
0.000000
0.000000
0.000000
0.000000
0.000000
0.000000
0.000000
0.000000
0.000000
0.000000
0.000000
0.000000
0.000000
0.000000
0.000000
0.000000
0.000000
0.000000
0.000000
0.000000
0.000000
0.000000
0.000000
0.000000
0.000000
0.000000
0.000000
0.000000
0.000000
0.000000
0.000000
0.000000
0.000000
0.000000
0.000000
0.000000
0.000000
0.000000
0.000000
0.000000
0.000000
0.000000
0.000000
0.188539
0.000000
0.000000
0.000000
0.000000
0.000000
0.000000
0.000000
0.000000
0.000000
0.000000
2.338335
0.002616
0.000000
0.000000
0.000000
0.000000
0.000000
0.000000
0.000000
0.000000
0.000000
0.000000
0.000000
0.000000
0.020817
0.000000
0.000000
0.122488
1.242012
0.000000
0.000000
0.000000
0.000000
0.000000
0.000000
0.000000
0.908932
0.000000
0.001414
0.120501
0.000000
2.239003
0.000000
0.000000
0.000000
0.000198
0.000000
0.000000
0.000000
0.000000
0.000000
0.000000
0.000000
0.000000
0.000000
0.000000
0.000000
0.000000
0.000000
0.000000
0.000000
0.000000
0.000000
0.000000
0.000000
0.111046
0.000000
0.000000
0.092007
0.000000
0.000000
0.000000
0.000000
0.000000
0.000000
0.000000
0.000000
0.000000
0.000000
0.000000
0.003284
0.000000
0.000000
0.006722
0.000000
0.120989
0.000000
0.027690
0.000000
3.499084
0.000000
0.000000
0.000000
0.000000
0.000000
0.000000
0.000000
0.000000
0.302093
0.388656
0.000000
0.000000
0.000000
0.000512
0.000000
0.052680
4.068761
0.000000
0.000000
2.715525
0.000000
0.000000
0.000000
0.000000
0.949418
0.042523
0.411859
0.000000
0.018518
0.003943
0.000000
0.000000
0.000000
0.000000
2.285583
0.000000
0.000000
0.232983
0.000000
0.006303
0.000000
0.047050
0.000000
0.010628
0.085756
0.000000
0.000000
0.000000
0.000000
0.000000
0.000000
0.000000
0.000000
0.000000
0.000000
0.000000
0.000000
0.000000
0.000000
0.000000
0.000000
0.000000
0.000000
0.000000
0.000000
0.000000
0.000000
0.000000
0.000000
0.000000
0.000000
0.000000
0.000000
0.000000
0.000000
0.000000
0.000000
0.000000
0.000000
0.000000
0.000000
0.000000
0.000000
0.000000
0.000000
0.000000
0.000000
0.000000
0.000000
0.000000
0.000000
0.000000
0.000000
0.000000
0.000000
0.000000
0.000000
0.000000
0.000000
0.000000
0.000000
0.000000
0.000000
0.000000
0.000000
0.000000
0.000000
0.000000
0.000000
0.000000
0.000000
0.000000
0.000000
0.000000
0.000000
0.000000
0.000000
0.000000
0.000000
0.010756
0.000232
0.000000
0.053455
0.000000
0.001063
0.000000
0.002983
0.000000
0.000000
0.000000
0.230484
0.292480
0.000000
0.000000
0.000000
0.000000
0.009227
0.000000
0.266144
0.000785
0.000000
0.043687
2.712637
0.000000
0.650251
0.000000
0.000000
0.000000
0.001488
0.638304
0.000000
0.150985
0.183470
0.001146
0.008026
0.043011
0.255714
0.024400
0.000000
0.007170
3.776886
0.000000
0.001075
0.328526
0.000000
0.000000
0.000000
0.126072
0.000000
0.000000
0.000000
0.000566
0.001115
0.001100
0.007116
0.000000
0.000000
0.000000
0.000000
0.000000
0.000000
0.000000
0.075056
0.021981
0.000000
0.000000
0.000000
0.000000
0.010398
0.000000
0.000000
0.000000
0.000000
0.000000
0.000000
0.000000
0.000000
0.000000
0.000000
0.002105
0.007990
0.000000
0.000000
0.304076
0.000000
0.000000
0.000000
0.000000
0.000000
0.000633
0.000000
0.000000
0.000000
0.073790
0.000000
0.000000
0.000000
0.301212
0.000000
0.000000
0.000000
0.000000
0.021957
0.000000
0.000000
0.000000
0.113566
0.000000
0.133667
0.028604
0.000000
0.072579
0.000000
0.177904
1.011675
0.000000
0.004988
0.000000
0.000000
0.000000
0.000000
0.042389
0.000000
0.000000
0.223234
0.775262
11.550334
0.000000
0.000000
0.000000
0.001021
0.278938
1.003011
0.000000
0.306319
0.000000
0.000000
0.458026
0.000000
3.323081
0.009544
0.000000
0.011277
0.199339
0.000000
0.000000
0.000000
0.000000
0.000000
0.000000
0.000000
0.000000
0.000000
0.004711
0.000000
0.000000
0.000000
0.000039
0.000000
0.000000
0.589638
0.037546
0.000000
0.188242
0.000000
0.002194
0.024754
0.002502
0.059823
0.000000
0.000000
0.000000
0.000000
0.010774
0.000000
0.000000
1.728520
0.078920
0.180420
0.018959
0.000000
0.000000
0.000000
0.000000
0.561210
0.000000
0.041084
0.000000
0.000000
0.000000
0.000000
0.000000
0.000000
0.056250
0.000000
0.000000
0.034369
0.907716
0.000000
0.000000
0.000000
0.000000
0.000000
0.000000
0.000000
0.000000
0.000000
0.001917
0.000000
0.018452
0.000000
0.000000
0.000000
0.000000
0.340446
0.786547
3.113783
0.018870
0.005729
0.000000
0.000000
0.000000
0.009837
0.000000
0.151138
0.008438
0.000000
0.000000
0.000000
0.549657
0.000000
0.000000
0.000000
0.000000
0.000000
0.339541
0.000000
0.000000
0.000000
0.000000
0.007595
3.880357
0.000000
0.000000
0.000000
0.393999
0.636619
0.000000
0.000000
0.000000
0.000000
0.000000
0.000000
0.677452
0.000000
0.000000
0.039436
0.000000
0.000000
0.000000
0.000000
0.000000
0.000000
0.000000
0.000000
0.227333
0.000000
0.000000
0.000000
0.000000
0.000000
0.000000
0.000000
0.000000
0.000000
0.000000
0.000000
0.000000
0.000000
0.000000
0.000000
0.000000
0.000000
0.000000
0.000000
0.000000
0.000000
0.000000
0.000000
0.000000
0.000000
0.000000
0.000000
0.000000
0.000000
0.000000
0.000000
0.000000
0.000000
0.000000
0.000000
0.000000
0.000000
0.000000
0.000000
0.000000
0.000000
0.000000
0.000000
0.000000
0.000000
0.000000
0.000000
0.000000
0.000000
0.000000
0.000000
0.000000
0.000000
0.000000
0.000000
0.000000
0.000000
0.000000
0.000000
0.000000
0.000000
0.000000
0.000000
0.000000
0.000000
0.000000
0.000000
0.000000
0.000000
0.000000
0.000000
0.000000
0.000000
0.000000
0.000000
0.000000
0.000000
0.000000
0.000000
0.000000
0.000000
0.000000
0.000000
0.000000
0.000000
0.000000
0.000000
0.000000
0.000000
0.000000
0.000000
0.000000
0.000000
0.000000
0.000000
0.000000
0.000000
0.000000
0.000000
0.000000
0.000000
0.000000
0.000000
0.000000
0.000000
0.000000
0.000000
0.000000
0.000000
0.000000
0.034029
0.000000
0.000000
0.000000
0.000000
0.000000
0.000000
0.000000
0.000000
0.000000
0.000000
0.000000
0.000000
0.000000
0.000000
0.000000
0.000000
0.000000
0.000000
5.750486
0.000000
0.000000
0.000000
0.000000
0.000000
0.000000
0.000000
0.000000
0.000000
0.000000
0.000000
0.000000
0.003857
0.000000
0.000000
0.000000
0.000000
0.000000
0.000000
0.000000
0.000000
0.000000
0.000000
0.000000
0.000000
0.000000
0.000000
0.000000
0.000000
0.000000
0.000000
0.000000
0.000000
0.000000
0.288245
0.000000
0.000000
0.000000
0.000000
0.000000
0.000000
0.000000
0.000000
0.000000
0.000000
0.000000
0.000000
0.000000
0.000000
0.000000
0.000000
0.264969
0.989280
1.488758
0.000000
0.000000
0.000000
0.000000
0.000000
0.000174
0.000000
0.002185
0.002011
0.000000
0.005033
0.000000
0.000422
0.000000
0.199132
0.122182
1.153911
0.496511
0.001030
0.000000
0.000000
0.022616
0.000000
0.322131
0.000566
0.002667
0.085935
0.000000
0.013510
0.000000
0.138024
0.000000
0.048111
0.036165
0.587801
0.000000
0.001010
0.000000
0.000000
0.009314
0.000000
0.025959
0.000000
0.010709
0.000000
0.000000
0.000000
0.000000
0.031032
0.000000
0.005800
0.459993
32.194668
2.552558
10.325243
0.000000
0.000000
0.000000
0.001191
0.000000
0.120678
0.000000
6.607033
0.042021
0.022317
0.460229
0.000000
0.168420
0.000000
0.117694
0.000000
0.000000
0.000000
0.000000
0.000000
0.000206
0.000000
0.000000
0.000000
0.000000
0.000000
0.000000
0.000000
0.000000
0.079936
0.000000
0.003833
0.019259
0.000000
0.000125
0.000000
0.000000
0.000000
0.000000
0.000000
0.351534
0.000000
0.063779
0.021885
0.000000
0.000000
0.000000
0.000000
0.000747
0.000098
0.035107
0.000000
0.000000
0.000000
0.000000
0.000000
0.000000
0.000000
0.000000
0.000000
0.000000
0.000000
0.000000
0.000000
0.000000
0.000000
0.000000
0.000000
0.000000
0.032375
0.107161
0.000000
0.000000
0.553294
0.000000
0.000000
0.000000
0.000000
0.000000
0.000000
0.000000
0.000000
0.000000
0.000000
0.000000
0.000000
0.000000
7.374723
3.117012
0.000000
0.066080
0.000000
0.001779
0.000000
0.000000
0.000000
0.000000
0.435886
0.000000
0.000000
0.000000
0.000000
0.000000
3.030324
0.302847
0.085525
7.283831
0.002968
0.000000
0.000000
0.000000
1.988380
1.087863
0.693120
0.167384
0.045849
0.000534
0.000000
1.025573
0.664153
0.000000
0.696009
0.000230
0.000000
0.012196
0.039160
1.008983
0.000000
0.000000
0.000000
0.000000
0.000000
0.000000
0.000000
0.000000
0.000000
0.000000
0.000000
0.000000
0.000000
0.000000
1.911762
0.000000
0.185130
0.000000
0.000000
0.000000
0.000000
0.000000
0.000000
0.000000
0.021848
0.000000
0.000000
0.000000
0.000000
0.044579
0.000000
0.000000
0.000000
0.000000
0.000000
0.046849
0.000000
0.000000
0.000000
0.099900
0.000000
0.000000
0.000000
0.000000
0.000000
0.000000
0.000000
0.012077
0.000000
0.000000
0.001762
0.002485
0.000000
0.000000
0.000000
0.000000
0.000000
0.000000
0.000000
0.007317
0.000000
0.000000
0.000000
0.000000
0.000000
0.002869
0.000000
0.000000
0.309087
0.000000
0.000000
0.000000
0.000000
0.000000
0.000000
0.000000
0.000000
0.000000
0.000000
0.000000
0.000000
0.000000
0.000000
0.000000
0.000000
0.000000
0.000000
0.000000
0.000000
0.000000
0.000000
0.000000
0.000000
0.000000
0.000000
0.000000
0.000000
0.000000
0.000000
0.000000
0.000000
0.000000
0.000000
0.000000
0.000000
0.000000
0.000000
0.000000
0.000000
0.000000
0.000000
0.000000
0.000000
0.000000
0.000000
0.000000
0.000000
0.000000
0.000000
0.000000
0.000000
0.000000
0.000000
0.000000
0.000000
0.000000
0.000000
0.000000
0.000000
0.000000
0.000000
0.000000
0.000000
0.000000
0.000000
0.000000
0.000000
0.000000
0.000000
0.000000
0.000000
0.000000
0.000000
0.000000
0.000000
0.000000
0.000000
0.000000
0.000000
0.000000
0.000000
0.000000
0.000000
0.000000
0.000000
0.000000
0.000000
0.000000
0.000000
0.000000
0.000000
0.000000
0.000000
0.000000
0.000000
0.000000
0.000000
0.000000
0.000000
0.000000
0.000000
0.000000
0.000000
0.000000
0.000000
0.000000
0.000000
0.000000
0.000000
0.000000
0.000000
0.000000
0.000000
0.000000
0.000000
0.000000
0.000000
0.000000
0.000000
0.000000
0.000000
0.000000
0.000000
0.000000
0.000000
0.000000
0.000000
0.000000
0.000000
0.000000
0.000000
0.000000
0.000000
0.000000
0.000000
0.000000
0.000000
0.000000
0.000000
0.000000
0.000000
0.000000
0.000000
0.000000
0.000000
0.000000
0.000000
0.000000
0.000000
0.000000
0.000000
0.000000
0.000000
0.000000
0.000000
0.000000
0.000000
0.000000
0.000000
0.000000
0.000000
0.000000
0.000000
0.000000
0.000000
0.000000
0.000000
0.000000
0.000000
0.000000
0.000000
0.000000
0.000000
0.000000
0.000000
0.000000
0.000000
0.000000
0.000000
0.000000
0.000000
0.000000
0.000000
0.000000
0.000000
0.000000
0.000000
0.000000
0.000000
0.000000
0.000000
0.000000
0.000000
0.000000
0.000000
0.000000
0.000000
0.000000
0.000000
0.000000
0.000000
0.000000
0.000000
0.000000
0.000000
0.000000
0.000000
0.000000
0.000000
0.000000
0.000000
0.000000
0.000000
0.000000
0.000000
0.000000
0.000000
0.000000
0.000000
0.000000
0.000000
0.000000
0.000000
0.000000
0.000000
0.000000
0.000000
0.000000
0.000000
0.000000
0.000000
0.000000
0.030046
0.000000
0.000000
0.000000
0.134070
0.000000
0.000000
0.000000
0.000000
0.000000
0.000000
0.000000
0.000000
0.006715
0.000000
0.000000
0.000000
0.008765
0.006625
0.093667
0.092076
0.060524
0.000000
0.000000
0.099957
0.006650
0.000000
0.000000
0.000000
0.000000
0.000000
0.001146
0.000000
0.000000
0.006943
0.020750
0.011366
0.695093
0.005952
0.168864
0.000000
0.000000
0.020801
0.000000
0.000000
0.000000
0.000000
0.000000
0.000000
0.000000
0.000000
0.480751
0.000000
0.002030
0.020964
0.000000
0.000000
0.141483
0.000000
0.000000
0.000000
0.000000
0.000000
0.000000
0.016444
0.000000
0.000000
0.000000
0.000000
0.000000
0.000000
0.107542
0.389595
0.009366
0.000000
0.000000
0.013725
0.000000
0.000000
0.000000
0.000000
0.000000
0.000000
0.000000
0.000595
0.000000
0.000000
0.000000
0.000000
0.005097
0.912795
1.016239
0.020577
0.000069
0.000000
0.000000
0.119853
0.000000
0.018572
0.022929
0.116182
0.000000
0.010699
0.010086
0.000000
0.000000
2.004433
0.040793
0.054656
0.853440
0.053445
0.000969
0.000000
0.055954
1.584208
0.038080
0.924757
0.031551
0.032745
0.203512
0.000000
1.659778
0.479555
0.000000
0.063637
0.297052
0.000000
0.073223
0.328553
0.006435
0.000000
0.000001
0.000000
0.002057
0.000000
0.004459
0.043058
0.000000
0.000000
0.009168
0.020871
0.000000
0.001036
0.127764
0.000000
0.000000
0.000000
0.000000
0.000000
0.000000
0.000000
0.000000
0.000000
0.000000
0.000000
0.000000
0.000000
0.000000
0.000000
0.000000
0.000000
0.000000
0.000000
0.000000
0.000000
0.000000
0.000000
0.000000
0.000000
0.000000
0.000000
0.000000
0.000000
0.000000
0.000000
0.000000
0.000000
0.000000
0.000000
0.000000
0.000000
0.000000
0.000000
0.000000
0.000000
0.000000
0.000000
0.000000
0.000000
0.000000
0.000000
0.000000
0.000000
0.000000
0.000000
0.000000
0.000000
0.000000
0.000000
0.000000
0.000000
0.000000
0.000000
0.000000
0.000000
0.000000
0.000000
0.000000
0.000000
0.000000
0.000000
0.000000
0.000000
0.000000
0.000000
0.000000
0.183775
0.002306
0.000000
0.000000
0.000148
0.000000
0.000000
0.000000
0.000000
0.000000
0.000000
0.000000
0.000000
0.000000
0.000000
0.000000
0.000000
0.000000
4.012925
0.535061
0.143516
0.156925
0.000000
0.010740
0.286244
0.058718
0.049385
0.000000
0.000000
0.000000
0.000000
0.123028
0.000000
0.009259
2.077245
0.002202
0.000000
0.002553
0.000000
0.002631
0.000000
0.000000
2.319892
0.006000
0.736290
0.000000
0.000000
0.014557
0.000000
0.112311
0.000000
0.345536
0.000000
0.000000
0.000000
0.001834
0.000000
0.000000
0.000000
0.010463
0.000000
0.000000
0.060806
0.000000
0.039248
0.054497
0.000000
0.003862
0.000000
0.174223
0.000000
0.000000
0.000000
0.000000
0.000000
0.000000
0.000000
0.000000
0.000000
0.000000
0.000000
0.000000
0.000000
0.000000
0.000000
0.000000
0.000000
0.000000
0.000000
0.000000
0.000000
0.000000
0.000000
0.000000
0.000000
0.000000
0.000000
0.000000
0.000000
0.000000
0.000000
0.000000
0.000000
0.000000
0.000000
0.000000
0.000000
0.000000
0.000000
0.000000
0.000000
0.000000
0.000000
0.000000
0.000000
0.000000
0.000000
0.000000
0.000000
0.000000
0.000000
0.000000
0.000000
0.000000
0.000000
0.000000
0.000000
0.000000
0.000000
0.000000
0.000000
0.000000
0.000000
0.000000
0.000000
0.000000
0.000000
0.000000
0.000000
0.000000
0.000000
0.000000
0.000000
0.000000
0.000000
0.065270
0.000000
0.011491
1.058699
0.000000
0.000000
0.000000
0.000000
0.000000
0.000000
0.000000
0.057622
0.000000
0.000000
0.004797
0.000000
0.026744
0.000000
0.000000
0.000000
0.000000
0.000000
0.000000
0.000000
0.000000
0.000000
0.000000
0.000000
0.000000
0.000000
0.000000
0.000000
0.000000
0.001272
0.000000
0.000000
0.000000
0.000000
0.000000
0.000000
0.000000
0.030146
0.011088
0.000000
0.000000
0.000000
0.000000
0.000000
0.000000
0.000000
0.000000
0.205317
0.000000
0.000000
0.637289
0.000000
0.000000
0.000000
0.000000
0.009614
0.109832
0.000000
0.100336
0.000000
0.000000
0.060953
0.000000
0.124336
0.000000
0.114059
0.000000
2.600993
6.984649
0.000000
0.000000
0.007082
0.073563
0.000000
0.000000
0.000000
0.000000
0.000000
0.035931
0.000000
0.000000
0.000000
0.000000
0.000000
0.000000
0.000000
0.002349
0.000000
0.150246
0.000000
0.000000
0.000000
0.000000
0.000000
0.355799
0.000000
4.255116
0.000000
0.051224
0.000000
0.000000
0.000000
0.000000
6.857186
0.974187
0.000000
6.478303
0.000000
0.000000
0.000000
0.000000
0.000000
0.177743
0.000000
3.309062
0.029151
0.248953
0.011269
2.175324
0.000000
0.000000
2.212798
0.000000
0.000000
0.314247
0.000000
0.000000
0.000000
0.000000
0.000000
0.000000
0.000000
0.000000
0.000000
0.000000
0.000000
0.000000
0.000000
0.000000
0.000000
0.000000
0.000000
0.000000
0.000000
0.000000
0.000000
0.000000
0.000000
0.000000
0.000000
0.000000
0.000000
0.000000
0.000000
0.000000
0.000000
0.000000
0.000000
0.000000
0.000000
0.000000
0.000000
0.000000
0.000000
0.000000
0.000000
0.000000
0.000000
0.000000
0.000000
0.000000
0.000000
0.000000
0.000000
0.000000
0.000000
0.000000
0.000000
0.000000
0.000000
0.000000
0.000000
0.000000
0.000000
0.000000
0.000000
0.000000
0.000000
0.000000
0.000000
0.000000
0.000000
0.000000
0.000000
0.000000
0.000000
0.000000
0.000000
0.000000
0.000000
0.000000
0.000000
0.000000
0.000000
0.000000
0.000000
0.000000
0.000000
0.000000
0.000000
0.000000
0.000000
0.000000
0.000000
0.000000
0.000000
0.000000
0.000000
0.000000
0.000000
0.000000
0.000000
0.000000
0.000000
0.000000
0.000000
0.000000
0.000000
0.000000
0.000000
0.000000
0.000000
0.000000
0.000000
0.000000
0.000000
0.000000
0.000000
0.000000
0.000000
0.000000
0.000000
0.000000
0.000000
0.000000
0.000000
0.000000
0.000000
0.000000
0.000000
0.000000
0.000000
0.000000
0.000000
0.000000
0.000000
0.000000
0.000000
0.000000
0.000000
0.000000
0.000000
0.000000
0.000000
0.000000
0.000000
0.000000
0.000000
0.000000
0.000000
0.000000
0.000000
0.000000
0.000000
0.000000
0.000000
0.000000
0.000000
0.000000
0.000000
0.000000
0.000000
0.000000
0.000000
0.000000
0.000000
0.000000
0.000000
0.000000
0.000000
0.000000
0.000000
0.000000
0.000000
0.000000
0.000000
0.000000
0.000000
0.000000
0.000000
0.000000
0.000000
0.000000
0.000000
0.000000
0.000000
0.000000
0.000000
0.000000
0.000000
0.000000
0.000000
0.000000
0.000000
0.000000
0.000000
0.000000
0.000000
0.000000
0.000000
0.000000
0.000000
0.000000
0.000000
0.000000
0.000000
0.000000
0.000000
0.000000
0.000000
0.000000
0.000000
0.000000
0.000000
0.000000
0.000000
0.000000
0.000000
0.000000
0.000000
0.000000
0.000000
0.000000
0.000000
0.000000
0.000000
0.000000
0.000000
0.000000
0.000000
0.000000
0.000000
0.000000
0.000000
0.000000
5.897855
8.589723
0.029011
0.006727
0.000000
0.000000
0.000000
0.000000
0.000000
0.000000
0.000001
0.000000
0.000000
0.000000
0.000000
0.000000
0.000000
0.000000
0.005837
0.000000
0.000000
0.000000
0.000000
0.000000
0.000000
0.000000
0.000000
0.210082
0.000000
0.000000
0.000000
0.042169
0.007751
0.000000
0.000000
0.006709
0.010782
9.378074
0.000000
0.004900
0.000000
0.000000
0.000000
0.000000
0.000000
0.000000
0.073618
0.000000
0.000000
0.000000
0.000000
0.000000
0.000000
0.053148
0.337403
0.005351
0.000000
0.000000
0.000000
0.000000
0.000000
0.000000
0.000000
0.000000
0.000000
0.000000
0.000000
0.000000
0.000000
0.000000
0.000000
0.000000
0.004337
0.075195
0.107884
0.044301
0.002623
0.002333
0.000025
0.000000
0.000000
0.000000
0.003104
0.015738
0.000000
0.000628
0.000000
0.000000
0.000000
0.000000
0.214230
0.932155
0.228768
1.178779
0.022496
0.002047
0.009157
0.000000
0.000000
0.302124
0.000000
0.874243
0.000000
0.000735
0.000000
0.332043
0.000000
0.001141
1.821831
1.514527
0.006938
4.968557
0.000000
0.000524
0.165787
0.000000
0.004236
3.937517
0.000000
1.333161
0.000000
0.025793
0.228841
3.465405
0.000000
0.002100
2.030790
0.000000
0.000000
0.414115
0.000000
0.000000
0.000000
0.000000
0.000299
0.000000
0.001853
0.068572
0.000000
0.039939
0.000000
0.031887
0.060936
0.000000
0.000000
0.000000
0.000000
0.000000
0.000000
0.000000
0.000000
0.000000
0.000000
0.000000
0.000000
0.000000
0.000000
0.000000
0.000000
0.000000
0.000000
0.000000
0.000000
0.000000
0.000000
0.000000
0.000000
0.000000
0.000000
0.000000
0.000000
0.000000
0.012047
0.000000
0.000000
0.000000
0.000000
0.000000
0.019073
0.000000
0.000000
0.000000
0.000000
0.000000
0.000000
0.032287
0.035086
1.365016
0.076941
0.418784
0.000000
0.011777
0.000000
0.393124
0.118268
0.000000
0.192725
0.000000
0.000000
0.000000
0.000000
1.306330
0.000000
0.000000
0.000000
0.000000
0.000000
0.000000
0.000000
0.000000
0.000000
0.000000
0.000000
0.000000
0.000000
0.000000
0.000000
0.000000
0.297732
0.000000
0.027089
0.000000
0.000000
0.161352
0.000000
0.000000
0.000000
0.000000
0.000633
0.324391
0.000000
0.000000
0.000000
1.614368
0.083557
0.001321
1.000414
0.000000
0.000000
0.006482
0.000000
0.000419
0.000000
0.000000
0.157802
0.000000
0.000000
0.000000
0.431196
0.000000
0.003009
1.639956
0.002097
0.027096
0.602963
0.000000
0.048403
0.001703
0.000000
11.563960
0.000000
0.024396
1.259484
0.000000
0.000000
0.000000
0.000000
0.000000
0.335348
2.935028
0.000000
0.000000
0.042675
0.000000
0.000000
0.000000
0.000000
0.002795
0.000000
0.000000
0.063241
0.000000
0.542247
0.000000
0.000482
0.003362
0.000000
0.121250
2.117995
0.228233
2.673148
0.000000
0.260069
0.000000
0.042981
0.000078
0.000000
0.000000
1.128585
0.000000
0.289470
0.168886
0.004004
0.108768
0.040760
0.212128
0.000000
0.000000
0.022176
0.000000
0.000000
0.489182
0.000000
0.000000
0.000000
0.007568
0.000000
0.000000
0.003075
0.000000
0.012241
0.000000
0.000397
0.000000
0.000000
0.000000
0.000000
0.000000
0.001545
0.000000
0.000000
0.000000
0.000000
0.027699
0.000000
0.000000
0.000000
0.000000
0.000000
0.000000
0.000000
0.000000
0.000000
0.000000
0.413900
0.000000
0.000000
0.000000
0.000000
0.000000
0.001443
0.000000
0.055798
0.000000
0.000000
0.000000
0.000000
0.124478
0.000000
0.000000
0.000000
0.006175
0.168643
0.000000
1.036732
0.000000
0.000727
0.790885
0.000000
0.000000
0.108634
0.000000
0.004976
0.980923
0.000000
0.000000
0.000000
0.590134
0.000000
0.000000
0.000000
0.005671
0.000000
0.183902
0.000000
0.010163
0.000000
0.000000
0.000000
0.000000
0.000000
0.000000
0.000000
0.000000
0.331585
0.072973
0.000000
0.000000
0.000000
0.000000
0.334109
0.000065
0.000000
0.000000
0.000000
0.039386
0.010771
0.000000
0.000000
0.000000
0.000000
0.000000
0.000000
0.000000
0.000000
0.000000
0.000000
0.000000
0.000000
0.000000
0.000328
0.000000
0.000000
0.000000
0.000000
0.000000
0.159445
0.000000
0.000000
0.000000
0.000167
0.000000
0.000000
0.000000
0.000000
0.000000
0.000000
0.000000
0.000000
0.000000
0.000000
0.000000
0.000000
0.000000
0.000000
0.064715
0.000000
0.000000
0.000000
0.000000
0.000000
0.000000
0.000000
2.438068
0.000000
0.000000
0.000000
0.264426
0.000000
0.000000
0.000000
0.000000
0.000000
0.000000
0.000000
0.000000
0.000000
0.000000
0.000000
0.000000
0.000000
0.000000
0.000000
0.000000
0.314727
0.000000
0.000000
0.120796
0.000000
0.000000
0.000000
0.027014
0.000000
0.000000
0.000000
0.000000
3.169314
0.299408
0.102463
0.094335
0.000000
0.000000
0.004496
0.000000
0.014029
0.000077
0.210486
1.472114
0.000000
0.382502
0.006486
0.000000
0.000000
0.000000
0.000000
0.000000
0.000000
0.000880
0.003326
0.000000
0.025376
0.000000
0.000000
0.000000
0.000000
0.000000
0.000498
0.000000
0.000000
0.000000
0.000000
0.000000
0.000000
0.000000
0.000000
2.691105
0.000000
0.000000
0.000000
0.000000
0.000000
0.000000
0.000000
0.000000
0.000000
0.000000
0.000000
0.013530
0.000000
0.000000
0.000000
0.000000
0.000000
0.000000
0.000000
0.000000
0.627051
0.000000
0.000000
3.363182
0.000000
3.096855
0.000000
1.509782
0.032220
0.000000
0.009724
0.000000
0.758753
0.000000
0.000000
0.000152
0.000000
0.000000
0.417547
0.000000
0.105605
0.141437
0.028375
0.077402
0.000000
0.084696
0.000000
0.000000
0.001246
0.000000
0.000000
0.000000
0.000000
0.000000
0.000000
0.000000
0.000000
0.000000
0.000000
0.000000
0.000000
0.000000
0.000000
0.000000
0.000000
0.000000
0.000000
0.000000
0.000000
0.000000
0.000000
0.000000
0.000000
0.000000
0.000000
0.000000
0.000000
0.000000
0.000000
0.000000
0.000000
0.000000
0.000000
0.000000
0.000000
0.000000
0.000000
0.000000
0.000000
0.000000
0.000000
0.000000
0.000000
0.000000
0.000000
0.000000
0.000000
0.000000
0.000000
0.000000
0.000000
0.000000
0.000000
0.000000
0.000000
0.000000
0.000000
0.000000
0.000000
0.000000
0.000000
0.000000
0.000000
0.000000
0.000000
0.000000
0.000000
0.000000
0.000000
0.000000
0.000000
0.000000
0.094569
0.225799
0.018524
0.000000
0.000000
0.000000
0.000000
0.000000
0.000000
0.000000
0.000000
0.000000
0.000000
0.150056
0.000000
0.000000
0.000000
0.000000
0.000000
0.212359
0.001011
0.000372
0.000000
0.000000
0.000000
0.000000
0.000000
0.000000
0.000000
0.000000
0.000000
0.000000
0.000000
0.000000
0.000000
0.000000
0.373377
0.235515
0.000000
0.118530
0.000000
0.000000
0.000000
0.000000
0.000000
0.000000
0.000000
0.000000
0.000000
0.000000
0.000000
0.248585
0.000000
0.039958
0.038934
0.001420
0.000000
0.000000
0.000000
0.000000
0.000000
0.000000
0.000000
0.000000
0.000000
0.000000
0.000000
0.000000
0.000000
0.000000
0.000000
0.063886
0.000000
0.000000
0.000000
0.000000
0.000000
0.000000
0.000000
0.000000
0.000000
0.000000
0.000000
0.000000
0.000000
0.000000
0.000000
0.000000
0.000000
0.000000
0.000000
0.000000
0.000000
0.000000
0.000000
0.000000
0.000000
0.000000
0.000000
0.000000
0.000000
0.000000
0.000000
0.000000
0.000000
0.000000
0.000000
0.000000
0.000000
0.000000
0.000000
0.000000
0.000000
0.000000
0.000000
0.000000
0.000000
0.000000
0.000000
0.000000
0.000000
0.000000
0.000000
0.000000
0.000000
0.000000
0.000000
0.000000
0.000000
0.000000
0.000000
0.000000
0.000000
0.000000
0.000000
0.000000
0.000000
0.000000
0.000000
0.000000
0.000000
0.000000
0.000000
0.000000
0.000000
0.000000
0.000000
0.000000
0.000000
0.000000
0.000000
0.000000
0.000000
0.000000
0.000000
0.000000
0.000000
0.000000
0.000000
0.000000
0.000000
0.000000
0.000000
0.000000
0.000000
0.000000
0.000000
0.000000
0.000000
0.000000
0.000000
0.000000
0.000000
0.000000
0.000000
0.000000
0.000000
0.000000
0.000000
0.000000
0.000000
0.000000
0.000000
0.000000
0.000000
0.000000
0.000000
0.000000
0.000000
0.000000
0.000000
0.000000
0.000000
0.000000
0.000000
0.000000
0.000000
0.000000
0.000000
0.000000
0.000000
0.000000
0.000000
0.000000
0.000000
0.000000
0.000000
0.000000
0.000000
0.000000
0.000000
0.000000
0.000000
0.000000
0.000000
0.000000
0.000000
0.000000
0.000000
0.000000
0.000000
0.000000
0.000000
0.000000
0.000000
0.000000
0.000000
0.000000
0.000000
0.000000
0.000000
0.000000
0.000000
0.000000
0.000000
0.000000
0.000000
0.000000
0.000000
0.000000
0.000000
0.000000
0.000000
0.000000
0.000000
0.000000
0.000000
0.000000
0.000000
0.000000
0.000000
0.000000
0.000000
0.000000
0.000000
0.000000
0.000000
0.000000
0.000000
0.000000
0.000000
0.000000
0.000000
0.000000
0.000000
0.000000
0.000000
0.000000
0.000000
0.000000
0.000000
0.000000
0.000000
0.000000
0.000000
0.000000
0.000000
0.000000
0.000000
0.000000
0.000000
0.000000
0.000000
0.000000
0.000000
0.000000
0.000000
0.000000
0.003805
0.000000
0.176867
0.000000
0.004533
0.000000
0.000000
0.000000
0.000000
0.000000
0.000000
0.000000
0.000000
0.000000
0.000000
0.000000
0.000000
0.000000
0.112514
0.054387
0.394910
0.004368
0.000000
0.016654
0.000000
0.000000
0.000000
0.000000
0.024385
0.000000
0.000000
0.000000
0.000000
0.000000
0.013549
0.002597
1.014912
0.151983
1.094600
0.046345
0.000000
0.072389
0.015823
1.863435
0.459583
0.000000
0.673413
0.000000
0.000000
0.000168
0.000000
0.005178
0.000000
0.495145
0.330942
0.004103
0.201311
0.051200
0.000000
0.000000
0.000000
0.128277
0.000000
0.000000
0.284890
0.000000
0.000000
0.000000
0.000000
0.185658
0.000000
0.095417
5.378024
3.366965
0.008144
0.252986
0.000000
0.000024
0.000000
0.020949
0.000000
0.001333
0.000000
0.000000
0.086721
0.002741
0.000000
0.000000
0.000000
0.000000
0.000000
0.000000
0.000000
0.140184
0.000000
0.000000
0.000000
0.000000
0.000000
0.420582
0.000000
0.000000
0.000000
0.000000
0.550657
0.000000
0.000000
0.000000
0.004045
0.140317
0.000000
0.006576
0.005646
0.000000
0.000000
0.507768
0.000000
0.000000
0.000347
0.000000
0.000000
0.000000
0.000000
0.000000
0.000000
0.000000
0.096442
1.301971
7.543738
0.000000
0.000000
0.000000
0.000000
0.000000
0.000000
0.000000
0.332812
0.000000
0.000000
0.000000
0.000000
0.019241
0.000000
0.000000
17.883890
0.000000
0.000000
0.000000
0.000000
0.000000
0.000000
0.000000
0.000000
0.000000
0.000000
0.000000
0.000000
0.000000
0.000000
0.000000
0.000000
0.000000
26.797607
0.000000
0.000000
0.000000
0.000000
0.000000
0.000000
0.000000
0.000000
0.000000
0.000000
0.000000
0.000000
0.000000
0.000000
0.000000
0.000000
0.000000
13.463137
0.000000
0.000000
0.000000
0.000000
0.000000
0.000000
0.000000
0.000000
0.000000
0.000000
0.000000
0.000000
0.000000
0.000000
0.000000
0.000000
0.000000
16.916517
0.000000
0.000000
0.000000
0.000000
0.000000
0.000000
0.000000
0.000000
0.000000
0.000000
0.000000
0.000000
0.000000
0.000000
0.000000
0.000000
0.000000
0.000000
0.000000
0.000000
0.000000
0.000000
0.000000
0.000000
0.000000
0.000000
0.000000
0.000000
0.000000
0.000000
0.000000
0.000000
0.000000
0.000000
0.000000
0.000000
0.000000
0.000000
0.000000
0.000000
0.000000
0.000000
0.000000
0.000000
0.000000
0.000000
0.000000
0.000000
0.000000
0.000000
0.000000
0.000000
0.000000
0.000000
0.000000
0.000000
0.000000
0.000000
0.000000
0.000000
0.000000
0.000000
0.000000
0.000000
0.000000
0.000000
0.000000
0.000000
0.000000
0.000000
0.000000
0.000000
0.000000
0.000000
0.000000
0.000000
0.000000
0.000000
0.000000
0.000000
0.000000
0.000000
0.000000
0.000000
0.000000
0.000000
0.000000
0.000000
0.000000
0.042749
0.003921
0.007281
0.000000
0.000156
0.000000
0.000000
0.000000
0.000000
0.000000
0.064718
0.003686
0.000000
0.000000
0.000000
0.001572
0.000000
0.519296
1.171072
1.552659
4.072956
0.000560
0.002736
0.029437
0.155264
0.019872
4.049837
0.000000
11.648064
1.088366
1.035173
1.001075
3.973269
0.252392
0.012415
2.781178
0.352822
1.238914
10.855605
0.109406
0.003839
1.591842
0.011912
1.456068
8.656759
0.019571
9.040621
0.754387
2.658679
4.740516
6.573481
0.051376
0.211547
4.593126
0.284279
0.021093
0.213474
0.155180
0.000000
0.044233
0.000000
0.024447
0.038156
0.018284
0.074375
0.000000
0.076313
0.234177
0.097076
0.007651
0.000026
5.462772
0.000000
0.000000
0.000000
0.000000
0.000000
0.000000
0.000000
0.000000
0.000000
0.000000
0.000000
0.000000
0.000000
0.000000
0.000000
0.000000
0.000000
0.000000
0.000000
0.000000
0.000000
0.000000
0.000000
0.000000
0.000000
0.000000
0.000000
0.000000
0.000000
0.000000
0.000000
0.000000
0.000000
0.000000
0.000000
0.000000
0.000000
0.000000
0.000000
0.000000
0.000000
0.000000
0.000000
0.000000
0.000000
0.000000
0.000000
0.000000
0.000000
0.000000
0.000000
0.000000
0.000000
0.000000
0.000000
0.000000
0.000000
0.000000
0.000000
0.000000
0.000000
0.000000
0.000000
0.000000
0.000000
0.000000
0.000000
0.000000
0.000000
0.000000
0.000000
0.000000
0.000726
0.000000
0.044240
0.000000
0.180230
0.000000
0.000000
0.063396
0.000254
0.000000
0.103449
0.002097
0.017388
0.001700
0.000000
0.011299
0.000000
0.067049
0.314126
0.008079
0.000000
0.000000
0.014010
0.044416
0.001028
0.001432
0.004612
0.100733
0.008952
0.000000
0.003582
0.000000
0.454556
0.000298
0.000000
0.009216
0.000000
0.000000
0.000000
0.000000
0.023760
0.008102
0.000000
1.323046
0.000000
0.025907
0.093039
0.000000
0.037838
0.000000
0.027022
0.000000
1.478602
0.100808
0.003816
0.000000
0.000000
0.049775
0.000000
0.005272
0.000000
0.077239
0.002658
0.000000
0.001436
0.000000
0.034633
0.000000
0.032530
0.000000
0.034848
0.000000
1.292178
0.020278
0.118787
0.000000
0.008614
0.000000
0.000575
0.000000
0.000000
0.213163
0.667880
0.562943
0.000000
0.027602
0.000000
0.000000
0.000000
0.000000
0.000000
0.002312
0.000000
0.000000
0.000000
0.000506
0.000000
0.003116
0.000000
29.952686
0.000000
0.000000
0.000000
0.872332
4.144037
0.000000
0.000000
0.000000
0.001021
0.001042
0.000000
0.000000
0.000000
0.000000
0.892894
0.136689
0.000000
0.070169
0.059363
0.000000
0.000000
0.000000
0.000000
0.232152
0.000000
0.000000
0.000000
0.000000
0.000000
0.000000
0.000000
0.000000
0.000000
0.000000
0.000000
0.000000
0.000000
0.000000
0.000000
0.000000
0.000000
0.000000
0.000000
0.000000
0.000000
0.000000
0.002315
0.000000
0.000000
0.000000
0.000000
0.000000
0.000000
0.000000
0.000000
0.000000
0.000000
0.000000
0.000000
0.000000
0.000000
0.042174
0.004471
0.000000
1.912231
0.000000
0.000000
0.000000
0.002715
0.000000
0.532948
0.000000
1.035064
0.000000
0.000000
0.181641
0.184408
0.000147
0.000000
1.232816
0.820814
0.154586
2.408216
0.000000
0.000000
0.000000
0.167328
0.051350
4.115853
0.000000
0.938144
0.424212
0.000000
1.518851
0.253809
0.029728
0.000000
9.692097
0.000738
0.007266
0.009750
0.000000
0.000000
0.000000
0.000000
0.000000
0.000000
0.000000
0.003191
0.000000
0.000000
0.013985
0.000000
0.000015
0.000000
0.538418
0.000000
0.000000
0.000000
0.000000
0.000000
0.000000
0.000000
0.000000
0.000000
0.000000
0.000000
0.000000
0.000000
0.000000
0.000000
0.000000
0.000000
0.000000
0.000000
0.000000
0.000000
0.000000
0.000000
0.000000
0.000000
0.000000
0.000000
0.000000
0.000000
0.000000
0.000000
0.000000
0.000000
0.000000
0.000000
0.000000
0.000000
0.000000
0.000000
0.000000
0.000000
0.000000
0.000000
0.000000
0.000000
0.000000
0.000000
0.000000
0.000000
0.000000
0.000000
0.000000
0.000000
0.000000
0.000000
0.000000
0.000000
0.000000
0.000000
0.000000
0.000000
0.000000
0.000000
0.000000
0.000000
0.000000
0.000000
0.000000
0.000000
0.000000
0.000000
0.000000
0.000000
0.000000
0.000000
0.000000
0.000000
0.000000
0.000000
0.000000
0.000000
0.000000
0.000000
0.000000
0.000000
0.000000
0.000000
0.000000
0.000000
0.000000
0.000000
0.000000
0.000000
0.000000
0.000000
0.000000
0.000000
0.000000
0.000000
0.000000
0.000000
0.000000
0.000000
0.000000
0.000000
0.000000
0.000000
0.000000
0.000000
0.000000
0.000000
0.000000
0.000000
0.000000
0.000000
0.000000
0.000000
0.000000
0.000000
0.000000
0.000000
0.000000
0.000000
0.000000
0.000000
0.000000
0.000000
0.000000
0.000000
0.000000
0.000000
0.000000
0.000000
0.000000
0.000000
0.000000
0.000000
0.000000
0.000000
0.000000
0.000000
0.000000
0.000000
0.000000
0.000000
0.000000
0.000000
0.000000
0.000000
0.000000
0.000000
0.000000
0.000000
0.000000
0.000000
0.000000
0.000000
0.138125
0.000000
0.000000
0.000000
0.000000
0.286694
0.000000
0.000000
0.937703
0.000000
0.000000
0.000000
0.000000
0.000000
0.000000
0.000000
0.000000
0.000000
0.000000
0.000000
0.000000
0.000000
0.000000
0.000000
0.000000
0.000000
0.000000
0.000000
0.000000
0.461306
0.000000
0.000000
0.205874
0.000000
0.332882
0.000000
0.034996
0.005477
0.003387
0.000000
0.000000
4.390443
0.007542
0.000000
0.000000
0.000000
0.000000
0.010740
0.000000
0.000000
0.000000
0.000000
0.041528
0.000000
0.021270
0.000000
0.000000
0.000000
0.000000
0.003039
0.091668
0.005397
0.000000
0.393152
0.000000
0.000000
0.000000
0.000000
0.000000
0.022437
0.000000
0.402127
2.886501
0.000000
0.000000
0.000000
0.018933
0.015308
0.000000
0.000000
0.000000
0.000000
0.036722
0.000000
0.000048
0.000000
0.000000
0.000000
0.000000
0.000000
0.000000
0.000000
0.000000
0.073706
0.192997
0.000324
0.000197
0.000000
0.000000
0.000000
0.000000
0.000000
0.000000
0.000000
0.000000
0.003167
0.000000
0.000000
0.000000
0.000000
0.000000
0.000000
0.068267
0.000000
0.002613
0.001353
0.000000
0.000000
0.000000
0.000000
0.032411
0.000000
0.000000
0.000000
0.000000
0.000000
0.000000
0.000000
0.000000
0.000000
0.000000
0.000000
0.000000
0.000000
0.000000
0.000000
0.000000
0.000000
0.000000
0.000000
0.000000
0.000000
0.000000
0.000000
0.000000
0.000000
0.000000
0.000000
0.000000
0.000000
0.000000
0.000000
0.000000
0.000000
0.000000
0.000000
0.000000
0.000000
0.000000
0.000000
0.000000
0.000000
0.000000
0.000000
0.000000
0.000000
0.000000
0.000000
0.000000
0.000000
0.000000
0.000000
0.000000
0.000000
0.000000
0.000000
0.000000
0.000000
0.000000
0.000000
0.000000
0.000000
0.000000
0.000000
0.000000
0.000000
0.000000
0.000000
0.000000
0.000000
0.000000
0.000000
0.000000
0.000000
0.000000
0.000000
0.000000
0.000000
0.000000
0.000000
0.000000
0.000000
0.000000
0.001654
0.000000
0.000000
0.000000
0.012171
0.000000
0.000000
0.008990
0.003487
0.000000
0.034548
0.000000
0.002091
0.013976
0.000000
0.000000
0.000000
0.068384
0.002965
0.000122
0.246015
0.000230
0.007719
0.034712
1.616014
0.744475
2.859202
0.029445
1.243782
0.000000
0.000000
4.231130
0.002471
0.000102
1.032999
1.188740
0.003173
0.890839
0.007631
0.002099
0.699615
0.844279
0.501453
0.303031
0.241649
0.000000
1.141319
0.000000
0.000000
0.004390
0.006166
0.557414
0.019722
0.094055
0.001776
0.000000
0.124974
0.000000
0.000000
0.007676
0.011039
1.716697
0.159136
0.000000
2.728658
0.000000
0.000000
0.461426
0.034795
3.466686
0.000000
1.543869
0.000000
0.241764
0.000000
0.000000
0.000000
0.000000
0.000000
0.000000
0.000000
0.000000
0.000000
0.000000
0.000000
0.000000
0.000000
0.000000
0.000000
0.000000
0.564677
0.000000
0.000000
0.000000
0.000000
0.000000
0.000000
0.000000
0.000000
0.000000
0.000000
0.000000
0.000000
0.000000
0.000000
0.000000
0.000000
0.000000
0.217876
4.245775
0.000000
0.000000
0.000000
0.000000
0.000000
0.000000
0.000000
0.189362
0.000000
0.000000
0.000000
0.000000
0.072243
0.323182
0.000000
0.000000
3.695256
0.000000
0.000000
0.000000
0.000000
0.000000
0.000000
0.000000
0.000000
0.000000
0.000000
0.027128
0.000000
0.029855
0.000000
0.290705
0.103913
0.000000
0.000000
0.000000
0.000000
0.075930
0.002630
0.000000
0.000000
0.000000
0.000000
0.000000
0.000000
0.000000
0.000000
0.000000
0.000000
0.000000
0.000000
0.000000
0.000000
0.000000
0.000000
0.477514
0.000000
0.000000
0.000000
0.007275
0.000000
0.000000
0.000000
0.000000
0.000000
0.000000
0.000000
0.000000
0.000000
0.000000
0.000000
0.000000
0.000000
0.000000
0.000006
0.000000
0.113779
0.000000
0.000000
0.118298
0.000000
0.088648
0.000000
0.020778
0.000000
0.000000
0.000000
0.000000
0.851375
0.267837
0.141534
0.000000
0.000000
0.000000
1.484999
0.000000
0.673680
0.095772
0.706547
0.100195
0.000000
1.857509
0.000000
0.111302
0.162343
0.000000
0.004239
0.000000
0.000000
0.000000
0.000000
0.000000
0.003777
0.042954
0.000000
0.000000
0.000000
0.000000
0.000000
0.000000
0.006601
0.006317
0.000000
0.353894
0.000000
0.000000
0.000000
0.038795
0.000000
0.000000
0.000000
0.000000
0.000000
0.000000
0.000000
0.000000
0.000000
0.000000
0.000000
0.000000
0.000000
0.147080
0.000575
0.000000
0.000000
0.000000
0.000000
0.000000
0.000000
0.074020
0.000000
0.059863
0.000000
0.086740
0.000000
0.071363
0.000000
0.000000
0.000000
1.023752
0.116616
0.002363
0.000000
0.000000
0.000000
0.000000
0.000000
0.000000
0.000000
0.000000
0.020764
0.000000
0.000000
0.009349
0.000000
0.000000
0.000000
3.009003
0.113492
0.000000
0.000000
0.000000
0.000000
0.000000
0.000000
0.000000
0.000000
0.000000
0.000000
0.000000
0.003499
0.008035
0.000000
0.000000
0.000000
0.865054
1.021088
0.600525
0.000000
0.000000
0.000000
0.002502
0.000000
0.000000
0.000000
0.029671
0.224138
0.000000
0.000000
0.000000
0.029805
0.000000
0.007175
0.334243
0.000000
0.607064
0.000000
0.000000
0.000000
0.039171
0.100357
0.226460
0.000000
0.002294
0.031370
0.000000
0.000000
0.000000
0.039483
0.000000
2.039205
0.304453
0.000000
0.000000
0.000000
0.000000
0.000000
0.000000
0.000000
0.056639
0.000000
0.019765
0.000000
0.000000
0.000000
0.000000
0.057374
0.000000
0.101575
0.101710
0.000000
0.000000
0.000000
0.000000
0.000000
0.000000
0.000000
0.000000
0.000000
0.000000
0.000000
0.000000
0.000000
0.000000
0.000000
0.000000
0.000000
0.000000
0.000000
0.000000
0.000000
0.000000
0.000000
0.000000
0.000000
0.000000
0.000000
0.000000
0.000000
0.000000
0.000000
0.000000
0.000000
0.000000
0.000000
0.000000
0.000000
0.000000
0.000000
0.000000
0.000000
0.000000
0.000000
0.000000
0.000000
0.000000
0.000000
0.000000
0.000000
0.000000
0.000000
0.000000
0.000000
0.000000
0.000000
0.000000
0.000000
0.000000
0.000000
0.000000
0.000000
0.000000
0.000000
0.000000
0.000000
0.000000
0.000000
0.000000
0.000000
0.000000
0.000000
0.000000
0.774448
0.110736
0.000000
0.000000
0.000000
0.000000
0.000000
0.000000
0.000000
0.000000
0.002473
0.000000
0.000000
0.223240
0.000000
0.000000
0.000000
0.000000
4.224579
0.000674
0.000000
0.000000
0.000325
0.000000
0.000000
0.000000
0.133216
0.000112
0.000023
0.000000
0.000000
0.000000
0.003441
0.002955
0.012711
0.042850
6.886660
2.094096
0.000000
0.000000
0.000000
0.025857
0.000000
0.138562
0.030303
0.000000
0.121660
0.000000
0.098117
0.020491
0.003541
0.000000
0.021988
0.000752
5.045124
0.214614
0.000000
0.000000
0.000000
0.015719
0.000000
0.000000
0.000000
0.000000
0.000000
0.000000
0.013150
0.080787
0.000000
0.006131
0.000000
0.148131
0.000000
0.000000
0.000000
0.000000
0.000000
0.000000
0.000000
0.000000
0.000000
0.000000
0.000000
0.000000
0.055819
0.000000
0.000000
0.000000
0.000000
0.000000
0.000000
0.000000
0.000000
0.000000
0.000000
0.000000
0.000000
0.000000
0.000000
0.000000
0.000000
0.000000
0.000000
0.000000
0.000000
0.000000
0.249068
0.680868
0.000000
0.000000
0.000000
0.000000
0.000000
0.000000
0.000000
0.000000
0.000000
0.000000
0.000000
0.000000
0.000000
0.000000
0.000000
0.000000
0.113890
0.000000
0.025508
0.208554
0.000000
0.000000
0.000000
0.000000
0.000000
0.000065
0.000000
0.000000
0.000000
0.000000
0.000000
0.000000
0.000000
0.000000
0.331399
0.000000
0.000000
0.000000
0.000000
0.000000
0.000000
0.000000
0.000000
0.000000
0.000000
0.000000
0.000000
0.000000
0.000000
0.000000
0.000000
0.000000
0.000000
0.000000
0.000000
0.000000
0.000000
0.000000
0.000000
0.000000
0.000000
0.000000
0.000000
0.000000
0.000000
0.000000
0.000000
0.000000
0.000000
0.000000
0.000000
0.000000
0.000000
0.000000
0.000000
0.000000
0.000000
0.000000
0.000000
0.000000
0.000000
0.000000
0.000000
0.000000
0.000000
0.000000
0.000000
0.000000
0.000000
0.000000
0.000000
0.000000
0.000000
0.000000
0.000000
0.000000
0.000000
0.000000
0.000000
0.000000
0.000000
0.000000
0.000000
0.000000
0.000000
0.000000
0.000000
0.000000
0.008559
0.000000
0.001050
0.000000
0.001141
0.000000
0.003691
0.000000
0.000000
0.000000
0.002374
0.000000
0.002932
0.000000
0.000000
0.000000
0.000000
0.000000
0.000000
0.001885
0.118509
0.015994
0.000000
0.004745
0.000000
0.103510
0.000000
1.767073
0.001962
0.000000
0.000000
0.637924
0.037664
0.000000
0.000000
2.417722
0.207298
0.384457
0.000010
0.000176
0.000000
0.000000
1.089318
0.248302
0.003360
0.000100
0.053164
0.005928
0.000000
0.011177
0.000000
0.002773
0.000000
0.000000
0.004490
0.000000
0.000000
0.000000
0.000000
0.000000
0.000000
0.000017
0.000000
0.000000
0.042024
0.000000
0.000000
0.000000
0.000000
0.000214
0.000000
0.000000
0.000000
0.000000
0.000000
0.000000
0.000000
0.000000
0.000000
0.000000
0.000000
0.000000
0.000000
0.000000
0.000000
0.000000
0.000000
0.000000
0.000000
0.000000
0.000000
0.000000
0.000000
0.000000
0.000000
0.000000
0.000000
0.000000
0.000000
0.000000
0.000000
0.000000
0.000000
0.000000
0.000000
0.000000
0.000000
0.000000
0.000000
0.000000
0.000000
0.000000
0.000000
0.000000
0.000000
0.000000
0.000000
0.000000
0.000000
0.000000
0.000000
0.000000
0.000000
0.000000
0.000000
0.000000
0.000000
0.000000
0.000000
0.000000
0.000000
0.000000
0.000000
0.000000
0.000000
0.000000
0.000000
0.000000
0.000000
0.000000
0.000000
0.000000
0.000000
0.000000
0.000000
0.000000
0.000000
0.000000
0.000000
0.000000
0.000000
0.000000
0.000000
0.000000
0.000000
0.000000
0.000000
0.000000
0.000000
0.000000
0.000000
0.000000
0.000000
0.000000
0.000000
0.000000
0.000000
0.000000
0.000000
0.000000
0.000000
0.000000
0.000000
0.000000
0.000000
0.000000
0.000000
0.000000
0.000000
0.000000
0.000000
0.000000
0.000000
0.000000
0.000000
0.000000
0.000000
0.000000
0.000000
0.000000
0.000000
0.000000
0.000000
0.000000
0.000000
0.000000
0.000000
0.000000
0.000000
0.000000
0.000000
0.000000
0.000000
0.000000
0.000000
0.000000
0.000000
0.000000
0.000000
0.000000
0.000000
0.000000
0.000000
0.000000
0.000000
0.000000
0.000000
0.000000
0.000000
0.000000
0.000000
0.000000
0.000000
0.000000
0.000000
0.000000
0.000000
0.000000
0.000000
0.000000
0.000000
0.000000
0.000000
0.000000
0.000000
0.000000
0.000000
0.000000
0.000000
0.000000
0.000000
0.000000
0.000000
0.000000
0.000000
0.000000
0.000000
0.000000
0.000000
0.000000
0.000000
0.000000
0.000000
0.000000
0.000000
0.000000
0.000000
0.000000
0.000000
0.000000
0.000000
0.000000
0.000000
0.000000
0.000000
0.000000
0.000000
0.000000
0.000000
0.000000
0.000000
0.000000
0.000000
0.000000
0.000000
0.000000
0.000000
0.000000
0.000000
0.000000
0.000000
0.000000
0.000000
0.000000
0.000000
0.000000
0.000000
0.000000
1.319100
0.239028
2.049634
0.000000
0.911651
0.000000
0.000000
1.191627
0.000000
0.012870
0.004864
0.000000
0.000000
1.146360
0.000000
0.000000
0.000000
23.326099
0.134110
0.377517
0.089737
0.000000
0.172924
0.071800
0.000000
0.019766
0.000000
0.000000
0.035695
0.000000
0.000000
0.000000
4.050029
0.000000
0.067956
0.591056
0.057970
0.352934
0.097706
0.000000
0.157709
0.029659
0.000000
9.883163
0.000000
0.000000
8.969357
0.000000
0.019779
0.000000
0.000000
0.000000
1.232420
1.742204
0.000000
0.000000
0.005438
0.000000
0.000000
0.000000
0.000000
0.000000
0.000000
0.000000
0.000000
0.000000
1.616378
0.000000
0.001161
0.000000
0.000000
0.000000
0.349355
0.000000
0.455160
0.073594
0.066088
0.000000
0.000000
0.000000
0.000000
0.000000
0.345063
0.000000
0.370831
0.615729
0.000000
0.221795
0.000000
0.000000
0.006734
0.000038
0.000000
0.000000
0.000000
0.000000
0.003302
0.000000
0.000000
0.019324
0.000000
0.000000
0.000000
0.013230
0.000000
0.000000
0.000000
0.000000
0.000000
0.029737
0.000000
0.000000
0.000000
0.000000
0.000000
0.000000
0.000000
0.000000
0.000000
0.000000
0.000000
0.000000
0.000000
0.000000
0.000000
0.000000
0.038882
0.563878
0.977127
0.000327
0.000000
0.000000
0.103091
0.201079
0.000000
0.029476
0.000000
0.000000
0.000000
0.000000
0.000000
0.000000
0.000000
0.000000
0.000000
0.178991
0.000000
0.000000
0.000000
0.000000
0.000000
0.000000
0.000000
0.000000
0.002535
0.000000
0.000000
0.000000
0.000000
0.000000
0.000000
0.000000
0.000000
0.002099
0.000000
0.000000
0.000000
0.000000
0.000000
0.030783
0.000000
0.000000
0.000000
0.000000
0.000000
0.000000
0.000000
0.000000
0.000000
0.000000
0.386282
0.059220
0.000000
0.000000
0.000000
0.000000
0.005572
0.000000
0.000000
0.000000
0.000000
0.000000
0.000000
0.000474
0.026455
0.000000
0.000000
0.000000
0.004343
0.000000
0.000000
0.000000
0.000000
0.000000
0.000000
0.000706
0.000000
0.000000
0.000000
0.000000
0.000000
0.000000
0.000000
0.046740
0.000000
0.000000
0.000000
0.000000
0.000000
0.000000
0.000000
0.000000
0.000000
0.000000
0.000000
0.000000
0.000000
0.000000
0.000000
0.000000
0.000000
0.000000
0.000000
0.000000
0.000000
0.000000
0.000000
0.000000
0.000000
0.000000
0.000000
0.000000
0.000000
0.000000
0.000000
0.000000
0.000000
0.000000
0.000000
0.000000
0.000000
0.000000
0.000000
0.000000
0.000000
0.000000
0.000000
0.000000
0.000000
0.000000
0.000000
0.000000
0.000000
0.000000
0.000000
0.000000
0.000000
0.000000
0.000000
0.000000
0.000000
0.000000
0.000000
0.000000
0.000000
0.000000
0.000000
0.000000
0.000000
0.000000
0.000000
0.000000
0.000000
0.000000
0.000000
0.000000
0.000000
0.000000
0.000000
0.000000
0.000000
0.000000
0.000000
0.000000
0.000000
0.000000
0.000000
0.000000
0.000000
0.000000
0.000000
0.000000
0.000000
0.000000
0.000000
0.000000
0.000000
0.000000
0.000000
0.000000
0.000000
0.000000
0.000000
0.000000
0.000000
0.000000
0.000000
0.000000
0.000000
0.000000
0.000000
0.000000
0.000000
0.000000
0.000000
0.000000
0.000000
0.000000
0.000000
0.000000
0.000000
0.000000
0.000000
0.000000
0.000000
0.000000
0.000000
0.000000
0.000000
0.000000
0.000000
0.000000
0.000000
0.000000
0.000000
0.000000
0.000000
0.000000
0.000000
0.000000
0.000000
0.000000
0.000000
0.000000
0.000000
0.000000
0.000000
0.000000
0.000000
0.000000
0.000000
0.000000
0.000000
0.000000
0.000000
0.000000
0.000000
0.000000
0.000000
0.000000
0.000000
0.000000
0.000000
0.000000
0.000000
0.000000
0.000000
0.000000
0.000000
0.000000
0.000000
0.000000
0.000000
0.000000
0.000000
0.000000
0.000000
0.000000
0.000000
0.000000
0.000000
0.000000
0.000000
0.000000
0.000000
0.000000
0.000000
0.000000
0.000000
0.000000
0.000000
0.000000
0.000000
0.000000
0.000000
0.000000
0.000000
0.000000
0.000000
0.000000
0.000000
0.000000
0.000000
0.000000
0.000000
0.000000
0.000000
0.000000
0.000000
0.000000
0.000000
0.000000
0.000000
0.000000
0.000000
0.000000
0.000000
0.000000
0.000000
0.000000
0.000000
0.000000
0.000000
0.000000
0.000000
0.000000
0.000000
0.000000
0.000000
0.000000
0.000000
0.000000
0.000000
0.000000
0.000000
0.000000
0.000000
0.000000
0.000000
0.000000
0.000000
0.000000
0.000000
0.000000
0.000000
0.000000
0.000000
0.000000
0.000000
0.000000
0.000000
0.000000
0.000000
0.000000
0.000000
0.000000
0.000000
0.000000
0.000000
0.000000
0.000000
0.000000
0.000000
0.000000
0.000000
0.000000
0.000000
0.000000
0.000000
0.000000
0.000000
0.000000
0.000000
0.000000
0.000000
0.000000
0.000000
0.000000
0.000000
0.000000
0.000000
0.000000
0.000000
0.000000
0.000000
0.000000
0.000000
0.000000
0.000000
0.000000
0.000000
0.000000
0.000000
0.000000
0.005362
0.000000
0.001742
0.000000
0.000000
0.000000
0.000000
0.000000
0.000000
0.000000
0.000000
0.000000
0.000000
0.000000
0.000000
0.000000
0.000000
0.000000
0.081294
0.000000
0.739950
0.003972
0.000000
0.000000
0.000000
0.010619
0.032918
0.000455
0.000000
0.085101
0.000000
0.014831
0.006028
0.152487
0.000000
0.000335
0.057381
0.004819
0.839074
0.030303
0.000000
0.000000
0.026824
0.000000
1.694867
0.003174
0.000000
1.040039
0.000000
1.640236
0.001987
0.504215
0.000000
0.000000
0.000000
0.000000
0.004848
0.000025
0.000000
0.000000
0.000000
0.000000
0.000000
0.000000
0.027432
0.000000
0.000000
0.000000
0.000000
0.000000
0.000000
0.000000
0.000000
0.000000
0.000000
0.000000
0.000000
0.000000
0.000000
0.000000
0.000000
0.000000
0.000000
0.000000
0.000000
0.000000
0.000000
0.000000
0.000000
0.000000
0.000000
0.000000
0.000000
0.000000
0.000000
0.000000
0.000000
0.000000
0.000000
0.000000
0.000000
0.000000
0.000000
0.000000
0.000000
0.000000
0.000000
0.000000
0.000000
0.000000
0.000000
0.000000
0.000000
0.000000
0.000000
0.000000
0.000000
0.000000
0.000000
0.000000
0.000000
0.000000
0.000000
0.000000
0.000000
0.000000
0.000000
0.000000
0.000000
0.000000
0.000000
0.000000
0.000000
0.000000
0.000000
0.000000
0.000000
0.000000
0.000000
0.000000
0.000000
0.000000
0.000000
0.000000
0.076974
0.000000
0.000000
0.000000
0.000000
0.000000
0.000000
0.000000
0.000000
0.000000
0.000000
0.000000
0.000000
0.000000
0.000000
0.000000
0.000000
0.184346
0.116448
0.000000
0.337882
0.000000
0.000000
0.000000
0.000000
0.000000
0.000000
0.000000
0.000000
0.000000
0.003760
0.000000
0.001573
0.000000
0.000000
1.064973
1.791148
8.156828
3.561444
0.000000
0.000000
0.137511
0.000000
0.000241
0.003592
0.000000
0.474595
0.000000
0.131773
0.007847
0.000192
0.000000
0.062342
0.106383
2.082176
1.713884
1.003202
0.018848
0.000000
0.000000
0.000000
0.000000
0.000000
0.000000
0.000000
0.000000
0.000000
0.000000
0.000000
0.000000
0.000000
1.156018
0.000000
0.275472
0.000000
0.000000
0.000000
0.000000
0.000000
0.000000
0.000000
0.000000
0.000000
0.000000
0.000000
0.000000
0.000000
0.000000
0.000000
0.000000
0.000000
0.000000
0.000000
0.035344
0.000000
0.008843
0.000000
0.011034
0.000000
0.000000
0.000000
0.000000
0.000000
0.000000
0.000000
0.000000
0.794819
0.000000
0.000000
0.000000
0.000000
0.000000
0.000000
0.000000
0.255687
0.000000
0.000000
0.000000
0.000000
0.000000
0.000000
0.000000
0.000000
0.237836
0.000000
0.000000
0.000000
0.439654
0.000000
0.000000
0.000000
0.000000
0.000000
0.000000
0.000000
0.000000
0.000000
0.000000
0.000000
0.000000
0.000000
0.000000
0.000000
0.000000
0.000757
0.000000
0.152643
0.003638
2.572627
0.000000
0.000000
0.000000
0.000000
0.000000
0.000000
0.000000
0.000000
0.264074
0.000000
0.000000
0.000000
0.009252
0.022793
0.058449
0.000000
0.000000
0.000000
0.011813
0.217435
0.000363
0.000000
0.000000
0.065982
0.000000
0.000561
0.000000
0.016139
0.000000
6.174368
0.000000
0.006944
0.001105
0.000000
0.000000
0.012454
0.413513
0.055023
0.216982
0.000000
0.000000
0.009326
0.000000
0.000788
0.000000
0.000000
0.000000
0.016520
0.000000
0.285525
0.000870
1.151036
0.232377
0.000000
0.000000
0.000318
0.022433
0.000000
0.015579
0.000000
0.000000
0.102250
0.000000
0.001679
0.000000
0.023049
0.159083
0.000000
0.000000
0.000000
0.000000
0.000000
0.000000
0.000000
0.000000
0.000000
0.000000
0.000000
0.000000
0.000000
0.000000
0.000000
0.000000
0.000000
0.000000
0.000000
0.000000
0.000000
0.000000
0.000000
0.000000
0.000000
0.000000
0.000000
0.000000
0.000000
0.000000
0.000000
0.000000
0.000000
0.000000
0.000000
0.000000
0.000000
0.000000
0.000000
0.000000
0.000000
0.000000
0.000000
0.000000
0.000000
0.000000
0.000000
0.000000
0.000000
0.000000
0.000000
0.000000
0.000000
0.000000
0.000000
0.000000
0.000000
0.000000
0.000000
0.000000
0.000000
0.000000
0.000000
0.000000
0.000000
0.000000
0.000000
0.000000
0.000000
0.000000
0.000000
0.000000
0.000000
0.000000
0.000000
0.000000
0.000000
0.000000
0.000000
0.000000
0.000000
0.000000
0.000000
0.000000
0.000000
0.000000
0.000000
0.000000
0.000000
0.000000
0.000000
0.000000
0.000000
0.000000
0.000000
0.000000
0.000000
0.000000
0.000000
0.000000
0.000000
0.000000
0.000000
0.000000
0.000000
0.000000
0.000000
0.000000
0.000000
0.000000
0.000000
0.000000
0.000000
0.000000
0.000000
0.000000
0.000000
0.000000
0.000000
0.000000
0.000000
0.000000
0.000000
0.000000
0.000000
0.000000
0.000000
0.000000
0.000000
0.000000
0.000000
0.000000
0.000000
0.000000
0.000000
0.000000
0.000000
0.000000
0.000000
0.000000
0.000000
0.000000
0.000000
0.000000
0.000000
0.000000
0.000000
0.000000
0.000000
0.000000
0.000000
0.000000
0.000000
0.000000
0.000000
0.000000
0.000000
0.000000
0.000000
0.000000
0.000000
0.000000
0.000000
0.000000
0.000000
0.000000
0.000000
0.000000
0.000000
0.000000
0.000000
0.000000
0.000000
0.000000
0.000000
0.000000
0.000000
0.000000
0.000000
0.000000
0.000000
0.076738
0.000000
0.000000
0.000000
0.000000
0.000000
0.000000
0.000000
0.000000
0.000000
0.000000
0.000000
0.000000
0.000000
0.000000
0.000000
0.000000
0.000000
0.000000
0.000000
0.000000
0.000000
0.000000
0.000000
0.000000
0.000000
0.000000
0.000000
0.000000
0.000000
0.000000
0.000000
0.000000
0.000000
0.000000
0.004741
0.000000
0.000000
0.000000
0.240532
0.000000
0.000000
0.048578
0.000000
0.000000
0.000000
0.000000
0.000000
0.000000
0.000000
0.000000
0.000000
0.000000
0.795399
0.000000
0.000000
0.354672
0.000000
0.000000
3.260513
0.594137
0.072735
0.000000
0.000000
0.000000
0.000000
0.196968
0.000000
0.000000
3.052226
3.609526
0.642221
0.000000
0.000000
0.061100
0.000000
0.000000
2.604238
0.006276
0.251806
0.019264
0.002237
0.006543
0.000000
0.424670
0.000106
0.000000
0.009472
0.000000
0.000000
0.000000
0.000000
0.000000
0.000000
0.000000
0.003233
0.000000
0.000000
0.000000
0.000000
0.000046
0.000000
0.000000
0.000000
0.000000
0.000000
0.000000
0.528166
0.044665
0.000000
0.000000
0.156181
0.000000
0.000000
0.000000
0.000000
0.000000
0.061465
0.000000
0.000000
0.000000
0.000000
0.000000
0.000000
0.000000
0.175925
0.011288
0.000000
0.103117
0.000000
0.000000
0.000000
0.000000
0.000000
0.000000
0.000000
0.000000
0.000000
0.000000
0.000000
0.202249
0.105625
0.000000
4.677049
5.646626
0.000000
0.000000
0.000000
0.000000
0.408956
0.000000
0.000000
1.860775
0.002234
0.275072
0.000000
0.023091
4.273788
0.013035
0.380864
0.000000
1.497367
0.309432
0.595326
0.053545
0.000000
0.000000
0.042603
0.000000
0.000000
0.000000
0.000000
0.000000
0.000000
0.000000
0.000000
0.000000
0.000000
0.000000
0.000000
0.000000
0.000000
0.000000
0.000000
0.000000
0.000000
0.000000
0.000000
0.000000
0.000000
0.000000
0.000000
0.000000
0.000000
0.000000
0.000000
0.000000
0.000000
0.000000
0.000000
0.000000
0.000000
0.000000
0.000000
0.000000
0.000000
0.000000
0.000000
0.000000
0.000000
0.000000
0.000000
0.000000
0.000000
0.000000
0.000000
0.000000
0.000000
0.000000
0.000000
0.000000
0.000000
0.000000
0.000000
0.000000
0.000000
0.000000
0.000000
0.000000
0.000000
0.000000
0.000000
0.000000
0.000000
0.000000
0.000000
0.000000
0.000000
0.000000
0.000000
0.000000
0.000000
0.000000
0.000000
0.000000
0.000000
0.000000
0.000000
0.000000
0.000000
0.000000
0.000000
0.000000
0.000000
0.000000
0.000000
0.000000
0.000000
0.000000
0.000000
0.000000
0.000000
0.000000
0.000000
0.000000
0.000000
0.000000
0.000000
0.000000
0.000000
0.000000
0.000000
0.000000
0.000000
0.000000
0.000000
0.000000
0.000000
0.000000
0.000000
0.000000
0.000000
0.000000
0.000000
0.000000
0.000000
0.000000
0.000000
0.000000
0.000000
0.000000
0.000000
0.000000
0.000000
0.000000
0.000000
0.000000
0.000000
0.000000
0.000000
0.000000
0.000000
0.000000
0.000000
0.000000
0.000000
0.000000
0.000000
0.000000
0.000000
0.000000
0.000000
0.000000
0.000000
0.000000
0.000000
0.000000
0.000000
0.000000
0.000000
0.000000
0.000000
0.000000
0.451948
0.508561
1.684591
0.004453
0.000000
0.000000
0.000000
0.001597
0.043393
0.000000
0.008570
0.000000
0.000000
0.173849
0.000000
1.416365
0.002927
0.000000
0.176911
0.000000
0.000000
0.616009
0.000000
0.000000
0.031622
0.000000
0.000000
0.000000
0.000000
0.000000
0.000000
0.000000
0.000000
0.009345
0.001504
0.000000
0.862927
0.061847
0.000000
0.005807
0.000000
0.000000
0.000000
0.000000
0.000000
0.000000
0.000000
0.000000
0.000000
0.000000
0.000000
0.146352
0.000000
0.000000
0.072901
0.048385
0.000000
0.000000
0.000000
0.000000
0.000131
0.000000
0.000000
0.000000
0.014673
0.051846
0.000000
0.008584
0.021540
0.000000
0.000000
0.000000
0.000000
0.004551
0.000059
0.000000
0.003542
0.000000
0.000000
0.000000
0.000000
0.000000
0.012625
0.000000
0.000000
0.000058
0.000000
0.000000
0.000000
0.000000
0.000000
0.353753
0.000000
0.069189
0.000000
0.000000
0.000000
0.000000
0.000000
0.000000
0.000000
0.000000
0.000000
0.000000
0.000000
0.000000
0.000000
0.060282
1.219316
1.789184
0.000000
0.000000
0.000000
0.000000
0.000000
0.000000
0.000000
0.161388
0.000000
0.000000
0.000000
0.000000
0.041028
0.418054
0.000000
0.000000
0.768346
0.000000
0.000000
0.000000
0.000000
0.000000
0.000000
0.000000
0.000000
0.000000
0.000000
0.000000
0.000000
0.023727
0.000000
0.000000
0.000000
0.000000
0.000000
0.000000
0.000000
0.000000
0.000000
0.000000
0.000000
0.000000
0.000000
0.000000
0.000000
0.000000
0.000000
0.000000
0.000000
0.000000
0.000000
0.000000
0.000806
0.000000
0.000000
0.000000
0.000000
0.000000
0.000000
0.000000
0.000000
0.000000
0.000000
0.000000
0.000000
0.000000
0.000000
0.000000
0.000000
0.002437
0.000000
0.000000
0.000000
0.000000
0.000000
0.000000
0.298233
0.010364
0.000000
0.000000
0.000000
0.000000
0.000000
0.000000
0.160262
0.000000
0.028846
0.000000
0.000001
1.023517
0.298144
0.014907
0.000000
0.000000
0.037257
0.241202
0.000000
0.037864
0.000000
0.000000
0.000000
0.000000
0.115713
0.000000
0.175722
0.085731
0.000000
0.000000
0.000000
0.000000
0.000000
0.000000
0.000000
0.000000
0.000000
0.000000
0.006314
0.000000
0.000000
0.000000
0.000000
0.000000
0.000000
0.000000
0.000000
0.000000
0.030644
0.000000
0.000000
0.000000
0.000000
0.000000
0.000000
0.581991
0.000000
0.000000
0.000000
0.068659
0.000001
0.000000
0.000000
0.818508
0.544753
7.372141
1.008771
0.000000
0.000000
0.000000
0.000000
0.000000
0.000000
0.000000
0.277575
0.000000
0.000000
0.000000
0.000000
0.000000
0.000000
0.000030
0.000000
0.000000
0.000000
0.000000
0.000000
0.000000
0.000000
0.000000
0.000000
0.000000
0.000000
0.000000
0.000000
0.000000
0.000000
0.000000
0.000000
0.000000
0.000000
0.000000
0.000000
0.000000
0.000000
0.000000
0.000000
0.000000
0.000000
0.000000
0.000000
0.000000
0.000000
0.000000
0.000000
0.000000
0.000000
0.000000
0.000000
0.000000
0.000000
0.000000
0.000000
0.000000
0.000000
0.000000
0.000000
0.000000
0.000000
0.000000
0.000000
0.000000
0.000000
0.000000
0.000000
0.000000
0.000000
0.000000
0.000000
0.000000
0.000000
0.000000
0.000000
0.000000
0.000000
0.000000
0.000000
0.000000
0.000000
0.000000
0.000000
0.000000
0.000000
0.000000
0.000000
0.000000
0.000000
0.000000
0.000000
0.000000
0.000000
0.000000
0.000000
0.000000
0.000000
0.000000
0.000000
0.000000
0.000000
0.000000
0.000000
0.000000
0.094162
0.000000
0.000000
0.000000
0.019978
0.000000
0.000000
0.000000
0.000000
0.000000
0.000000
0.000000
0.007259
0.000000
0.000000
0.000000
0.000000
0.000000
2.864545
0.372838
0.000000
0.000061
0.000000
0.000000
0.888207
12.454114
0.000000
0.005831
0.000000
0.000000
0.000000
0.000000
0.000000
0.000000
3.734495
4.623585
0.000000
0.000027
0.000000
0.000000
0.000000
0.000000
0.576752
0.000000
0.000000
0.024477
0.000000
0.000000
0.000000
0.000000
0.000000
1.021564
0.000320
0.000000
0.000176
0.000000
0.000000
0.000000
0.000000
0.000000
0.084506
0.000000
0.000000
0.000000
0.000000
0.077029
0.121792
0.001120
0.000000
0.181932
0.001822
0.000000
0.000000
0.000000
0.000000
0.000000
0.000000
0.000000
0.000000
0.000000
0.000000
0.000000
0.000000
0.000000
0.000000
0.000000
0.000000
0.000000
0.000000
0.000000
0.000000
0.000000
0.000000
0.000000
0.000000
0.000000
0.000000
0.000000
0.000000
0.000000
0.000000
0.000000
0.000000
0.000000
0.000000
0.000000
0.000000
0.000000
0.000000
0.000000
0.000000
0.000000
0.000000
0.000000
0.000000
0.000000
0.000000
0.000000
0.000000
0.000000
0.000000
0.000000
0.000000
0.000000
0.000000
0.000000
0.000000
0.000000
0.000000
0.000000
0.000000
0.000000
0.000000
0.000000
0.000000
0.000000
0.000000
0.000000
0.000000
0.000000
0.000000
0.000000
0.000000
0.000000
0.000000
0.000000
0.000000
0.000000
0.000000
0.000000
0.000000
0.000000
0.000000
0.000000
0.000000
0.000000
0.000000
0.000000
0.000000
0.000000
0.000000
0.000000
0.000000
0.000000
0.000000
0.000000
0.000000
0.000000
0.000000
0.000000
0.000000
0.000000
0.000000
0.000000
0.000000
0.000000
0.000000
0.000000
0.000000
0.000000
0.000000
0.000000
0.000000
0.000000
0.000000
0.000000
0.000000
0.000000
0.000000
0.000000
0.000000
0.000000
0.000000
0.000000
0.000000
0.000000
0.000000
0.000000
0.000000
0.000000
0.000000
0.000000
0.000000
0.000000
0.000000
0.000000
0.000000
0.000000
0.000000
0.000000
0.000000
0.000000
0.000000
0.000000
0.000000
0.000000
0.000000
0.000000
0.000000
0.000000
0.000000
0.000000
0.000000
0.000000
0.000000
0.000000
0.000000
0.000000
0.000000
0.000000
0.000000
0.000000
0.000000
0.000000
0.000000
0.000000
0.000000
0.000000
0.000000
0.000000
0.000000
0.000000
0.000000
0.000000
0.000000
0.000000
0.000000
0.000000
0.000000
0.000000
0.000000
0.000000
0.000000
0.000000
0.000000
0.000000
0.000000
0.000000
0.000000
0.000000
0.000000
0.000000
0.000000
0.000000
0.000000
0.000000
0.000000
0.000000
0.000000
0.000000
0.000000
0.000000
0.000000
0.000000
0.000000
0.000000
0.000000
0.000000
0.000000
0.000000
0.000000
0.000000
0.000000
0.000000
0.000000
0.000000
0.000000
0.000000
0.000000
0.000000
0.000000
0.000000
0.000000
0.000000
0.000000
0.000000
0.000000
0.000000
0.000000
0.000000
0.000000
0.000000
0.000000
0.000000
0.000000
0.000000
0.000000
0.000000
0.000000
0.000000
0.000000
0.000000
0.000000
0.000000
0.000000
0.000000
0.000000
0.000000
0.000000
0.000000
0.000000
0.000000
0.000000
0.000000
0.000000
0.000000
0.000000
0.000000
0.000000
0.000000
0.000000
0.000000
0.000000
0.000000
0.000000
0.000000
0.000000
0.000000
0.000000
0.000000
0.000000
0.000000
0.000000
0.000000
0.000000
0.000000
0.000000
0.000000
0.000000
0.000000
0.000000
0.000000
0.000000
0.000000
0.000000
0.000000
0.000000
0.000000
0.000000
0.000000
0.004532
0.010041
0.073611
0.089342
0.000000
0.000000
0.000000
0.000055
0.000000
0.080181
0.610935
0.043740
0.000466
0.001807
0.000000
0.000000
0.000000
0.000000
0.000000
0.000000
0.000000
0.487439
0.000000
0.000000
0.000000
1.201126
0.000000
12.750741
0.000000
0.000000
0.000000
0.826005
1.864279
0.000000
0.000000
0.056967
0.000000
0.000000
0.000000
0.354625
0.000000
0.000000
3.394982
0.001396
0.000000
0.000000
0.000000
0.000000
0.000000
0.000000
0.000000
1.935985
0.000000
0.000000
0.011035
0.000000
0.000000
0.000000
0.000000
0.000000
0.000000
0.000000
0.000000
0.000000
0.000000
0.000000
0.008275
0.004839
0.000000
0.000000
0.000000
0.000000
0.000000
0.000000
0.000000
0.000000
0.000000
0.000000
0.000000
0.000000
0.000000
0.000000
0.000000
0.000000
0.000000
0.000000
0.000000
0.000000
0.000000
0.000000
0.000000
0.000000
0.000000
0.000000
0.000000
0.000000
0.000000
0.000000
0.000000
0.000000
0.000000
0.000000
0.000000
0.000000
0.000000
0.000000
0.000000
0.000000
0.000000
0.000000
0.000000
0.000000
0.000000
0.000000
0.000000
0.000000
0.000000
0.000000
0.000000
0.000000
0.000000
0.000000
0.000000
0.000000
0.000000
0.000000
0.000000
0.000000
0.000000
0.000000
0.000000
0.000000
0.000000
0.000000
0.000000
0.000000
0.000000
0.000000
0.000000
0.000000
0.000000
0.000000
0.000000
0.000000
0.000000
0.000000
0.066127
0.000000
0.406460
0.000000
0.000000
0.000000
0.000000
0.000000
0.000000
0.000000
0.000000
0.574424
0.000000
0.000000
0.000000
0.000000
0.126428
0.006324
0.000000
0.000000
0.000000
0.031184
0.000000
0.000000
0.000000
0.000000
0.000000
0.000000
0.000000
0.000000
0.000000
0.000000
0.019573
0.000000
0.012349
0.024417
0.000000
0.000000
0.000000
0.092835
0.000000
0.000152
0.000001
0.000000
0.000000
0.000000
0.000000
0.000000
0.000000
0.067245
0.000000
0.000000
0.000000
0.098542
0.299902
0.000000
0.000000
0.000000
0.000000
0.000000
0.000000
0.000000
0.023476
0.000000
0.000000
0.000000
0.000000
0.000000
0.000000
0.000000
0.000000
0.000000
0.000000
0.000000
0.029509
0.000000
0.000000
0.000000
0.000000
0.000000
0.000000
0.000000
0.000000
0.000000
0.000000
0.000000
0.000000
0.000000
2.198659
0.161439
0.000000
0.000000
0.000000
0.000000
0.000000
0.000000
0.000000
0.000000
0.000087
0.000000
0.000000
0.000000
0.000000
0.000000
0.000000
0.000000
0.000000
0.958591
0.000000
0.000000
0.000000
0.020545
0.077503
0.000138
0.000000
0.000000
0.005266
0.000000
0.000000
0.000000
0.025573
0.021105
0.000000
0.000000
0.426446
0.222639
0.000000
0.000000
0.000000
0.000000
0.000000
0.000000
0.000000
0.000000
0.000000
0.000000
0.000000
0.000000
0.000000
0.000000
0.000000
0.000000
0.000066
0.024877
0.000000
0.000000
0.279448
0.000000
0.000000
0.045628
0.000000
0.000000
0.000000
0.000000
0.000000
0.000000
0.000000
0.000000
0.000000
0.000000
3.989174
0.142397
0.011185
1.525142
0.000000
0.209100
0.191457
0.000000
0.000000
0.000000
0.003424
0.000000
0.000000
0.000000
0.000000
0.000000
6.434134
0.004046
0.024731
0.000045
0.000000
0.033000
0.000000
0.442026
8.257085
0.004222
0.270141
0.960181
0.000000
0.000000
0.000000
0.137285
0.496669
0.279830
0.041842
0.000000
0.174898
0.020760
0.000000
0.000000
0.000000
0.000000
0.282151
0.000000
0.182459
0.000000
0.000000
0.416084
0.000000
0.624489
0.000000
0.097944
0.098326
0.000000
0.000000
0.000000
0.000000
0.000000
0.000000
0.000000
0.000000
0.000000
0.000000
0.000000
0.000000
0.000000
0.000000
0.000000
0.000000
0.000000
0.000000
0.000000
0.000000
0.000000
0.000000
0.000000
0.000000
0.000000
0.000000
0.000000
0.000000
0.000000
0.000000
0.000000
0.000000
0.000000
0.000000
0.000000
0.000000
0.000000
0.000000
0.000000
0.000000
0.000000
0.000000
0.000000
0.000000
0.000000
0.000000
0.000000
0.000000
0.000000
0.000000
0.000000
0.000000
0.000000
0.000000
0.000000
0.000000
0.000000
0.000000
0.000000
0.000000
0.000000
0.000000
0.000000
0.000000
0.000000
0.000000
0.000000
0.000000
0.000000
0.000000
0.000000
0.000000
0.000000
0.011959
0.000000
0.000000
0.000000
0.078073
0.000000
0.000000
0.000000
0.000000
0.000000
0.000000
0.000000
0.000000
0.000000
0.000000
0.000000
0.000000
0.000000
0.000000
0.000000
0.000000
1.935955
0.000000
0.000000
0.000000
0.090586
0.000000
0.000000
0.000000
0.000000
0.000000
0.000000
0.000000
0.000000
0.000000
2.343693
0.000000
0.132070
0.000000
0.000000
0.000000
0.000000
2.643909
0.000000
0.000000
0.539755
0.000000
0.002167
0.000000
0.008411
0.000043
0.024807
0.000000
0.000000
0.003166
0.000000
0.000000
0.000000
0.000000
0.000000
0.000000
0.000000
0.000000
0.000000
0.000000
0.000000
0.000000
0.000000
0.000000
0.000000
0.000000
0.000000
0.000000
0.000000
0.000000
0.020114
0.006946
0.000000
0.000000
0.000000
0.000000
0.000000
0.000000
0.000000
0.000000
0.037342
0.000000
0.000000
0.000000
0.000000
0.003129
0.000000
0.000000
0.000014
0.000000
0.000000
0.000000
0.000000
0.000000
0.000000
0.000000
0.000000
0.000000
0.000000
0.000000
0.000000
0.000000
0.000000
0.000000
0.000000
0.000000
0.000000
0.000000
0.000000
0.698481
0.000000
0.000000
0.078219
0.000000
0.000000
0.000000
0.000000
0.059928
0.000000
0.041148
0.000000
0.117091
1.225449
1.850955
0.000000
0.000000
0.000000
0.189015
4.665385
0.000000
3.327780
0.000000
0.000000
0.000000
0.000000
0.540528
0.000000
4.119128
0.001409
0.000000
0.022672
0.009183
0.000000
0.000000
0.000000
0.000000
0.000000
0.000221
0.000000
0.000000
0.000000
0.000000
0.032777
0.000000
0.003513
0.000000
0.000000
0.015812
0.006568
0.000000
0.000000
0.000000
0.000000
2.440950
1.416473
0.323544
1.227192
0.000000
0.000000
0.000000
2.047055
0.008262
0.000000
0.027759
0.191388
0.109445
0.044340
0.000000
0.030367
0.000000
0.000000
0.681340
0.000000
0.000000
0.000000
0.000280
0.000000
0.000000
0.000000
0.000000
0.030093
0.000000
0.000000
0.000000
0.000000
0.000000
0.000000
0.000000
0.000000
0.000000
0.000000
0.000000
0.000000
0.000000
0.000000
0.000000
0.000000
0.000000
0.000000
0.000000
0.000000
1.943305
0.000036
0.000000
0.000000
0.001365
0.000000
0.000000
0.000000
0.000000
0.000000
0.000000
0.000000
0.000000
0.000000
0.000000
0.000000
0.000000
0.000000
30.255089
0.006387
0.000000
0.006606
0.000000
0.000000
0.000000
0.000000
0.000000
0.000000
0.000000
0.000000
0.000000
0.000000
0.000000
0.000000
0.000000
0.000029
2.185902
1.420526
0.000000
0.000000
0.000000
0.000000
0.000000
0.093046
0.000000
0.000000
0.000000
0.000000
0.000000
0.000000
0.000000
0.045634
0.000000
0.000000
0.000059
0.000000
0.000000
0.000000
0.000000
0.000000
0.000000
0.000000
0.000000
0.000000
0.000000
0.000000
0.000000
0.000000
0.000000
0.000000
0.000000
0.000000
0.000000
0.000000
0.000000
0.000000
0.000000
0.000000
0.000000
0.000000
0.000000
0.000000
0.000000
0.000000
0.000000
0.000000
0.000000
0.000000
0.000000
0.000000
0.000000
0.000000
0.000000
0.000000
0.000000
0.000000
0.000000
0.000000
0.000000
0.000000
0.000000
0.000000
0.000000
0.000000
0.000000
0.000000
0.000000
0.000000
0.000000
0.000000
0.000000
0.000000
0.000000
0.000000
0.000000
0.000000
0.000000
0.000000
0.000000
0.000000
0.000000
0.000000
0.000000
0.000000
0.000000
0.000000
0.000000
0.000000
0.000000
0.000000
0.000000
0.000000
0.000000
0.000000
0.000000
0.000000
0.000000
0.000000
0.000000
0.000000
0.000000
0.000000
0.000000
0.000000
0.000000
0.000000
0.000000
0.000000
0.000000
0.000000
0.000000
0.000000
0.000000
0.000000
0.000000
0.000000
0.000000
0.000000
0.000000
0.000000
0.000000
0.000000
0.342075
0.003941
0.000000
0.000000
0.000000
0.000000
0.000000
0.000000
0.000000
0.000000
0.000000
0.000000
0.000000
0.000000
0.000000
0.000000
0.000000
0.000000
0.042017
0.078223
0.038012
0.008770
0.000000
0.000000
0.049704
0.000092
1.554412
4.277666
0.000000
6.531202
0.000000
8.953513
0.632136
0.415938
0.001168
0.000873
0.000000
0.000000
0.004917
0.005465
0.000000
0.000000
0.000000
0.000000
0.000000
0.000000
0.001683
0.000000
0.000000
0.000000
0.000000
0.000000
0.000000
0.000000
0.000000
0.009097
0.002833
0.000000
0.944119
1.127089
0.000000
0.000000
0.000000
0.000000
0.000000
0.486502
0.000000
0.001364
0.000000
0.024713
0.000000
0.000000
0.000000
0.029530
0.000000
0.062550
0.213890
0.025313
0.000000
0.000000
0.000000
0.698331
0.000000
11.020052
0.989451
0.135678
0.000000
1.226607
0.000000
0.000000
0.572232
0.002011
0.000000
5.024625
0.970250
0.007680
0.007131
0.000000
0.000000
7.717673
0.000000
5.711782
0.565056
1.189087
0.046665
0.822800
0.000000
0.001970
0.357118
0.000000
0.000000
3.956043
0.975966
0.011843
0.001526
0.000000
0.002201
0.011145
0.000000
0.000618
0.000000
0.042868
0.000000
0.000000
0.000000
0.000239
0.000000
0.000000
0.000000
0.000000
0.000000
0.000000
0.000000
0.000000
0.000000
0.000000
0.000000
0.000000
0.000000
0.000000
0.000000
0.000000
0.000000
0.000000
0.000000
0.000000
0.000000
0.000000
0.000000
0.000000
0.000000
0.000000
0.000000
0.000000
0.000000
0.000000
0.000000
0.000000
0.000000
0.000000
0.000000
0.000000
0.000000
0.000000
0.000000
0.000000
0.000000
0.000000
0.000000
0.000000
0.000000
0.000000
0.000000
0.000000
0.000000
0.000000
0.000000
0.000000
0.000000
0.000000
0.000000
0.000000
0.000000
0.000000
0.000000
0.000000
0.000000
0.000000
0.000000
0.000000
0.000000
0.000000
0.000000
0.000000
0.000000
0.000000
0.000000
0.000000
0.000000
0.000000
0.000706
0.000000
0.000000
0.000000
0.000000
0.000000
0.000000
0.000000
0.000000
0.000000
0.000000
0.563171
0.000000
0.000000
0.000000
0.000000
0.000000
0.010031
0.000000
0.000000
0.000000
0.000000
0.000000
0.000000
0.000000
0.000000
0.000000
0.000000
0.000000
0.000000
0.000000
0.000000
0.823727
0.875667
0.000000
0.006660
0.000000
0.000000
0.000000
0.000000
0.000000
0.000000
0.000000
0.000000
0.000000
0.000000
0.000000
0.000000
0.000000
0.000000
0.000000
0.000000
0.055024
0.069165
0.000000
0.000000
0.000000
0.000000
0.000000
0.382801
0.000000
0.240177
0.347855
0.000000
0.000000
0.000000
0.034374
0.001747
0.028784
1.566273
1.278038
0.000000
0.000000
0.000000
0.000000
0.000000
0.000000
0.000000
0.000000
0.000000
0.000000
0.000000
0.000000
0.000000
0.000000
0.000000
0.000000
0.000000
11.331282
0.000000
0.000000
0.000000
0.000000
0.000000
0.000000
0.000198
0.000000
0.000000
0.000000
0.000000
0.000000
0.000000
0.000000
0.000000
0.269793
0.001266
0.000000
0.000000
0.000000
0.000000
0.000000
0.000000
0.010905
0.000000
5.376668
0.469915
0.000000
0.200175
0.000000
1.293740
0.000000
0.000000
0.000000
0.000000
0.000000
0.000000
0.000000
0.000000
0.000000
0.000000
0.000000
0.000000
0.000000
0.000000
0.000000
0.000000
0.000000
0.000000
0.000000
0.029947
0.000000
0.000000
1.743576
0.286716
0.000000
0.000000
0.000000
0.000000
0.000000
0.000000
0.000000
0.000000
0.000000
0.000000
0.000000
0.000000
0.000000
0.000000
0.000000
0.000000
5.458318
0.016115
0.000000
0.000000
0.000000
0.000000
0.000000
0.000000
0.000000
0.098015
0.000000
0.000000
0.000000
0.000000
0.000012
0.000000
0.000000
0.000000
0.414085
1.963825
0.000000
0.000000
0.000000
0.000000
0.000000
0.000000
0.000000
0.000000
0.000000
0.000000
0.000000
0.000000
0.000000
0.346559
0.000176
0.000000
0.000000
0.000000
0.000000
0.000000
0.000000
0.000000
0.000000
0.000000
0.000000
0.000000
0.000000
0.000000
0.000000
0.000000
0.000000
0.000000
0.000000
0.000000
0.000000
0.000000
0.000000
0.000000
0.000000
0.000000
0.000000
0.000000
0.000000
0.000000
0.000000
0.000000
0.000000
0.000000
0.000000
0.000000
0.000000
0.000000
0.000000
0.000000
0.000000
0.000000
0.000000
0.000000
0.000000
0.000000
0.000000
0.000000
0.000000
0.000000
0.000000
0.000000
0.000000
0.000000
0.000000
0.000000
0.000000
0.000000
0.000000
0.000000
0.000000
0.000000
0.000000
0.000000
0.000000
0.000000
0.000000
0.000000
0.000000
0.000000
0.000000
0.000000
0.000000
0.000000
0.000000
0.000000
0.000000
0.000000
0.000000
0.000000
0.000000
0.000000
0.000000
0.000000
0.000000
0.000000
0.000000
0.000000
0.000000
0.000000
0.000000
0.000000
0.000000
0.007179
0.000000
0.000000
0.056724
0.000000
0.000000
0.014372
0.000000
0.000000
0.000000
0.028229
0.000000
0.000000
0.000000
0.000000
0.000000
0.000000
0.000000
0.000000
0.000000
0.000000
0.000000
0.006638
0.000000
0.000000
0.000000
0.079720
0.000000
0.000000
0.000000
0.000000
0.000000
0.000000
0.735008
0.000000
0.000000
0.000000
0.000000
0.000000
0.000000
0.000000
0.204138
2.013288
0.000000
0.000000
0.000000
0.000000
0.000000
0.000000
0.000000
0.000000
0.113221
0.000000
0.000000
0.000000
0.000000
0.000113
0.000000
0.000000
0.000000
0.000000
0.012740
0.000000
0.000000
0.000000
0.000000
0.000000
0.000000
0.061200
0.000000
0.000000
0.000000
0.000000
0.000000
0.000000
0.000000
0.000000
0.000000
0.000000
0.000000
0.000000
0.000000
0.000000
0.000000
0.000000
0.000000
0.000000
0.000000
0.000000
0.000000
0.000000
0.000000
0.000000
0.000000
0.000000
0.000000
0.000000
0.000000
0.000000
0.000000
0.000000
0.000000
0.000000
0.000000
0.000000
0.000000
0.000000
0.000000
0.000000
0.000000
0.000000
0.000000
0.000000
0.000000
0.000000
0.000000
0.000000
0.000000
0.000000
0.000000
0.000000
0.000000
0.000000
0.000000
0.000000
0.000000
0.000000
0.000000
0.000000
0.000000
0.000000
0.000000
0.000000
0.000000
0.000000
0.000000
0.000000
0.000000
0.000000
0.000000
0.000000
0.000000
0.000000
0.000641
0.000000
0.000000
0.000000
0.000000
0.000000
0.000000
0.000000
0.000000
0.000000
0.000000
0.000000
0.002124
0.403492
0.000000
0.000000
0.000000
0.000000
0.000000
0.075759
0.117220
0.000000
0.000000
0.000000
0.006449
0.000000
0.000000
0.000000
0.000000
0.000000
0.000000
0.000000
0.000000
0.000000
0.000000
0.000000
0.000000
0.019763
0.000000
0.000000
0.001310
0.000000
0.000198
0.049640
0.228610
0.000000
0.000000
0.000000
0.000000
0.000000
0.000000
0.098934
0.000000
0.000000
0.000000
0.102322
0.000000
0.000000
0.000000
0.000000
0.000000
0.104264
0.000394
0.000000
0.000000
0.000000
0.000000
0.000000
0.000000
0.140937
0.000000
0.000000
0.000000
0.000000
0.000000
0.000000
0.000000
0.000000
0.000000
0.000000
0.000000
0.000000
0.000000
0.000000
0.000000
0.000000
0.000000
0.000000
0.000000
0.000000
0.000000
0.000000
0.000000
0.000000
0.000000
0.000000
0.000000
0.000000
0.000000
0.000000
0.000000
0.000000
0.000000
0.000000
0.000000
0.000000
0.000000
0.000000
0.000000
0.000000
0.000000
0.000000
0.000000
0.000000
0.000000
0.000000
0.000000
0.000000
0.000000
0.000000
0.000000
0.000000
0.000000
0.000000
0.000000
0.000000
0.000000
0.000000
0.000000
0.000000
0.000000
0.000000
0.000000
0.000000
0.000000
0.000000
0.000000
0.000000
0.000000
0.000000
0.000000
0.000000
0.000000
0.000000
0.000000
0.000000
0.000000
0.000000
0.000000
0.000000
0.000000
0.000000
0.000000
0.000000
0.000000
0.000000
0.000000
0.000000
0.000000
0.000000
0.000000
0.000000
0.000000
0.000000
0.000000
0.000000
0.000000
0.000000
0.000000
0.000000
0.000000
0.000000
0.000000
0.000000
0.000000
0.000000
0.000000
0.000000
0.000000
0.000000
0.000000
0.000000
0.000000
0.000000
0.000000
0.000000
0.000000
0.000000
0.000000
0.000000
0.000000
0.000000
0.000000
0.000000
0.000000
0.000000
0.000000
0.000000
0.000000
0.000000
0.000000
0.000000
0.000000
0.000000
0.000000
0.000000
0.000000
0.000000
0.000000
0.000000
0.000000
0.000000
0.000000
0.000000
0.000000
0.000000
0.486322
0.270102
0.000000
0.000000
0.000000
0.000000
0.000000
0.000000
0.000000
0.000000
0.000000
0.000000
0.000000
0.000193
0.000000
0.000000
0.000000
1.049018
1.187203
0.000000
0.010313
0.000000
0.000000
0.000000
0.003256
0.000000
0.000000
0.000000
0.000000
0.000000
0.000000
0.000000
0.000000
0.000000
0.000000
7.835246
1.099823
2.882008
0.000000
0.000000
0.000000
0.011306
0.026814
0.000000
0.055886
0.000000
0.000000
0.000000
0.000000
0.000000
0.000000
0.000672
0.030914
3.472701
0.252452
0.000000
0.000000
0.000000
0.000000
0.000000
0.000483
0.000000
0.000000
0.000000
0.001692
0.000000
0.000000
0.000000
0.000000
0.024131
0.000000
3.056020
0.000258
0.000000
0.000000
0.000000
0.000000
0.000000
0.000000
0.000000
0.000000
0.000000
0.000000
0.000000
0.000000
0.010070
0.000000
0.000000
0.000000
0.000000
0.000448
0.010219
0.000000
0.002044
0.000000
0.000000
0.000000
0.000000
0.000000
0.000000
0.000000
0.000000
0.000000
0.000000
0.000000
0.000000
0.000000
0.000000
0.685269
0.241550
0.190819
0.000000
0.000000
0.000000
0.000000
0.000000
0.000000
0.000000
0.000000
0.000000
0.000000
0.000000
0.000000
0.000000
0.000000
0.051137
6.588567
0.832848
2.983341
0.000000
0.000000
0.000000
0.043098
0.037104
0.010024
0.000000
0.004664
0.000000
0.000000
0.003859
0.000000
0.000000
0.000000
0.000000
0.000000
0.000000
0.000000
0.000000
0.000000
0.000000
0.000000
0.000000
0.000000
0.000000
0.000000
0.000000
0.000000
0.000000
0.000000
0.000000
0.000000
0.000000
0.000000
0.000000
0.000000
0.000000
0.000000
0.000000
0.000000
0.000000
0.000000
0.000000
0.000000
0.000000
0.000000
0.000000
0.000000
0.000000
0.000000
0.000000
0.000000
0.000000
0.000000
0.000000
0.000000
0.000000
0.000000
0.000000
0.000000
0.000000
0.000000
0.000000
0.000000
0.000000
0.000000
0.000000
0.000000
0.000000
0.000000
0.000000
0.000000
0.000000
0.000000
0.000000
0.000000
0.000000
0.000000
0.000000
0.000000
0.000000
0.000000
0.000000
0.000000
0.000000
0.000000
0.000000
0.000000
0.000000
0.000000
0.000000
0.000000
0.000000
0.000000
0.000000
0.000000
0.000000
0.000000
0.000000
0.000000
0.000000
0.000000
0.000000
0.000000
0.000000
0.000000
0.000000
0.000000
0.000000
0.000000
0.000000
0.000000
0.000000
0.000000
0.000000
0.000000
0.000000
0.000000
0.000000
0.000000
0.000000
0.000000
0.000000
0.000000
0.000000
0.000000
0.000000
0.000000
0.000000
0.000000
0.000000
0.000000
0.000000
0.000000
0.000000
0.000000
0.000000
0.000000
0.000000
0.000000
0.000000
0.000000
0.000000
0.000000
0.000000
0.000000
0.000000
0.000000
0.000000
0.000000
0.000000
0.000000
0.000000
0.000000
0.000000
0.000000
0.000000
0.000000
0.000000
0.000000
0.000000
0.000000
0.000000
0.000000
0.000000
0.000000
0.000000
0.000000
0.000000
0.000000
0.000000
0.000000
0.000000
0.000000
0.000000
0.000000
0.000000
0.040392
0.009406
0.000000
0.000000
0.000000
0.000000
0.000000
0.007943
0.000000
0.000000
0.000000
0.000000
0.000000
0.000000
0.000000
0.000000
0.002147
0.015246
0.000000
0.000000
0.000000
0.000000
0.000000
0.000000
0.926282
0.000000
0.316287
4.033025
0.000000
0.000000
0.000000
0.092699
0.000413
0.001851
0.000000
0.000000
0.000000
0.000000
0.000000
0.000000
0.000000
0.000000
1.366871
0.000000
0.478339
0.292392
0.675651
0.000000
0.000000
0.031406
0.000000
0.180163
0.000000
0.000000
0.000000
0.000000
0.000000
0.000000
0.000000
0.000000
0.000000
0.000000
0.000000
0.000000
0.000000
0.000000
0.000000
0.000000
0.000000
0.000000
0.000000
0.000000
0.000000
0.000000
0.000000
0.000000
0.000000
0.000000
0.000000
0.000000
0.000000
0.000000
0.000000
0.000000
0.000000
0.000000
0.000000
0.000000
0.000000
0.000000
0.000000
0.000000
0.000000
0.000000
0.000000
0.000000
0.000000
0.000000
0.000000
0.000000
0.000000
0.000000
0.000000
0.000000
0.000000
0.000000
0.000000
0.000000
0.000000
0.000000
0.000000
0.000000
0.000000
0.000000
0.000000
0.000000
0.000000
0.000000
0.000000
0.000000
0.000000
0.000000
0.000000
0.000000
0.000000
0.000000
0.000000
0.000000
0.000000
0.000000
0.000000
0.000000
0.000000
0.000000
0.000000
0.000000
0.000000
0.000000
0.000000
0.000000
0.000000
0.000000
0.000000
0.000000
0.000000
0.000000
0.000000
0.000000
0.000000
0.000000
0.000000
0.000000
0.000000
0.000000
0.000000
0.000000
0.000000
0.000000
0.000000
0.000000
0.000000
0.000000
0.000000
0.000000
0.000000
0.000000
0.000000
0.000000
0.000000
0.000000
0.000000
0.000000
0.000000
0.000000
0.000000
0.000000
0.000000
0.000000
0.000000
0.000000
0.000000
0.000000
0.000000
0.000000
0.000000
0.000000
0.000000
0.000000
0.000000
0.000000
0.000000
0.000000
0.000000
0.000000
0.000000
0.000000
0.000000
0.000000
