0.818825
0.000000
0.263187
0.331992
0.000000
0.000000
0.000000
0.000000
0.000000
0.320543
0.000000
0.000000
5.074885
15.849624
2.270074
0.000000
0.000000
0.000000
7.172516
0.000000
0.000000
0.000000
0.000000
0.000000
0.849395
2.809435
0.000000
3.629073
0.000000
0.000000
0.000000
0.274855
0.000000
0.000000
0.000000
0.000000
0.000000
0.422129
0.000000
0.000000
0.000000
0.000000
0.000000
0.076444
0.000000
0.000000
0.000000
0.000000
0.000000
0.000000
0.000000
1.905233
0.000000
0.000000
3.362487
0.643082
8.584821
0.599912
0.000000
0.846380
0.000000
2.057946
4.125519
0.000000
5.014401
0.000000
0.993363
2.173415
0.000000
9.245984
0.000000
0.000000
15.843115
1.136723
11.818760
0.000000
0.000000
0.000000
0.000000
0.000000
0.000000
0.000000
2.372373
0.000000
1.403269
0.000000
0.000000
0.330422
0.000000
14.923697
3.922096
0.000000
15.642959
0.000000
0.000000
8.049682
0.000000
3.385592
0.000000
0.000000
6.751276
0.000000
0.000000
0.000000
4.139733
0.000000
0.000000
25.990141
1.494035
1.015584
0.363692
0.000000
0.000000
4.430930
1.733275
3.371147
0.000000
1.544910
0.000000
0.000000
0.000000
0.000000
0.000000
0.000000
9.505012
11.012169
0.000000
0.000000
0.000000
0.000000
0.000000
0.000000
0.000000
0.000000
0.000000
0.000000
0.000000
0.000000
0.000000
0.000000
0.000000
0.000000
0.300703
2.139254
0.000000
0.000000
0.000000
0.000000
0.000000
0.000000
0.000000
0.000000
0.000000
0.000000
0.000000
0.000000
0.000000
0.000000
0.000000
0.000000
0.000000
0.000000
0.000000
0.000000
0.000000
0.000000
0.000000
0.000000
0.000000
0.000000
0.000000
0.000000
0.000000
0.000000
0.000000
0.000000
0.000000
0.000000
0.000000
0.000000
0.000000
0.000000
0.000000
0.000000
0.000000
0.000000
0.000000
0.000000
0.000000
0.000000
0.000000
0.000000
0.000000
0.000000
0.000000
0.000000
0.000000
0.000000
0.000000
0.000000
0.000000
0.000000
0.000000
0.000000
0.000000
0.000000
0.000000
0.000000
0.000000
0.000000
0.000000
0.000000
0.000000
0.000000
0.000000
0.000000
0.000000
0.000000
0.000000
0.000000
0.000000
0.000000
0.000000
3.253112
0.000000
0.000000
0.000000
0.000000
0.000000
0.000000
0.000000
0.000000
0.000000
0.000000
11.456502
0.383193
0.000000
0.000000
0.000000
0.000000
0.000000
0.000000
0.000000
0.000000
0.000000
0.000000
0.000000
0.000000
1.080949
0.000000
0.000000
2.622074
8.349519
0.000000
0.000000
0.000000
0.000000
0.000000
0.000000
0.000000
7.142732
0.000000
0.281769
2.600719
0.000000
11.210526
0.000000
0.000000
0.000000
0.105486
0.000000
0.000000
0.000000
0.000000
0.000000
0.000000
0.000000
0.000000
0.000000
0.000000
0.000000
0.000000
0.000000
0.000000
0.000000
0.000000
0.000000
0.000000
0.000000
2.496602
0.000000
0.000000
2.272529
0.000000
0.000000
0.000000
0.000000
0.000000
0.000000
0.000000
0.000000
0.000000
0.000000
0.000000
0.429343
0.000000
0.000000
0.614250
0.000000
2.605981
0.000000
1.246687
0.000000
14.014441
0.000000
0.000000
0.000000
0.000000
0.000000
0.000000
0.000000
0.000000
4.117834
4.670693
0.000000
0.000000
0.000000
0.169603
0.000000
1.719573
15.112271
0.000000
0.000000
12.345980
0.000000
0.000000
0.000000
0.000000
7.300078
1.544938
4.808093
0.000000
1.019513
0.470441
0.000000
0.000000
0.000000
0.000000
11.326538
0.000000
0.000000
3.616272
0.000000
0.594800
0.000000
1.625102
0.000000
0.772355
2.193973
0.000000
0.000000
0.000000
0.000000
0.000000
0.000000
0.000000
0.000000
0.000000
0.000000
0.000000
0.000000
0.000000
0.000000
0.000000
0.000000
0.000000
0.000000
0.000000
0.000000
0.000000
0.000000
0.000000
0.000000
0.000000
0.000000
0.000000
0.000000
0.000000
0.000000
0.000000
0.000000
0.000000
0.000000
0.000000
0.000000
0.000000
0.000000
0.000000
0.000000
0.000000
0.000000
0.000000
0.000000
0.000000
0.000000
0.000000
0.000000
0.000000
0.000000
0.000000
0.000000
0.000000
0.000000
0.000000
0.000000
0.000000
0.000000
0.000000
0.000000
0.000000
0.000000
0.000000
0.000000
0.000000
0.000000
0.000000
0.000000
0.000000
0.000000
0.000000
0.000000
0.000000
0.000000
0.777007
0.114046
0.000000
1.732175
0.000000
0.244236
0.000000
0.409217
0.000000
0.000000
0.000000
3.596823
4.051788
0.000000
0.000000
0.000000
0.000000
0.719663
0.002693
3.865067
0.209925
0.000000
1.565937
12.339414
0.000000
6.041422
0.000000
0.000000
0.000000
0.289013
5.985666
0.000000
2.911159
3.209086
0.253666
0.671196
1.553780
3.788576
1.170286
0.000000
0.634372
14.560141
0.000000
0.245589
4.294213
0.000000
0.000000
0.000000
2.660158
0.000000
0.000000
0.000000
0.178258
0.250169
0.248506
0.632015
0.000000
0.000000
0.000000
0.000000
0.000000
0.000000
0.000000
2.052538
1.110773
0.000000
0.000000
0.000000
0.000000
0.763966
0.000000
0.000000
0.000000
0.000000
0.000000
0.000000
0.000000
0.000000
0.000000
0.000000
0.343748
0.669674
0.000000
0.000000
4.131329
0.000000
0.000000
0.000000
0.000000
0.000000
0.188445
0.000000
0.000000
0.000000
2.035149
0.000000
0.000000
0.000000
4.111829
0.000000
0.000000
0.000000
0.000000
1.110152
0.000000
0.000000
0.000000
2.524773
0.000000
2.739118
1.267098
0.000000
2.018392
0.000000
3.160029
7.535625
0.000000
0.529137
0.000000
0.000000
0.000000
0.000000
1.542495
0.000000
0.000000
3.539801
6.596640
25.462198
0.000000
0.000000
0.000000
0.239428
3.956876
7.503284
0.000000
4.146540
0.000000
0.000000
5.070417
0.000000
13.657435
0.731909
0.000000
0.795584
3.344991
0.000000
0.000000
0.000000
0.000000
0.000000
0.000000
0.000000
0.000000
0.000000
0.514228
0.000000
0.000000
0.000000
0.046629
0.000000
0.000000
5.752959
1.451714
0.000000
3.250548
0.000000
0.350947
1.178745
0.374724
1.832445
0.000000
0.000000
0.000000
0.000000
0.777666
0.000000
0.000000
9.849993
2.104713
3.182301
1.031578
0.000000
0.000000
0.000000
0.000000
5.612565
0.000000
1.518574
0.000000
0.000000
0.000000
0.000000
0.000000
0.000000
1.776892
0.000000
0.000000
1.388945
7.137952
0.000000
0.000000
0.000000
0.000000
0.000000
0.000000
0.000000
0.000000
0.000000
0.328018
0.000000
1.017702
0.000000
0.000000
0.000000
0.000000
4.371425
6.644479
13.220345
1.029172
0.567056
0.000000
0.000000
0.000000
0.743080
0.000000
2.912634
0.688206
0.000000
0.000000
0.000000
5.554494
0.000000
0.000000
0.000000
0.000000
0.000000
4.365607
0.000000
0.000000
0.000000
0.000000
0.652925
14.758237
0.000000
0.000000
0.000000
4.702686
5.977761
0.000000
0.000000
0.000000
0.000000
0.000000
0.000000
6.166489
0.000000
0.000000
1.487794
0.000000
0.000000
0.000000
0.000000
0.000000
0.000000
0.000000
0.000000
3.572151
0.000000
0.000000
0.000000
0.000000
0.000000
0.000000
0.000000
0.000000
0.000000
0.000000
0.000000
0.000000
0.000000
0.000000
0.000000
0.000000
0.000000
0.000000
0.000000
0.000000
0.000000
0.000000
0.000000
0.000000
0.000000
0.000000
0.000000
0.000000
0.000000
0.000000
0.000000
0.000000
0.000000
0.000000
0.000000
0.000000
0.000000
0.000000
0.000000
0.000000
0.000000
0.000000
0.000000
0.000000
0.000000
0.000000
0.000000
0.000000
0.000000
0.000000
0.000000
0.000000
0.000000
0.000000
0.000000
0.000000
0.000000
0.000000
0.000000
0.000000
0.000000
0.000000
0.000000
0.000000
0.000000
0.000000
0.000000
0.000000
0.000000
0.000000
0.000000
0.000000
0.000000
0.000000
0.000000
0.000000
0.000000
0.000000
0.000000
0.000000
0.000000
0.000000
0.000000
0.000000
0.000000
0.000000
0.000000
0.000000
0.000000
0.000000
0.000000
0.000000
0.000000
0.000000
0.000000
0.000000
0.000000
0.000000
0.000000
0.000000
0.000000
0.000000
0.000000
0.000000
0.000000
0.000000
0.000000
0.000000
0.000000
0.000000
1.382045
0.000000
0.000000
0.000000
0.000000
0.000000
0.000000
0.000000
0.000000
0.000000
0.000000
0.000000
0.000000
0.000000
0.000000
0.000000
0.000000
0.000000
0.000000
17.965981
0.000000
0.000000
0.000000
0.000000
0.000000
0.000000
0.000000
0.000000
0.000000
0.000000
0.000000
0.000000
0.465307
0.000000
0.000000
0.000000
0.000000
0.000000
0.000000
0.000000
0.000000
0.000000
0.000000
0.000000
0.000000
0.000000
0.000000
0.000000
0.000000
0.000000
0.000000
0.000000
0.000000
0.000000
4.022344
0.000000
0.000000
0.000000
0.000000
0.000000
0.000000
0.000000
0.000000
0.000000
0.000000
0.000000
0.000000
0.000000
0.000000
0.000000
0.000000
3.856526
7.451750
9.141357
0.000000
0.000000
0.000000
0.000000
0.000000
0.098945
0.000000
0.350170
0.335987
0.000000
0.531488
0.000000
0.153902
0.000000
3.343253
2.618797
8.047940
5.279136
0.240482
0.000000
0.000000
1.126703
0.000000
4.252211
0.178285
0.386907
2.196258
0.000000
0.870821
0.000000
2.783404
0.000000
1.643316
1.424771
5.743991
0.000000
0.238131
0.000000
0.000000
0.723045
0.000000
1.207098
0.000000
0.775313
0.000000
0.000000
0.000000
0.000000
1.319779
0.000000
0.570562
5.081295
42.509953
11.969788
24.074030
0.000000
0.000000
0.000000
0.258565
0.000000
2.602631
0.000000
19.257587
1.535786
1.119222
5.082596
0.000000
3.074644
0.000000
2.570254
0.000000
0.000000
0.000000
0.000000
0.000000
0.107488
0.000000
0.000000
0.000000
0.000000
0.000000
0.000000
0.000000
0.000000
2.118217
0.000000
0.463863
1.039724
0.000000
0.083805
0.000000
0.000000
0.000000
0.000000
0.000000
4.442036
0.000000
1.892071
1.108348
0.000000
0.000000
0.000000
0.000000
0.204830
0.073991
1.403766
0.000000
0.000000
0.000000
0.000000
0.000000
0.000000
0.000000
0.000000
0.000000
0.000000
0.000000
0.000000
0.000000
0.000000
0.000000
0.000000
0.000000
0.000000
1.348046
2.452548
0.000000
0.000000
5.572841
0.000000
0.000000
0.000000
0.000000
0.000000
0.000000
0.000000
0.000000
0.000000
0.000000
0.000000
0.000000
0.000000
20.345648
13.227200
0.000000
1.925905
0.000000
0.316011
0.000000
0.000000
0.000000
0.000000
4.946356
0.000000
0.000000
0.000000
0.000000
0.000000
13.041970
4.122973
2.191012
20.219879
0.408163
0.000000
0.000000
0.000000
10.564486
7.814222
6.237390
3.065177
1.604220
0.173110
0.000000
7.587205
6.105662
0.000000
6.250377
0.113544
0.000000
0.827370
1.482585
7.525589
0.000000
0.000000
0.000000
0.000000
0.000000
0.000000
0.000000
0.000000
0.000000
0.000000
0.000000
0.000000
0.000000
0.000000
10.358946
0.000000
3.223574
0.000000
0.000000
0.000000
0.000000
0.000000
0.000000
0.000000
1.107412
0.000000
0.000000
0.000000
0.000000
1.581843
0.000000
0.000000
0.000000
0.000000
0.000000
1.621623
0.000000
0.000000
0.000000
2.368001
0.000000
0.000000
0.000000
0.000000
0.000000
0.000000
0.000000
0.823335
0.000000
0.000000
0.314458
0.373493
0.000000
0.000000
0.000000
0.000000
0.000000
0.000000
0.000000
0.640848
0.000000
0.000000
0.000000
0.000000
0.000000
0.401299
0.000000
0.000000
4.165230
0.000000
0.000000
0.000000
0.000000
0.000000
0.000000
0.000000
0.000000
0.000000
0.000000
0.000000
0.000000
0.000000
0.000000
0.000000
0.000000
0.000000
0.000000
0.000000
0.000000
0.000000
0.000000
0.000000
0.000000
0.000000
0.000000
0.000000
0.000000
0.000000
0.000000
0.000000
0.000000
0.000000
0.000000
0.000000
0.000000
0.000000
0.000000
0.000000
0.000000
0.000000
0.000000
0.000000
0.000000
0.000000
0.000000
0.000000
0.000000
0.000000
0.000000
0.000000
0.000000
0.000000
0.000000
0.000000
0.000000
0.000000
0.000000
0.000000
0.000000
0.000000
0.000000
0.000000
0.000000
0.000000
0.000000
0.000000
0.000000
0.000000
0.000000
0.000000
0.000000
0.000000
0.000000
0.000000
0.000000
0.000000
0.000000
0.000000
0.000000
0.000000
0.000000
0.000000
0.000000
0.000000
0.000000
0.000000
0.000000
0.000000
0.000000
0.000000
0.000000
0.000000
0.000000
0.000000
0.000000
0.000000
0.000000
0.000000
0.000000
0.000000
0.000000
0.000000
0.000000
0.000000
0.000000
0.000000
0.000000
0.000000
0.000000
0.000000
0.000000
0.000000
0.000000
0.000000
0.000000
0.000000
0.000000
0.000000
0.000000
0.000000
0.000000
0.000000
0.000000
0.000000
0.000000
0.000000
0.000000
0.000000
0.000000
0.000000
0.000000
0.000000
0.000000
0.000000
0.000000
0.000000
0.000000
0.000000
0.000000
0.000000
0.000000
0.000000
0.000000
0.000000
0.000000
0.000000
0.000000
0.000000
0.000000
0.000000
0.000000
0.000000
0.000000
0.000000
0.000000
0.000000
0.000000
0.000000
0.000000
0.000000
0.000000
0.000000
0.000000
0.000000
0.000000
0.000000
0.000000
0.000000
0.000000
0.000000
0.000000
0.000000
0.000000
0.000000
0.000000
0.000000
0.000000
0.000000
0.000000
0.000000
0.000000
0.000000
0.000000
0.000000
0.000000
0.000000
0.000000
0.000000
0.000000
0.000000
0.000000
0.000000
0.000000
0.000000
0.000000
0.000000
0.000000
0.000000
0.000000
0.000000
0.000000
0.000000
0.000000
0.000000
0.000000
0.000000
0.000000
0.000000
0.000000
0.000000
0.000000
0.000000
0.000000
0.000000
0.000000
0.000000
0.000000
0.000000
0.000000
0.000000
0.000000
0.000000
0.000000
0.000000
0.000000
0.000000
0.000000
0.000000
0.000000
0.000000
0.000000
0.000000
1.298645
0.000000
0.000000
0.000000
2.743249
0.000000
0.000000
0.000000
0.000000
0.000000
0.000000
0.000000
0.000000
0.613947
0.000000
0.000000
0.000000
0.701419
0.609821
2.292941
2.273382
1.843151
0.000000
0.000000
2.368669
0.610949
0.000000
0.000000
0.000000
0.000000
0.000000
0.253605
0.000000
0.000000
0.624285
1.079226
0.798751
6.246262
0.577994
3.078695
0.000000
0.000000
1.080552
0.000000
0.000000
0.000000
0.000000
0.000000
0.000000
0.000000
0.000000
5.194680
0.000000
0.337587
1.084776
0.000000
0.000000
2.818059
0.000000
0.000000
0.000000
0.000000
0.000000
0.000000
0.960728
0.000000
0.000000
0.000000
0.000000
0.000000
0.000000
2.456907
4.676335
0.725046
0.000000
0.000000
0.877711
0.000000
0.000000
0.000000
0.000000
0.000000
0.000000
0.000000
0.182723
0.000000
0.000000
0.000000
0.000000
0.534878
7.157895
7.552602
1.074715
0.062352
0.000000
0.000000
2.593716
0.000000
1.021011
1.134476
2.553690
0.000000
0.774952
0.752417
0.000000
0.000000
10.607046
1.513184
1.751526
6.921259
1.732013
0.233176
0.000000
1.772198
9.429849
1.461993
7.204641
1.330767
1.355729
3.379818
0.000000
9.652142
5.188211
0.000000
1.889968
4.083332
0.000000
2.027314
4.294387
0.600993
0.000000
0.005708
0.000000
0.339799
0.000000
0.500292
1.554625
0.000000
0.000000
0.717349
1.082368
0.000000
0.241151
2.677955
0.000000
0.000000
0.000000
0.000000
0.000000
0.000000
0.000000
0.000000
0.000000
0.000000
0.000000
0.000000
0.000000
0.000000
0.000000
0.000000
0.000000
0.000000
0.000000
0.000000
0.000000
0.000000
0.000000
0.000000
0.000000
0.000000
0.000000
0.000000
0.000000
0.000000
0.000000
0.000000
0.000000
0.000000
0.000000
0.000000
0.000000
0.000000
0.000000
0.000000
0.000000
0.000000
0.000000
0.000000
0.000000
0.000000
0.000000
0.000000
0.000000
0.000000
0.000000
0.000000
0.000000
0.000000
0.000000
0.000000
0.000000
0.000000
0.000000
0.000000
0.000000
0.000000
0.000000
0.000000
0.000000
0.000000
0.000000
0.000000
0.000000
0.000000
0.000000
0.000000
3.211753
0.359811
0.000000
0.000000
0.091124
0.000000
0.000000
0.000000
0.000000
0.000000
0.000000
0.000000
0.000000
0.000000
0.000000
0.000000
0.000000
0.000000
15.008220
5.480248
2.838240
2.967870
0.000000
0.776439
4.008360
1.815450
1.664924
0.000000
0.000000
0.000000
0.000000
2.627846
0.000000
0.720893
10.797979
0.351553
0.000000
0.378582
0.000000
0.384326
0.000000
0.000000
11.411233
0.580333
6.428699
0.000000
0.000000
0.903923
0.000000
2.510788
0.000000
4.403977
0.000000
0.000000
0.000000
0.320807
0.000000
0.000000
0.000000
0.766355
0.000000
0.000000
1.847440
0.000000
1.484247
1.748986
0.000000
0.465618
0.000000
3.127165
0.000000
0.000000
0.000000
0.000000
0.000000
0.000000
0.000000
0.000000
0.000000
0.000000
0.000000
0.000000
0.000000
0.000000
0.000000
0.000000
0.000000
0.000000
0.000000
0.000000
0.000000
0.000000
0.000000
0.000000
0.000000
0.000000
0.000000
0.000000
0.000000
0.000000
0.000000
0.000000
0.000000
0.000000
0.000000
0.000000
0.000000
0.000000
0.000000
0.000000
0.000000
0.000000
0.000000
0.000000
0.000000
0.000000
0.000000
0.000000
0.000000
0.000000
0.000000
0.000000
0.000000
0.000000
0.000000
0.000000
0.000000
0.000000
0.000000
0.000000
0.000000
0.000000
0.000000
0.000000
0.000000
0.000000
0.000000
0.000000
0.000000
0.000000
0.000000
0.000000
0.000000
0.000000
0.000000
1.914065
0.000000
0.803102
7.708767
0.000000
0.000000
0.000000
0.000000
0.000000
0.000000
0.000000
1.798425
0.000000
0.000000
0.518926
0.000000
1.225211
0.000000
0.000000
0.000000
0.000000
0.000000
0.000000
0.000000
0.000000
0.000000
0.000000
0.000000
0.000000
0.000000
0.000000
0.000000
0.000000
0.267230
0.000000
0.000000
0.000000
0.000000
0.000000
0.000000
0.000000
1.300801
0.788916
0.000000
0.000000
0.000000
0.000000
0.000000
0.000000
0.000000
0.000000
3.394777
0.000000
0.000000
5.980902
0.000000
0.000000
0.000000
0.000000
0.734583
2.482923
0.000000
2.373157
0.000000
0.000000
1.849682
0.000000
2.641783
0.000000
2.530255
0.000000
12.082819
19.800262
0.000000
0.000000
0.630484
2.032028
0.000000
0.000000
0.000000
0.000000
0.000000
1.420154
0.000000
0.000000
0.000000
0.000000
0.000000
0.000000
0.000000
0.363133
0.000000
2.904027
0.000000
0.000000
0.000000
0.000000
0.000000
4.468902
0.000000
15.454478
0.000000
1.695640
0.000000
0.000000
0.000000
0.000000
19.618763
7.394689
0.000000
19.069059
0.000000
0.000000
0.000000
0.000000
0.000000
3.158602
0.000000
13.628595
1.279171
3.738158
0.795303
11.049959
0.000000
0.000000
11.144730
0.000000
0.000000
4.199855
0.000000
0.000000
0.000000
0.000000
0.000000
0.000000
0.000000
0.000000
0.000000
0.000000
0.000000
0.000000
0.000000
0.000000
0.000000
0.000000
0.000000
0.000000
0.000000
0.000000
0.000000
0.000000
0.000000
0.000000
0.000000
0.000000
0.000000
0.000000
0.000000
0.000000
0.000000
0.000000
0.000000
0.000000
0.000000
0.000000
0.000000
0.000000
0.000000
0.000000
0.000000
0.000000
0.000000
0.000000
0.000000
0.000000
0.000000
0.000000
0.000000
0.000000
0.000000
0.000000
0.000000
0.000000
0.000000
0.000000
0.000000
0.000000
0.000000
0.000000
0.000000
0.000000
0.000000
0.000000
0.000000
0.000000
0.000000
0.000000
0.000000
0.000000
0.000000
0.000000
0.000000
0.000000
0.000000
0.000000
0.000000
0.000000
0.000000
0.000000
0.000000
0.000000
0.000000
0.000000
0.000000
0.000000
0.000000
0.000000
0.000000
0.000000
0.000000
0.000000
0.000000
0.000000
0.000000
0.000000
0.000000
0.000000
0.000000
0.000000
0.000000
0.000000
0.000000
0.000000
0.000000
0.000000
0.000000
0.000000
0.000000
0.000000
0.000000
0.000000
0.000000
0.000000
0.000000
0.000000
0.000000
0.000000
0.000000
0.000000
0.000000
0.000000
0.000000
0.000000
0.000000
0.000000
0.000000
0.000000
0.000000
0.000000
0.000000
0.000000
0.000000
0.000000
0.000000
0.000000
0.000000
0.000000
0.000000
0.000000
0.000000
0.000000
0.000000
0.000000
0.000000
0.000000
0.000000
0.000000
0.000000
0.000000
0.000000
0.000000
0.000000
0.000000
0.000000
0.000000
0.000000
0.000000
0.000000
0.000000
0.000000
0.000000
0.000000
0.000000
0.000000
0.000000
0.000000
0.000000
0.000000
0.000000
0.000000
0.000000
0.000000
0.000000
0.000000
0.000000
0.000000
0.000000
0.000000
0.000000
0.000000
0.000000
0.000000
0.000000
0.000000
0.000000
0.000000
0.000000
0.000000
0.000000
0.000000
0.000000
0.000000
0.000000
0.000000
0.000000
0.000000
0.000000
0.000000
0.000000
0.000000
0.000000
0.000000
0.000000
0.000000
0.000000
0.000000
0.000000
0.000000
0.000000
0.000000
0.000000
0.000000
0.000000
0.000000
0.000000
0.000000
0.000000
0.000000
0.000000
0.000000
0.000000
0.000000
0.000000
0.000000
0.000000
0.000000
0.000000
0.000000
0.000000
18.194733
21.957769
1.276090
0.614468
0.000000
0.000000
0.000000
0.000000
0.000000
0.000000
0.007367
0.000000
0.000000
0.000000
0.000000
0.000000
0.000000
0.000000
0.572411
0.000000
0.000000
0.000000
0.000000
0.000000
0.000000
0.000000
0.000000
3.433944
0.000000
0.000000
0.000000
1.538487
0.659616
0.000000
0.000000
0.613676
0.777955
22.943277
0.000000
0.524452
0.000000
0.000000
0.000000
0.000000
0.000000
0.000000
2.032782
0.000000
0.000000
0.000000
0.000000
0.000000
0.000000
1.727193
4.351842
0.548050
0.000000
0.000000
0.000000
0.000000
0.000000
0.000000
0.000000
0.000000
0.000000
0.000000
0.000000
0.000000
0.000000
0.000000
0.000000
0.000000
0.493412
2.054442
2.460807
1.576913
0.383740
0.361902
0.037419
0.000000
0.000000
0.000000
0.417436
0.939868
0.000000
0.187746
0.000000
0.000000
0.000000
0.000000
3.467681
7.233403
3.583406
8.134199
1.123714
0.339000
0.716943
0.000000
0.000000
4.118046
0.000000
7.005107
0.000000
0.203073
0.000000
4.317133
0.000000
0.253032
10.112365
9.220131
0.624029
16.699898
0.000000
0.171542
3.050521
0.000000
0.487625
14.866540
0.000000
8.650476
0.000000
1.203235
3.583978
13.946835
0.000000
0.343339
10.676556
0.000000
0.000000
4.821242
0.000000
0.000000
0.000000
0.000000
0.129583
0.000000
0.322478
1.961884
0.000000
1.497266
0.000000
1.337843
1.849414
0.000000
0.000000
0.000000
0.000000
0.000000
0.000000
0.000000
0.000000
0.000000
0.000000
0.000000
0.000000
0.000000
0.000000
0.000000
0.000000
0.000000
0.000000
0.000000
0.000000
0.000000
0.000000
0.000000
0.000000
0.000000
0.000000
0.000000
0.000000
0.000000
0.822306
0.000000
0.000000
0.000000
0.000000
0.000000
1.034674
0.000000
0.000000
0.000000
0.000000
0.000000
0.000000
1.346214
1.403358
8.753215
2.078149
4.848350
0.000000
0.813036
0.000000
4.697464
2.576517
0.000000
3.289032
0.000000
0.000000
0.000000
0.000000
8.562983
0.000000
0.000000
0.000000
0.000000
0.000000
0.000000
0.000000
0.000000
0.000000
0.000000
0.000000
0.000000
0.000000
0.000000
0.000000
0.000000
4.088007
0.000000
1.233090
0.000000
0.000000
3.009444
0.000000
0.000000
0.000000
0.000000
0.188476
4.267099
0.000000
0.000000
0.000000
9.519189
2.165658
0.272311
7.493566
0.000000
0.000000
0.603204
0.000000
0.153322
0.000000
0.000000
2.976151
0.000000
0.000000
0.000000
4.919672
0.000000
0.410989
9.594331
0.343112
1.233248
5.817600
0.000000
1.648297
0.309140
0.000000
25.477215
0.000000
1.170189
8.408043
0.000000
0.000000
0.000000
0.000000
0.000000
4.338569
12.835263
0.000000
0.000000
1.547689
0.000000
0.000000
0.000000
0.000000
0.396069
0.000000
0.000000
1.884079
0.000000
5.516926
0.000000
0.164513
0.434410
0.000000
2.608791
10.903378
3.579217
12.249269
0.000000
3.820696
0.000000
1.553239
0.066147
0.000000
0.000000
7.959135
0.000000
4.030887
3.078896
0.474076
2.470862
1.512570
3.450623
0.000000
0.000000
1.115678
0.000000
0.000000
5.240030
0.000000
0.000000
0.000000
0.651774
0.000000
0.000000
0.415476
0.000000
0.828898
0.000000
0.149366
0.000000
0.000000
0.000000
0.000000
0.000000
0.294482
0.000000
0.000000
0.000000
0.000000
1.246905
0.000000
0.000000
0.000000
0.000000
0.000000
0.000000
0.000000
0.000000
0.000000
0.000000
4.819991
0.000000
0.000000
0.000000
0.000000
0.000000
0.284608
0.000000
1.769727
0.000000
0.000000
0.000000
0.000000
2.643287
0.000000
0.000000
0.000000
0.588754
3.076686
0.000000
7.628373
0.000000
0.201938
6.662779
0.000000
0.000000
2.469346
0.000000
0.528512
7.420209
0.000000
0.000000
0.000000
5.755378
0.000000
0.000000
0.000000
0.564199
0.000000
3.212862
0.000000
0.755268
0.000000
0.000000
0.000000
0.000000
0.000000
0.000000
0.000000
0.000000
4.314158
2.023853
0.000000
0.000000
0.000000
0.000000
4.330547
0.060440
0.000000
0.000000
0.000000
1.486863
0.777542
0.000000
0.000000
0.000000
0.000000
0.000000
0.000000
0.000000
0.000000
0.000000
0.000000
0.000000
0.000000
0.000000
0.135699
0.000000
0.000000
0.000000
0.000000
0.000000
2.991606
0.000000
0.000000
0.000000
0.096906
0.000000
0.000000
0.000000
0.000000
0.000000
0.000000
0.000000
0.000000
0.000000
0.000000
0.000000
0.000000
0.000000
0.000000
1.905903
0.000000
0.000000
0.000000
0.000000
0.000000
0.000000
0.000000
11.698269
0.000000
0.000000
0.000000
3.852572
0.000000
0.000000
0.000000
0.000000
0.000000
0.000000
0.000000
0.000000
0.000000
0.000000
0.000000
0.000000
0.000000
0.000000
0.000000
0.000000
4.203064
0.000000
0.000000
2.603903
0.000000
0.000000
0.000000
1.231379
0.000000
0.000000
0.000000
0.000000
13.337710
4.099492
2.398183
2.301094
0.000000
0.000000
0.502379
0.000000
0.887369
0.065928
3.437245
9.090116
0.000000
4.633567
0.603372
0.000000
0.000000
0.000000
0.000000
0.000000
0.000000
0.222310
0.432058
0.000000
1.193457
0.000000
0.000000
0.000000
0.000000
0.000000
0.167205
0.000000
0.000000
0.000000
0.000000
0.000000
0.000000
0.000000
0.000000
12.290341
0.000000
0.000000
0.000000
0.000000
0.000000
0.000000
0.000000
0.000000
0.000000
0.000000
0.000000
0.871468
0.000000
0.000000
0.000000
0.000000
0.000000
0.000000
0.000000
0.000000
5.932671
0.000000
0.000000
13.739593
0.000000
13.184361
0.000000
9.205678
1.344810
0.000000
0.738779
0.000000
6.526028
0.000000
0.000000
0.092223
0.000000
0.000000
4.841179
0.000000
2.434679
2.817604
1.262023
2.084376
0.000000
2.180364
0.000000
0.000000
0.264425
0.000000
0.000000
0.000000
0.000000
0.000000
0.000000
0.000000
0.000000
0.000000
0.000000
0.000000
0.000000
0.000000
0.000000
0.000000
0.000000
0.000000
0.000000
0.000000
0.000000
0.000000
0.000000
0.000000
0.000000
0.000000
0.000000
0.000000
0.000000
0.000000
0.000000
0.000000
0.000000
0.000000
0.000000
0.000000
0.000000
0.000000
0.000000
0.000000
0.000000
0.000000
0.000000
0.000000
0.000000
0.000000
0.000000
0.000000
0.000000
0.000000
0.000000
0.000000
0.000000
0.000000
0.000000
0.000000
0.000000
0.000000
0.000000
0.000000
0.000000
0.000000
0.000000
0.000000
0.000000
0.000000
0.000000
0.000000
0.000000
0.000000
0.000000
0.000000
0.000000
0.000000
2.303955
3.560076
1.019694
0.000000
0.000000
0.000000
0.000000
0.000000
0.000000
0.000000
0.000000
0.000000
0.000000
2.902185
0.000000
0.000000
0.000000
0.000000
0.000000
3.452503
0.238208
0.144424
0.000000
0.000000
0.000000
0.000000
0.000000
0.000000
0.000000
0.000000
0.000000
0.000000
0.000000
0.000000
0.000000
0.000000
4.577965
3.635870
0.000000
2.579368
0.000000
0.000000
0.000000
0.000000
0.000000
0.000000
0.000000
0.000000
0.000000
0.000000
0.000000
3.735388
0.000000
1.497612
1.478301
0.282275
0.000000
0.000000
0.000000
0.000000
0.000000
0.000000
0.000000
0.000000
0.000000
0.000000
0.000000
0.000000
0.000000
0.000000
0.000000
1.893661
0.000000
0.000000
0.000000
0.000000
0.000000
0.000000
0.000000
0.000000
0.000000
0.000000
0.000000
0.000000
0.000000
0.000000
0.000000
0.000000
0.000000
0.000000
0.000000
0.000000
0.000000
0.000000
0.000000
0.000000
0.000000
0.000000
0.000000
0.000000
0.000000
0.000000
0.000000
0.000000
0.000000
0.000000
0.000000
0.000000
0.000000
0.000000
0.000000
0.000000
0.000000
0.000000
0.000000
0.000000
0.000000
0.000000
0.000000
0.000000
0.000000
0.000000
0.000000
0.000000
0.000000
0.000000
0.000000
0.000000
0.000000
0.000000
0.000000
0.000000
0.000000
0.000000
0.000000
0.000000
0.000000
0.000000
0.000000
0.000000
0.000000
0.000000
0.000000
0.000000
0.000000
0.000000
0.000000
0.000000
0.000000
0.000000
0.000000
0.000000
0.000000
0.000000
0.000000
0.000000
0.000000
0.000000
0.000000
0.000000
0.000000
0.000000
0.000000
0.000000
0.000000
0.000000
0.000000
0.000000
0.000000
0.000000
0.000000
0.000000
0.000000
0.000000
0.000000
0.000000
0.000000
0.000000
0.000000
0.000000
0.000000
0.000000
0.000000
0.000000
0.000000
0.000000
0.000000
0.000000
0.000000
0.000000
0.000000
0.000000
0.000000
0.000000
0.000000
0.000000
0.000000
0.000000
0.000000
0.000000
0.000000
0.000000
0.000000
0.000000
0.000000
0.000000
0.000000
0.000000
0.000000
0.000000
0.000000
0.000000
0.000000
0.000000
0.000000
0.000000
0.000000
0.000000
0.000000
0.000000
0.000000
0.000000
0.000000
0.000000
0.000000
0.000000
0.000000
0.000000
0.000000
0.000000
0.000000
0.000000
0.000000
0.000000
0.000000
0.000000
0.000000
0.000000
0.000000
0.000000
0.000000
0.000000
0.000000
0.000000
0.000000
0.000000
0.000000
0.000000
0.000000
0.000000
0.000000
0.000000
0.000000
0.000000
0.000000
0.000000
0.000000
0.000000
0.000000
0.000000
0.000000
0.000000
0.000000
0.000000
0.000000
0.000000
0.000000
0.000000
0.000000
0.000000
0.000000
0.000000
0.000000
0.000000
0.000000
0.000000
0.000000
0.000000
0.000000
0.000000
0.000000
0.000000
0.000000
0.000000
0.000000
0.000000
0.000000
0.000000
0.462146
0.000000
3.150809
0.000000
0.504415
0.000000
0.000000
0.000000
0.000000
0.000000
0.000000
0.000000
0.000000
0.000000
0.000000
0.000000
0.000000
0.000000
2.513056
1.747211
4.708124
0.495137
0.000000
0.966834
0.000000
0.000000
0.000000
0.000000
1.169932
0.000000
0.000000
0.000000
0.000000
0.000000
0.872086
0.381801
7.547670
2.920758
7.838380
1.612869
0.000000
2.015741
0.942430
10.227176
5.079028
0.000000
6.148077
0.000000
0.000000
0.097239
0.000000
0.539133
0.000000
5.271871
4.309971
0.479924
3.361497
1.695253
0.000000
0.000000
0.000000
2.683323
0.000000
0.000000
3.998870
0.000000
0.000000
0.000000
0.000000
3.228161
0.000000
2.314256
17.374409
13.747317
0.676098
3.768314
0.000000
0.036362
0.000000
1.084377
0.000000
0.273544
0.000000
0.000000
2.206276
0.392229
0.000000
0.000000
0.000000
0.000000
0.000000
0.000000
0.000000
2.805097
0.000000
0.000000
0.000000
0.000000
0.000000
4.858741
0.000000
0.000000
0.000000
0.000000
5.559547
0.000000
0.000000
0.000000
0.476491
2.806429
0.000000
0.607538
0.562940
0.000000
0.000000
5.338647
0.000000
0.000000
0.139476
0.000000
0.000000
0.000000
0.000000
0.000000
0.000000
0.000000
2.326658
8.548683
20.577469
0.000000
0.000000
0.000000
0.000000
0.000000
0.000000
0.000000
4.322135
0.000000
0.000000
0.000000
0.000000
1.039243
0.000000
0.000000
31.683243
0.000000
0.000000
0.000000
0.000000
0.000000
0.000000
0.000000
0.000000
0.000000
0.000000
0.000000
0.000000
0.000000
0.000000
0.000000
0.000000
0.000000
38.783470
0.000000
0.000000
0.000000
0.000000
0.000000
0.000000
0.000000
0.000000
0.000000
0.000000
0.000000
0.000000
0.000000
0.000000
0.000000
0.000000
0.000000
27.489813
0.000000
0.000000
0.000000
0.000000
0.000000
0.000000
0.000000
0.000000
0.000000
0.000000
0.000000
0.000000
0.000000
0.000000
0.000000
0.000000
0.000000
30.814428
0.000000
0.000000
0.000000
0.000000
0.000000
0.000000
0.000000
0.000000
0.000000
0.000000
0.000000
0.000000
0.000000
0.000000
0.000000
0.000000
0.000000
0.000000
0.000000
0.000000
0.000000
0.000000
0.000000
0.000000
0.000000
0.000000
0.000000
0.000000
0.000000
0.000000
0.000000
0.000000
0.000000
0.000000
0.000000
0.000000
0.000000
0.000000
0.000000
0.000000
0.000000
0.000000
0.000000
0.000000
0.000000
0.000000
0.000000
0.000000
0.000000
0.000000
0.000000
0.000000
0.000000
0.000000
0.000000
0.000000
0.000000
0.000000
0.000000
0.000000
0.000000
0.000000
0.000000
0.000000
0.000000
0.000000
0.000000
0.000000
0.000000
0.000000
0.000000
0.000000
0.000000
0.000000
0.000000
0.000000
0.000000
0.000000
0.000000
0.000000
0.000000
0.000000
0.000000
0.000000
0.000000
0.000000
0.000000
0.000000
0.000000
1.549043
0.469112
0.639302
0.000000
0.093524
0.000000
0.000000
0.000000
0.000000
0.000000
1.905953
0.454856
0.000000
0.000000
0.000000
0.297033
0.000000
5.398912
8.107565
9.335481
15.120059
0.177275
0.391885
1.285414
2.952116
1.056134
15.077086
0.000000
25.569693
7.816030
7.622635
7.496040
14.933878
3.763888
0.834790
12.494332
4.450168
8.339102
24.684576
2.478097
0.464188
9.452541
0.817685
9.040440
22.043285
1.048104
22.526711
6.507224
12.216072
16.312159
19.208628
1.698165
3.445893
16.056572
3.994577
1.088088
3.461557
2.951317
0.000000
1.575692
0.000000
1.171414
1.463455
1.013065
2.043209
0.000000
2.069657
3.625525
2.334288
0.655311
0.038258
17.510767
0.000000
0.000000
0.000000
0.000000
0.000000
0.000000
0.000000
0.000000
0.000000
0.000000
0.000000
0.000000
0.000000
0.000000
0.000000
0.000000
0.000000
0.000000
0.000000
0.000000
0.000000
0.000000
0.000000
0.000000
0.000000
0.000000
0.000000
0.000000
0.000000
0.000000
0.000000
0.000000
0.000000
0.000000
0.000000
0.000000
0.000000
0.000000
0.000000
0.000000
0.000000
0.000000
0.000000
0.000000
0.000000
0.000000
0.000000
0.000000
0.000000
0.000000
0.000000
0.000000
0.000000
0.000000
0.000000
0.000000
0.000000
0.000000
0.000000
0.000000
0.000000
0.000000
0.000000
0.000000
0.000000
0.000000
0.000000
0.000000
0.000000
0.000000
0.000000
0.000000
0.201824
0.000000
1.575821
0.000000
3.180625
0.000000
0.000000
1.886382
0.119357
0.000000
2.409688
0.343085
0.987917
0.308948
0.000000
0.796391
0.000000
1.939973
4.199042
0.673396
0.000000
0.000000
0.886789
1.578952
0.240202
0.283542
0.508819
2.377850
0.708869
0.000000
0.448388
0.000000
5.051176
0.129356
0.000000
0.719250
0.000000
0.000000
0.000000
0.000000
1.154829
0.674379
0.000000
8.617596
0.000000
1.205898
2.285238
0.000000
1.457342
0.000000
1.231554
0.000000
9.110125
2.378737
0.462824
0.000000
0.000000
1.671488
0.000000
0.544002
0.000000
2.082175
0.386255
0.000000
0.283880
0.000000
1.394264
0.000000
1.351272
0.002576
1.398584
0.000000
8.516474
1.066865
2.582155
0.000000
0.695352
0.000000
0.179696
0.000000
0.000000
3.459036
6.122769
5.621222
0.000000
1.244711
0.000000
0.000000
0.000000
0.000000
0.000000
0.360226
0.000000
0.000000
0.000000
0.168464
0.000000
0.418240
0.000000
41.003086
0.000000
0.000000
0.000000
6.997446
15.251426
0.000000
0.000000
0.000000
0.239413
0.241859
0.000000
0.000000
0.000000
0.000000
7.079435
2.769907
0.000000
1.984589
1.825400
0.000000
0.000000
0.000000
0.000000
3.609815
0.000000
0.000000
0.000000
0.000000
0.000000
0.000000
0.000000
0.000000
0.000000
0.000000
0.000000
0.000000
0.000000
0.000000
0.000000
0.000000
0.000000
0.000000
0.000000
0.000000
0.000000
0.000000
0.360513
0.000000
0.000000
0.000000
0.000000
0.000000
0.000000
0.000000
0.000000
0.000000
0.000000
0.000000
0.000000
0.000000
0.000000
1.538586
0.500952
0.000000
10.360215
0.000000
0.000000
0.000000
0.390378
0.000000
5.469416
0.000000
7.622235
0.000000
0.000000
3.193053
3.217280
0.090867
0.000000
8.318553
6.787673
2.945671
11.626430
0.000000
0.000000
0.000000
3.064664
1.697737
15.199475
0.000000
7.256603
4.879667
0.000000
9.233286
3.774440
1.291767
0.000000
23.324242
0.203503
0.638625
0.739794
0.000000
0.000000
0.000000
0.000000
0.000000
0.000000
0.000000
0.423232
0.000000
0.000000
0.885994
0.000000
0.028536
0.000000
5.497413
0.000000
0.000000
0.000000
0.000000
0.000000
0.000000
0.000000
0.000000
0.000000
0.000000
0.000000
0.000000
0.000000
0.000000
0.000000
0.000000
0.000000
0.000000
0.000000
0.000000
0.000000
0.000000
0.000000
0.000000
0.000000
0.000000
0.000000
0.000000
0.000000
0.000000
0.000000
0.000000
0.000000
0.000000
0.000000
0.000000
0.000000
0.000000
0.000000
0.000000
0.000000
0.000000
0.000000
0.000000
0.000000
0.000000
0.000000
0.000000
0.000000
0.000000
0.000000
0.000000
0.000000
0.000000
0.000000
0.000000
0.000000
0.000000
0.000000
0.000000
0.000000
0.000000
0.000000
0.000000
0.000000
0.000000
0.000000
0.000000
0.000000
0.000000
0.000000
0.000000
0.000000
0.000000
0.000000
0.000000
0.000000
0.000000
0.000000
0.000000
0.000000
0.000000
0.000000
0.000000
0.000000
0.000000
0.000000
0.000000
0.000000
0.000000
0.000000
0.000000
0.000000
0.000000
0.000000
0.000000
0.000000
0.000000
0.000000
0.000000
0.000000
0.000000
0.000000
0.000000
0.000000
0.000000
0.000000
0.000000
0.000000
0.000000
0.000000
0.000000
0.000000
0.000000
0.000000
0.000000
0.000000
0.000000
0.000000
0.000000
0.000000
0.000000
0.000000
0.000000
0.000000
0.000000
0.000000
0.000000
0.000000
0.000000
0.000000
0.000000
0.000000
0.000000
0.000000
0.000000
0.000000
0.000000
0.000000
0.000000
0.000000
0.000000
0.000000
0.000000
0.000000
0.000000
0.000000
0.000000
0.000000
0.000000
0.000000
0.000000
0.000000
0.000000
0.000000
0.000000
0.000000
2.784424
0.000000
0.000000
0.000000
0.000000
4.011509
0.000000
0.000000
7.254897
0.000000
0.000000
0.000000
0.000000
0.000000
0.000000
0.000000
0.000000
0.000000
0.000000
0.000000
0.000000
0.000000
0.000000
0.000000
0.000000
0.000000
0.000000
0.000000
0.000000
5.088542
0.000000
0.000000
3.399381
0.000000
4.322587
0.000000
1.401551
0.554459
0.436009
0.000000
0.000000
15.698307
0.650657
0.000000
0.000000
0.000000
0.000000
0.776413
0.000000
0.000000
0.000000
0.000000
1.526763
0.000000
1.092666
0.000000
0.000000
0.000000
0.000000
0.413018
2.268332
0.550386
0.000000
4.697628
0.000000
0.000000
0.000000
0.000000
0.000000
1.122230
0.000000
4.750949
12.728714
0.000000
0.000000
0.000000
1.030879
0.926961
0.000000
0.000000
0.000000
0.000000
1.435687
0.000000
0.052113
0.000000
0.000000
0.000000
0.000000
0.000000
0.000000
0.000000
0.000000
2.034000
3.291348
0.134869
0.105116
0.000000
0.000000
0.000000
0.000000
0.000000
0.000000
0.000000
0.000000
0.421624
0.000000
0.000000
0.000000
0.000000
0.000000
0.000000
1.957506
0.000000
0.382951
0.275550
0.000000
0.000000
0.000000
0.000000
1.348800
0.000000
0.000000
0.000000
0.000000
0.000000
0.000000
0.000000
0.000000
0.000000
0.000000
0.000000
0.000000
0.000000
0.000000
0.000000
0.000000
0.000000
0.000000
0.000000
0.000000
0.000000
0.000000
0.000000
0.000000
0.000000
0.000000
0.000000
0.000000
0.000000
0.000000
0.000000
0.000000
0.000000
0.000000
0.000000
0.000000
0.000000
0.000000
0.000000
0.000000
0.000000
0.000000
0.000000
0.000000
0.000000
0.000000
0.000000
0.000000
0.000000
0.000000
0.000000
0.000000
0.000000
0.000000
0.000000
0.000000
0.000000
0.000000
0.000000
0.000000
0.000000
0.000000
0.000000
0.000000
0.000000
0.000000
0.000000
0.000000
0.000000
0.000000
0.000000
0.000000
0.000000
0.000000
0.000000
0.000000
0.000000
0.000000
0.000000
0.000000
0.000000
0.000000
0.304650
0.000000
0.000000
0.000000
0.826541
0.000000
0.000000
0.710350
0.442426
0.000000
1.392538
0.000000
0.342627
0.885699
0.000000
0.000000
0.000000
1.959192
0.407964
0.082762
3.716033
0.113519
0.658216
1.395851
9.524039
6.464331
12.668380
1.285591
8.355469
0.000000
0.000000
15.410858
0.372458
0.075706
7.614625
8.168497
0.421989
7.071283
0.654488
0.343212
6.266547
6.884011
5.305348
4.124222
3.682910
0.000000
8.003910
0.000000
0.000000
0.496379
0.588316
5.593553
1.052138
2.297678
0.315756
0.000000
2.648556
0.000000
0.000000
0.656379
0.787162
9.816245
2.988700
0.000000
12.375798
0.000000
0.000000
5.089201
1.397509
13.949413
0.000000
9.309019
0.000000
3.683788
0.000000
0.000000
0.000000
0.000000
0.000000
0.000000
0.000000
0.000000
0.000000
0.000000
0.000000
0.000000
0.000000
0.000000
0.000000
0.000000
5.629874
0.000000
0.000000
0.000000
0.000000
0.000000
0.000000
0.000000
0.000000
0.000000
0.000000
0.000000
0.000000
0.000000
0.000000
0.000000
0.000000
0.000000
3.497063
15.437506
0.000000
0.000000
0.000000
0.000000
0.000000
0.000000
0.000000
3.260204
0.000000
0.000000
0.000000
0.000000
2.013702
4.259140
0.000000
0.000000
14.401938
0.000000
0.000000
0.000000
0.000000
0.000000
0.000000
0.000000
0.000000
0.000000
0.000000
1.233972
0.000000
1.294506
0.000000
4.039477
2.415097
0.000000
0.000000
0.000000
0.000000
2.064451
0.384201
0.000000
0.000000
0.000000
0.000000
0.000000
0.000000
0.000000
0.000000
0.000000
0.000000
0.000000
0.000000
0.000000
0.000000
0.000000
0.000000
5.177162
0.000000
0.000000
0.000000
0.639011
0.000000
0.000000
0.000000
0.000000
0.000000
0.000000
0.000000
0.000000
0.000000
0.000000
0.000000
0.000000
0.000000
0.000000
0.017705
0.000000
2.527143
0.000000
0.000000
2.576838
0.000000
2.230653
0.000000
1.079935
0.000000
0.000000
0.000000
0.000000
6.912880
3.877338
2.818567
0.000000
0.000000
0.000000
9.129810
0.000000
6.149299
2.318561
6.297513
2.371489
0.000000
10.210901
0.000000
2.499487
3.018671
0.000000
0.487812
0.000000
0.000000
0.000000
0.000000
0.000000
0.460410
1.552755
0.000000
0.000000
0.000000
0.000000
0.000000
0.000000
0.608679
0.595477
0.000000
4.456927
0.000000
0.000000
0.000000
1.475659
0.000000
0.000000
0.000000
0.000000
0.000000
0.000000
0.000000
0.000000
0.000000
0.000000
0.000000
0.000000
0.000000
2.873263
0.179659
0.000000
0.000000
0.000000
0.000000
0.000000
0.000000
2.038330
0.000000
1.833069
0.000000
2.206528
0.000000
2.001402
0.000000
0.000000
0.000000
7.580470
2.558454
0.364219
0.000000
0.000000
0.000000
0.000000
0.000000
0.000000
0.000000
0.000000
1.079580
0.000000
0.000000
0.724412
0.000000
0.000000
0.000000
12.996008
2.523950
0.000000
0.000000
0.000000
0.000000
0.000000
0.000000
0.000000
0.000000
0.000000
0.000000
0.000000
0.443175
0.671584
0.000000
0.000000
0.000000
6.968193
7.570600
5.805827
0.000000
0.000000
0.000000
0.374762
0.000000
0.000000
0.000000
1.290526
3.546959
0.000000
0.000000
0.000000
1.293429
0.000000
0.634629
4.331413
0.000000
5.837350
0.000000
0.000000
0.000000
1.482789
2.373404
3.565283
0.000000
0.358816
1.326948
0.000000
0.000000
0.000000
1.488688
0.000000
10.698653
4.133891
0.000000
0.000000
0.000000
0.000000
0.000000
0.000000
0.000000
1.783019
0.000000
1.053292
0.000000
0.000000
0.000000
0.000000
1.794549
0.000000
2.387763
2.389358
0.000000
0.000000
0.000000
0.000000
0.000000
0.000000
0.000000
0.000000
0.000000
0.000000
0.000000
0.000000
0.000000
0.000000
0.000000
0.000000
0.000000
0.000000
0.000000
0.000000
0.000000
0.000000
0.000000
0.000000
0.000000
0.000000
0.000000
0.000000
0.000000
0.000000
0.000000
0.000000
0.000000
0.000000
0.000000
0.000000
0.000000
0.000000
0.000000
0.000000
0.000000
0.000000
0.000000
0.000000
0.000000
0.000000
0.000000
0.000000
0.000000
0.000000
0.000000
0.000000
0.000000
0.000000
0.000000
0.000000
0.000000
0.000000
0.000000
0.000000
0.000000
0.000000
0.000000
0.000000
0.000000
0.000000
0.000000
0.000000
0.000000
0.000000
0.000000
0.000000
6.593179
2.493123
0.000000
0.000000
0.000000
0.000000
0.000000
0.000000
0.000000
0.000000
0.372563
0.000000
0.000000
3.539851
0.000000
0.000000
0.000000
0.000000
15.398925
0.194459
0.000000
0.000000
0.134985
0.000000
0.000000
0.000000
2.734497
0.079190
0.036000
0.000000
0.000000
0.000000
0.439469
0.407253
0.844659
1.550864
19.660881
10.841690
0.000000
0.000000
0.000000
1.204731
0.000000
2.788822
1.304199
0.000000
2.613205
0.000000
2.346774
1.072463
0.445840
0.000000
1.110941
0.205448
16.828079
3.470784
0.000000
0.000000
0.000000
0.939309
0.000000
0.000000
0.000000
0.000000
0.000000
0.000000
0.859147
2.129466
0.000000
0.586628
0.000000
2.883515
0.000000
0.000000
0.000000
0.000000
0.000000
0.000000
0.000000
0.000000
0.000000
0.000000
0.000000
0.000000
1.770071
0.000000
0.000000
0.000000
0.000000
0.000000
0.000000
0.000000
0.000000
0.000000
0.000000
0.000000
0.000000
0.000000
0.000000
0.000000
0.000000
0.000000
0.000000
0.000000
0.000000
0.000000
3.739015
6.182017
0.000000
0.000000
0.000000
0.000000
0.000000
0.000000
0.000000
0.000000
0.000000
0.000000
0.000000
0.000000
0.000000
0.000000
0.000000
0.000000
2.528373
0.000000
1.196569
3.421431
0.000000
0.000000
0.000000
0.000000
0.000000
0.060288
0.000000
0.000000
0.000000
0.000000
0.000000
0.000000
0.000000
0.000000
4.312949
0.000000
0.000000
0.000000
0.000000
0.000000
0.000000
0.000000
0.000000
0.000000
0.000000
0.000000
0.000000
0.000000
0.000000
0.000000
0.000000
0.000000
0.000000
0.000000
0.000000
0.000000
0.000000
0.000000
0.000000
0.000000
0.000000
0.000000
0.000000
0.000000
0.000000
0.000000
0.000000
0.000000
0.000000
0.000000
0.000000
0.000000
0.000000
0.000000
0.000000
0.000000
0.000000
0.000000
0.000000
0.000000
0.000000
0.000000
0.000000
0.000000
0.000000
0.000000
0.000000
0.000000
0.000000
0.000000
0.000000
0.000000
0.000000
0.000000
0.000000
0.000000
0.000000
0.000000
0.000000
0.000000
0.000000
0.000000
0.000000
0.000000
0.000000
0.000000
0.000000
0.000000
0.693109
0.000000
0.242812
0.000000
0.253022
0.000000
0.455146
0.000000
0.000000
0.000000
0.365054
0.000000
0.405652
0.000000
0.000000
0.000000
0.000000
0.000000
0.000000
0.325286
2.579133
0.947501
0.000000
0.516092
0.000000
2.410406
0.000000
9.959232
0.331863
0.000000
0.000000
5.983883
1.453998
0.000000
0.000000
11.649353
3.411115
4.645395
0.024160
0.099316
0.000000
0.000000
7.819447
3.733261
0.434308
0.075082
1.727453
0.576816
0.000000
0.792076
0.000000
0.394556
0.000000
0.000000
0.502006
0.000000
0.000000
0.000000
0.000000
0.000000
0.000000
0.030567
0.000000
0.000000
1.535849
0.000000
0.000000
0.000000
0.000000
0.109558
0.000000
0.000000
0.000000
0.000000
0.000000
0.000000
0.000000
0.000000
0.000000
0.000000
0.000000
0.000000
0.000000
0.000000
0.000000
0.000000
0.000000
0.000000
0.000000
0.000000
0.000000
0.000000
0.000000
0.000000
0.000000
0.000000
0.000000
0.000000
0.000000
0.000000
0.000000
0.000000
0.000000
0.000000
0.000000
0.000000
0.000000
0.000000
0.000000
0.000000
0.000000
0.000000
0.000000
0.000000
0.000000
0.000000
0.000000
0.000000
0.000000
0.000000
0.000000
0.000000
0.000000
0.000000
0.000000
0.000000
0.000000
0.000000
0.000000
0.000000
0.000000
0.000000
0.000000
0.000000
0.000000
0.000000
0.000000
0.000000
0.000000
0.000000
0.000000
0.000000
0.000000
0.000000
0.000000
0.000000
0.000000
0.000000
0.000000
0.000000
0.000000
0.000000
0.000000
0.000000
0.000000
0.000000
0.000000
0.000000
0.000000
0.000000
0.000000
0.000000
0.000000
0.000000
0.000000
0.000000
0.000000
0.000000
0.000000
0.000000
0.000000
0.000000
0.000000
0.000000
0.000000
0.000000
0.000000
0.000000
0.000000
0.000000
0.000000
0.000000
0.000000
0.000000
0.000000
0.000000
0.000000
0.000000
0.000000
0.000000
0.000000
0.000000
0.000000
0.000000
0.000000
0.000000
0.000000
0.000000
0.000000
0.000000
0.000000
0.000000
0.000000
0.000000
0.000000
0.000000
0.000000
0.000000
0.000000
0.000000
0.000000
0.000000
0.000000
0.000000
0.000000
0.000000
0.000000
0.000000
0.000000
0.000000
0.000000
0.000000
0.000000
0.000000
0.000000
0.000000
0.000000
0.000000
0.000000
0.000000
0.000000
0.000000
0.000000
0.000000
0.000000
0.000000
0.000000
0.000000
0.000000
0.000000
0.000000
0.000000
0.000000
0.000000
0.000000
0.000000
0.000000
0.000000
0.000000
0.000000
0.000000
0.000000
0.000000
0.000000
0.000000
0.000000
0.000000
0.000000
0.000000
0.000000
0.000000
0.000000
0.000000
0.000000
0.000000
0.000000
0.000000
0.000000
0.000000
0.000000
0.000000
0.000000
0.000000
0.000000
0.000000
0.000000
0.000000
0.000000
0.000000
0.000000
0.000000
0.000000
0.000000
0.000000
0.000000
0.000000
0.000000
0.000000
8.604734
3.662884
10.725974
0.000000
7.153407
0.000000
0.000000
8.178411
0.000000
0.849930
0.522520
0.000000
0.000000
8.021567
0.000000
0.000000
0.000000
36.184261
2.743658
4.603273
2.244321
0.000000
3.115491
2.007524
0.000000
1.053301
0.000000
0.000000
1.415483
0.000000
0.000000
0.000000
15.077443
0.000000
1.953042
5.759872
1.803847
4.450877
2.341847
0.000000
2.975278
1.290249
0.000000
23.553022
0.000000
0.000000
22.437750
0.000000
1.053662
0.000000
0.000000
0.000000
8.317216
9.888904
0.000000
0.000000
0.552491
0.000000
0.000000
0.000000
0.000000
0.000000
0.000000
0.000000
0.000000
0.000000
9.525111
0.000000
0.255266
0.000000
0.000000
0.000000
4.428249
0.000000
5.054526
2.032447
1.926011
0.000000
0.000000
0.000000
0.000000
0.000000
4.400961
0.000000
4.562329
5.878864
0.000000
3.528375
0.000000
0.000000
0.614784
0.046290
0.000000
0.000000
0.000000
0.000000
0.430542
0.000000
0.000000
1.041476
0.000000
0.000000
0.000000
0.861730
0.000000
0.000000
0.000000
0.000000
0.000000
1.291963
0.000000
0.000000
0.000000
0.000000
0.000000
0.000000
0.000000
0.000000
0.000000
0.000000
0.000000
0.000000
0.000000
0.000000
0.000000
0.000000
1.477320
5.625888
7.405838
0.135506
0.000000
0.000000
2.405523
3.359555
0.000000
1.286265
0.000000
0.000000
0.000000
0.000000
0.000000
0.000000
0.000000
0.000000
0.000000
3.169668
0.000000
0.000000
0.000000
0.000000
0.000000
0.000000
0.000000
0.000000
0.377206
0.000000
0.000000
0.000000
0.000000
0.000000
0.000000
0.000000
0.000000
0.343253
0.000000
0.000000
0.000000
0.000000
0.000000
1.314489
0.000000
0.000000
0.000000
0.000000
0.000000
0.000000
0.000000
0.000000
0.000000
0.000000
4.656408
1.823200
0.000000
0.000000
0.000000
0.000000
0.559260
0.000000
0.000000
0.000000
0.000000
0.000000
0.000000
0.163188
1.218575
0.000000
0.000000
0.000000
0.493740
0.000000
0.000000
0.000000
0.000000
0.000000
0.000000
0.199054
0.000000
0.000000
0.000000
0.000000
0.000000
0.000000
0.000000
1.619728
0.000000
0.000000
0.000000
0.000000
0.000000
0.000000
0.000000
0.000000
0.000000
0.000000
0.000000
0.000000
0.000000
0.000000
0.000000
0.000000
0.000000
0.000000
0.000000
0.000000
0.000000
0.000000
0.000000
0.000000
0.000000
0.000000
0.000000
0.000000
0.000000
0.000000
0.000000
0.000000
0.000000
0.000000
0.000000
0.000000
0.000000
0.000000
0.000000
0.000000
0.000000
0.000000
0.000000
0.000000
0.000000
0.000000
0.000000
0.000000
0.000000
0.000000
0.000000
0.000000
0.000000
0.000000
0.000000
0.000000
0.000000
0.000000
0.000000
0.000000
0.000000
0.000000
0.000000
0.000000
0.000000
0.000000
0.000000
0.000000
0.000000
0.000000
0.000000
0.000000
0.000000
0.000000
0.000000
0.000000
0.000000
0.000000
0.000000
0.000000
0.000000
0.000000
0.000000
0.000000
0.000000
0.000000
0.000000
0.000000
0.000000
0.000000
0.000000
0.000000
0.000000
0.000000
0.000000
0.000000
0.000000
0.000000
0.000000
0.000000
0.000000
0.000000
0.000000
0.000000
0.000000
0.000000
0.000000
0.000000
0.000000
0.000000
0.000000
0.000000
0.000000
0.000000
0.000000
0.000000
0.000000
0.000000
0.000000
0.000000
0.000000
0.000000
0.000000
0.000000
0.000000
0.000000
0.000000
0.000000
0.000000
0.000000
0.000000
0.000000
0.000000
0.000000
0.000000
0.000000
0.000000
0.000000
0.000000
0.000000
0.000000
0.000000
0.000000
0.000000
0.000000
0.000000
0.000000
0.000000
0.000000
0.000000
0.000000
0.000000
0.000000
0.000000
0.000000
0.000000
0.000000
0.000000
0.000000
0.000000
0.000000
0.000000
0.000000
0.000000
0.000000
0.000000
0.000000
0.000000
0.000000
0.000000
0.000000
0.000000
0.000000
0.000000
0.000000
0.000000
0.000000
0.000000
0.000000
0.000000
0.000000
0.000000
0.000000
0.000000
0.000000
0.000000
0.000000
0.000000
0.000000
0.000000
0.000000
0.000000
0.000000
0.000000
0.000000
0.000000
0.000000
0.000000
0.000000
0.000000
0.000000
0.000000
0.000000
0.000000
0.000000
0.000000
0.000000
0.000000
0.000000
0.000000
0.000000
0.000000
0.000000
0.000000
0.000000
0.000000
0.000000
0.000000
0.000000
0.000000
0.000000
0.000000
0.000000
0.000000
0.000000
0.000000
0.000000
0.000000
0.000000
0.000000
0.000000
0.000000
0.000000
0.000000
0.000000
0.000000
0.000000
0.000000
0.000000
0.000000
0.000000
0.000000
0.000000
0.000000
0.000000
0.000000
0.000000
0.000000
0.000000
0.000000
0.000000
0.000000
0.000000
0.000000
0.000000
0.000000
0.000000
0.000000
0.000000
0.000000
0.000000
0.000000
0.000000
0.000000
0.000000
0.000000
0.000000
0.000000
0.000000
0.000000
0.000000
0.000000
0.000000
0.000000
0.000000
0.000000
0.000000
0.000000
0.000000
0.000000
0.000000
0.000000
0.000000
0.000000
0.000000
0.000000
0.000000
0.000000
0.000000
0.000000
0.548625
0.000000
0.312713
0.000000
0.000000
0.000000
0.000000
0.000000
0.000000
0.000000
0.000000
0.000000
0.000000
0.000000
0.000000
0.000000
0.000000
0.000000
2.136132
0.000000
6.444659
0.472188
0.000000
0.000000
0.000000
0.772050
1.359300
0.159796
0.000000
2.185576
0.000000
0.912407
0.581661
2.925601
0.000000
0.137160
1.794658
0.520072
6.862760
1.304190
0.000000
0.000000
1.227052
0.000000
9.753633
0.422080
0.000000
7.640529
0.000000
9.595152
0.333966
5.319938
0.000000
0.000000
0.000000
0.000000
0.521666
0.037682
0.000000
0.000000
0.000000
0.000000
0.000000
0.000000
1.240880
0.000000
0.000000
0.000000
0.000000
0.000000
0.000000
0.000000
0.000000
0.000000
0.000000
0.000000
0.000000
0.000000
0.000000
0.000000
0.000000
0.000000
0.000000
0.000000
0.000000
0.000000
0.000000
0.000000
0.000000
0.000000
0.000000
0.000000
0.000000
0.000000
0.000000
0.000000
0.000000
0.000000
0.000000
0.000000
0.000000
0.000000
0.000000
0.000000
0.000000
0.000000
0.000000
0.000000
0.000000
0.000000
0.000000
0.000000
0.000000
0.000000
0.000000
0.000000
0.000000
0.000000
0.000000
0.000000
0.000000
0.000000
0.000000
0.000000
0.000000
0.000000
0.000000
0.000000
0.000000
0.000000
0.000000
0.000000
0.000000
0.000000
0.000000
0.000000
0.000000
0.000000
0.000000
0.000000
0.000000
0.000000
0.000000
0.000000
2.078592
0.000000
0.000000
0.000000
0.000000
0.000000
0.000000
0.000000
0.000000
0.000000
0.000000
0.000000
0.000000
0.000000
0.000000
0.000000
0.000000
3.216735
2.556609
0.000000
4.354932
0.000000
0.000000
0.000000
0.000000
0.000000
0.000000
0.000000
0.000000
0.000000
0.459413
0.000000
0.297164
0.000000
0.000000
7.731576
10.026846
21.397316
14.138773
0.000000
0.000000
2.778223
0.000000
0.116317
0.449020
0.000000
5.161311
0.000000
2.719646
0.663678
0.103706
0.000000
1.870638
2.443622
10.810788
9.808201
7.504001
1.028577
0.000000
0.000000
0.000000
0.000000
0.000000
0.000000
0.000000
0.000000
0.000000
0.000000
0.000000
0.000000
0.000000
8.055286
0.000000
3.932217
0.000000
0.000000
0.000000
0.000000
0.000000
0.000000
0.000000
0.000000
0.000000
0.000000
0.000000
0.000000
0.000000
0.000000
0.000000
0.000000
0.000000
0.000000
0.000000
1.408491
0.000000
0.704517
0.000000
0.786992
0.000000
0.000000
0.000000
0.000000
0.000000
0.000000
0.000000
0.000000
6.679329
0.000000
0.000000
0.000000
0.000000
0.000000
0.000000
0.000000
3.788378
0.000000
0.000000
0.000000
0.000000
0.000000
0.000000
0.000000
0.000000
3.653740
0.000000
0.000000
0.000000
4.967687
0.000000
0.000000
0.000000
0.000000
0.000000
0.000000
0.000000
0.000000
0.000000
0.000000
0.000000
0.000000
0.000000
0.000000
0.000000
0.000000
0.206106
0.000000
2.927099
0.451863
12.016751
0.000000
0.000000
0.000000
0.000000
0.000000
0.000000
0.000000
0.000000
3.850009
0.000000
0.000000
0.000000
0.720638
1.131105
1.811282
0.000000
0.000000
0.000000
0.814300
3.493518
0.142668
0.000000
0.000000
1.924477
0.000000
0.177470
0.000000
0.951794
0.000000
18.616365
0.000000
0.624310
0.249086
0.000000
0.000000
0.836097
4.817738
1.757407
3.489880
0.000000
0.000000
0.723515
0.000000
0.210253
0.000000
0.000000
0.000000
0.962952
0.000000
4.003326
0.220971
8.037908
3.611567
0.000000
0.000000
0.133701
1.122136
0.000000
0.935109
0.000000
0.000000
2.395684
0.000000
0.306991
0.000000
1.137436
2.988205
0.000000
0.000000
0.000000
0.000000
0.000000
0.000000
0.000000
0.000000
0.000000
0.000000
0.000000
0.000000
0.000000
0.000000
0.000000
0.000000
0.000000
0.000000
0.000000
0.000000
0.000000
0.000000
0.000000
0.000000
0.000000
0.000000
0.000000
0.000000
0.000000
0.000000
0.000000
0.000000
0.000000
0.000000
0.000000
0.000000
0.000000
0.000000
0.000000
0.000000
0.000000
0.000000
0.000000
0.000000
0.000000
0.000000
0.000000
0.000000
0.000000
0.000000
0.000000
0.000000
0.000000
0.000000
0.000000
0.000000
0.000000
0.000000
0.000000
0.000000
0.000000
0.000000
0.000000
0.000000
0.000000
0.000000
0.000000
0.000000
0.000000
0.000000
0.000000
0.000000
0.000000
0.000000
0.000000
0.000000
0.000000
0.000000
0.000000
0.000000
0.000000
0.000000
0.000000
0.000000
0.000000
0.000000
0.000000
0.000000
0.000000
0.000000
0.000000
0.000000
0.000000
0.000000
0.000000
0.000000
0.000000
0.000000
0.000000
0.000000
0.000000
0.000000
0.000000
0.000000
0.000000
0.000000
0.000000
0.000000
0.000000
0.000000
0.000000
0.000000
0.000000
0.000000
0.000000
0.000000
0.000000
0.000000
0.000000
0.000000
0.000000
0.000000
0.000000
0.000000
0.000000
0.000000
0.000000
0.000000
0.000000
0.000000
0.000000
0.000000
0.000000
0.000000
0.000000
0.000000
0.000000
0.000000
0.000000
0.000000
0.000000
0.000000
0.000000
0.000000
0.000000
0.000000
0.000000
0.000000
0.000000
0.000000
0.000000
0.000000
0.000000
0.000000
0.000000
0.000000
0.000000
0.000000
0.000000
0.000000
0.000000
0.000000
0.000000
0.000000
0.000000
0.000000
0.000000
0.000000
0.000000
0.000000
0.000000
0.000000
0.000000
0.000000
0.000000
0.000000
0.000000
0.000000
0.000000
0.000000
0.000000
2.075415
0.000000
0.000000
0.000000
0.000000
0.000000
0.000000
0.000000
0.000000
0.000000
0.000000
0.000000
0.000000
0.000000
0.000000
0.000000
0.000000
0.000000
0.000000
0.000000
0.000000
0.000000
0.000000
0.000000
0.000000
0.000000
0.000000
0.000000
0.000000
0.000000
0.000000
0.000000
0.000000
0.000000
0.000000
0.515884
0.000000
0.000000
0.000000
3.674388
0.000000
0.000000
1.651275
0.000000
0.000000
0.000000
0.000000
0.000000
0.000000
0.000000
0.000000
0.000000
0.000000
6.681766
0.000000
0.000000
4.461818
0.000000
0.000000
13.528250
5.774867
2.020555
0.000000
0.000000
0.000000
0.000000
3.325034
0.000000
0.001612
13.089017
14.233893
6.004002
0.000000
0.000000
1.851905
0.000000
0.000103
12.090353
0.593532
3.759516
1.039854
0.354331
0.606005
0.000000
4.882300
0.077180
0.000000
0.729154
0.000000
0.000000
0.000000
0.000000
0.000000
0.000000
0.000000
0.425976
0.000000
0.000000
0.000000
0.000000
0.050882
0.000000
0.000000
0.000000
0.000000
0.000000
0.000000
5.444824
1.583375
0.000000
0.000000
2.960827
0.000000
0.000000
0.000000
0.000000
0.000000
1.857429
0.000000
0.000000
0.000000
0.000000
0.000000
0.000000
0.000000
3.142410
0.795985
0.000000
2.405820
0.000000
0.000000
0.000000
0.000000
0.000000
0.000000
0.000000
0.000000
0.000000
0.000000
0.000000
3.369318
2.434909
0.000000
16.202597
17.802998
0.000000
0.000000
0.000000
0.000000
4.791120
0.000000
0.000000
10.219875
0.354138
3.929361
0.000000
1.138470
15.488349
0.855354
4.623633
0.000000
9.167751
4.167557
5.780642
1.733643
0.000000
0.000000
1.546391
0.000000
0.000000
0.000000
0.000000
0.000000
0.000000
0.000000
0.000000
0.000000
0.000000
0.000000
0.000000
0.000000
0.000000
0.000000
0.000000
0.000000
0.000000
0.000000
0.000000
0.000000
0.000000
0.000000
0.000000
0.000000
0.000000
0.000000
0.000000
0.000000
0.000000
0.000000
0.000000
0.000000
0.000000
0.000000
0.000000
0.000000
0.000000
0.000000
0.000000
0.000000
0.000000
0.000000
0.000000
0.000000
0.000000
0.000000
0.000000
0.000000
0.000000
0.000000
0.000000
0.000000
0.000000
0.000000
0.000000
0.000000
0.000000
0.000000
0.000000
0.000000
0.000000
0.000000
0.000000
0.000000
0.000000
0.000000
0.000000
0.000000
0.000000
0.000000
0.000000
0.000000
0.000000
0.000000
0.000000
0.000000
0.000000
0.000000
0.000000
0.000000
0.000000
0.000000
0.000000
0.000000
0.000000
0.000000
0.000000
0.000000
0.000000
0.000000
0.000000
0.000000
0.000000
0.000000
0.000000
0.000000
0.000000
0.000000
0.000000
0.000000
0.000000
0.000000
0.000000
0.000000
0.000000
0.000000
0.000000
0.000000
0.000000
0.000000
0.000000
0.000000
0.000000
0.000000
0.000000
0.000000
0.000000
0.000000
0.000000
0.000000
0.000000
0.000000
0.000000
0.000000
0.000000
0.000000
0.000000
0.000000
0.000000
0.000000
0.000000
0.000000
0.000000
0.000000
0.000000
0.000000
0.000000
0.000000
0.000000
0.000000
0.000000
0.000000
0.000000
0.000000
0.000000
0.000000
0.000000
0.000000
0.000000
0.000000
0.000000
0.000000
0.000000
0.000000
5.036664
5.342816
9.724020
0.499968
0.000000
0.000000
0.000000
0.299405
1.560657
0.000000
0.693552
0.000000
0.000000
3.123809
0.000000
8.916333
0.405308
0.000000
3.151204
0.000000
0.000000
5.880203
0.000000
0.000000
1.332277
0.000000
0.000000
0.000000
0.000000
0.000000
0.000000
0.000000
0.000000
0.724243
0.290518
0.000000
6.959623
1.863200
0.000000
0.570926
0.000000
0.000000
0.000000
0.000000
0.000000
0.000000
0.000000
0.000000
0.000000
0.000000
0.000000
2.866143
0.000000
0.000000
2.022852
1.647987
0.000000
0.000000
0.000000
0.000000
0.085828
0.000000
0.000000
0.000000
0.907527
1.705918
0.000000
0.694131
1.099560
0.000000
0.000000
0.000000
0.000000
0.505437
0.057377
0.000000
0.445896
0.000000
0.000000
0.000000
0.000000
0.000000
0.841808
0.000000
0.000000
0.057258
0.000000
0.000000
0.000000
0.000000
0.000000
4.456037
0.000000
1.970684
0.000000
0.000000
0.000000
0.000000
0.000000
0.000000
0.000000
0.000000
0.000000
0.000000
0.000000
0.000000
0.000000
1.839464
8.272881
10.021348
0.000000
0.000000
0.000000
0.000000
0.000000
0.000000
0.000000
3.009773
0.000000
0.000000
0.000000
0.000000
1.517535
4.844118
0.000000
0.000000
6.567153
0.000000
0.000000
0.000000
0.000000
0.000000
0.000000
0.000000
0.000000
0.000000
0.000000
0.000000
0.000000
1.154042
0.000000
0.000000
0.000000
0.000000
0.000000
0.000000
0.000000
0.000000
0.000000
0.000000
0.000000
0.000000
0.000000
0.000000
0.000000
0.000000
0.000000
0.000000
0.000000
0.000000
0.000000
0.000000
0.212760
0.000000
0.000000
0.000000
0.000000
0.000000
0.000000
0.000000
0.000000
0.000000
0.000000
0.000000
0.000000
0.000000
0.000000
0.000000
0.000000
0.369840
0.000000
0.000000
0.000000
0.000000
0.000000
0.000000
4.091445
0.762708
0.000000
0.000000
0.000000
0.000000
0.000000
0.000000
2.999259
0.000000
1.272455
0.000000
0.005310
7.579599
4.090836
0.914724
0.000000
0.000000
1.446123
3.679505
0.000000
1.457837
0.000000
0.000000
0.000000
0.000000
2.548533
0.000000
3.140594
2.193648
0.000000
0.000000
0.000000
0.000000
0.000000
0.000000
0.000000
0.000000
0.000000
0.000000
0.595304
0.000000
0.000000
0.000000
0.000000
0.000000
0.000000
0.000000
0.000000
0.000000
1.311510
0.000000
0.000000
0.000000
0.000000
0.000000
0.000000
5.715536
0.000000
0.000000
0.000000
1.963126
0.007644
0.000000
0.000000
6.778133
5.529660
20.342085
7.524800
0.000000
0.000000
0.000000
0.000000
0.000000
0.000000
0.000000
3.947197
0.000000
0.000000
0.000000
0.000000
0.000000
0.000000
0.041157
0.000000
0.000000
0.000000
0.000000
0.000000
0.000000
0.000000
0.000000
0.000000
0.000000
0.000000
0.000000
0.000000
0.000000
0.000000
0.000000
0.000000
0.000000
0.003443
0.003443
0.003443
0.003443
0.003443
0.003443
0.003443
0.003443
0.003443
0.003443
0.003443
0.003443
0.003443
0.003443
0.003443
0.003443
0.003443
0.003443
0.003443
0.003443
0.003443
0.003443
0.003443
0.003443
0.003443
0.003443
0.003443
0.003443
0.003443
0.003443
0.003443
0.003443
0.003443
0.003443
0.003443
0.003443
0.003443
0.003443
0.003443
0.003443
0.003443
0.003443
0.003443
0.003443
0.003443
0.003443
0.003443
0.003443
0.003443
0.003443
0.003443
0.003443
0.003443
0.003443
0.003443
0.003443
0.003443
0.003443
0.003443
0.003443
0.003443
0.003443
0.003443
0.003443
0.003443
0.003443
0.003443
0.003443
0.003443
0.003443
0.003443
0.003443
2.298989
0.000000
0.000000
0.000000
1.058961
0.000000
0.000000
0.000000
0.000000
0.000000
0.000000
0.000000
0.638338
0.000000
0.000000
0.000000
0.000000
0.000000
12.680210
4.574662
0.000000
0.058446
0.000000
0.000000
7.060831
26.439611
0.000000
0.572092
0.000000
0.000000
0.000000
0.000000
0.000000
0.000000
14.478201
16.109724
0.000000
0.038598
0.000000
0.000000
0.000000
0.000000
5.689749
0.000000
0.000000
1.172131
0.000000
0.000000
0.000000
0.000000
0.000000
7.572363
0.133985
0.000000
0.099384
0.000000
0.000000
0.000000
0.000000
0.000000
2.177922
0.000000
0.000000
0.000000
0.000000
2.079341
2.614613
0.250699
0.000000
3.195607
0.319774
0.000000
0.000000
0.000000
0.000000
0.000000
0.000000
0.000000
0.000000
0.000000
0.000000
0.000000
0.000000
0.000000
0.000000
0.000000
0.000000
0.000000
0.000000
0.000000
0.000000
0.000000
0.000000
0.000000
0.000000
0.000000
0.000000
0.000000
0.000000
0.000000
0.000000
0.000000
0.000000
0.000000
0.000000
0.000000
0.000000
0.000000
0.000000
0.000000
0.000000
0.000000
0.000000
0.000000
0.000000
0.000000
0.000000
0.000000
0.000000
0.000000
0.000000
0.000000
0.000000
0.000000
0.000000
0.000000
0.000000
0.000000
0.000000
0.000000
0.000000
0.000000
0.000000
0.000000
0.000000
0.000000
0.000000
0.000000
0.000000
0.000000
0.000000
0.000000
0.000000
0.000000
0.003289
0.003289
0.003289
0.003289
0.003289
0.003289
0.003289
0.003289
0.003289
0.003289
0.003289
0.003289
0.003289
0.003289
0.003289
0.003289
0.003289
0.003289
0.003289
0.003289
0.003289
0.003289
0.003289
0.003289
0.003289
0.003289
0.003289
0.003289
0.003289
0.003289
0.003289
0.003289
0.003289
0.003289
0.003289
0.003289
0.003289
0.003289
0.003289
0.003289
0.003289
0.003289
0.003289
0.003289
0.003289
0.003289
0.003289
0.003289
0.003289
0.003289
0.003289
0.003289
0.003289
0.003289
0.003289
0.003289
0.003289
0.003289
0.003289
0.003289
0.003289
0.003289
0.003289
0.003289
0.003289
0.003289
0.003289
0.003289
0.003289
0.003289
0.003289
0.003289
0.000000
0.000000
0.000000
0.000000
0.000000
0.000000
0.000000
0.000000
0.000000
0.000000
0.000000
0.000000
0.000000
0.000000
0.000000
0.000000
0.000000
0.000000
0.000000
0.000000
0.000000
0.000000
0.000000
0.000000
0.000000
0.000000
0.000000
0.000000
0.000000
0.000000
0.000000
0.000000
0.000000
0.000000
0.000000
0.000000
0.000000
0.000000
0.000000
0.000000
0.000000
0.000000
0.000000
0.000000
0.000000
0.000000
0.000000
0.000000
0.000000
0.000000
0.000000
0.000000
0.000000
0.000000
0.000000
0.000000
0.000000
0.000000
0.000000
0.000000
0.000000
0.000000
0.000000
0.000000
0.000000
0.000000
0.000000
0.000000
0.000000
0.000000
0.000000
0.000000
0.000000
0.000000
0.000000
0.000000
0.000000
0.000000
0.000000
0.000000
0.000000
0.000000
0.000000
0.000000
0.000000
0.000000
0.000000
0.000000
0.000000
0.000000
0.000000
0.000000
0.000000
0.000000
0.000000
0.000000
0.000000
0.000000
0.000000
0.000000
0.000000
0.000000
0.000000
0.000000
0.000000
0.000000
0.000000
0.000000
0.000000
0.000000
0.000000
0.000000
0.000000
0.000000
0.000000
0.000000
0.000000
0.000000
0.000000
0.000000
0.000000
0.000000
0.000000
0.000000
0.000000
0.000000
0.000000
0.000000
0.000000
0.000000
0.000000
0.000000
0.000000
0.000000
0.000000
0.000000
0.000000
0.000000
0.000000
0.000000
0.000000
0.000000
0.000000
0.000000
0.504368
0.750726
2.032684
2.239376
0.000000
0.000000
0.000000
0.055712
0.000000
2.121460
5.855934
1.566897
0.161725
0.318445
0.000000
0.000000
0.000000
0.000000
0.000000
0.000000
0.000000
5.230688
0.000000
0.000000
0.000000
8.210942
0.000000
26.752623
0.000000
0.000000
0.000000
6.809105
10.229492
0.000000
0.000000
1.788177
0.000000
0.000000
0.000000
4.461527
0.000000
0.000000
13.804396
0.279954
0.000000
0.000000
0.000000
0.000000
0.000000
0.000000
0.000000
10.424365
0.000000
0.000000
0.787035
0.000000
0.000000
0.000000
0.000000
0.000000
0.000000
0.000000
0.000000
0.000000
0.000000
0.000000
0.681543
0.521140
0.000000
0.000000
0.000000
0.000000
0.000000
0.000000
0.000000
0.000000
0.000000
0.000000
0.000000
0.000000
0.000000
0.000000
0.000000
0.000000
0.000000
0.000000
0.000000
0.000000
0.000000
0.000000
0.000000
0.000000
0.000000
0.000000
0.000000
0.000000
0.000000
0.000000
0.000000
0.000000
0.000000
0.000000
0.000000
0.000000
0.000000
0.000000
0.000000
0.000000
0.000000
0.000000
0.000000
0.000000
0.000000
0.000000
0.000000
0.000000
0.000000
0.000000
0.000000
0.000000
0.000000
0.000000
0.000000
0.000000
0.000000
0.000000
0.000000
0.000000
0.000000
0.000000
0.000000
0.000000
0.000000
0.000000
0.000000
0.000000
0.000000
0.000000
0.000000
0.000000
0.000000
0.000000
0.000000
0.000000
0.000000
0.000000
1.926585
0.000000
4.776477
0.000000
0.000000
0.000000
0.000000
0.000000
0.000000
0.000000
0.000000
5.678255
0.000000
0.000000
0.000000
0.000000
2.663916
0.595814
0.000000
0.000000
0.000000
1.323017
0.000000
0.000000
0.000000
0.000000
0.000000
0.000000
0.000000
0.000000
0.000000
0.000000
1.048156
0.000000
0.832558
1.170689
0.000000
0.000000
0.000000
2.282726
0.000000
0.092491
0.008570
0.000000
0.000000
0.000000
0.000000
0.000000
0.000000
1.942800
0.000000
0.000000
0.000000
2.351850
4.102878
0.000000
0.000000
0.000000
0.000000
0.000000
0.000000
0.000000
1.147918
0.000000
0.000000
0.000000
0.000000
0.000000
0.000000
0.000000
0.000000
0.000000
0.000000
0.000000
1.287003
0.000000
0.000000
0.000000
0.000000
0.000000
0.000000
0.000000
0.000000
0.000000
0.000000
0.000000
0.000000
0.000000
11.109067
3.010255
0.000000
0.000000
0.000000
0.000000
0.000000
0.000000
0.000000
0.000000
0.069793
0.000000
0.000000
0.000000
0.000000
0.000000
0.003551
0.000000
0.000000
7.335257
0.000000
0.000000
0.000000
1.073874
2.085726
0.088068
0.000000
0.000000
0.543687
0.000000
0.000000
0.000000
1.198088
1.088420
0.000000
0.000000
4.892498
3.535083
0.000000
0.000000
0.000000
0.000000
0.000000
0.000000
0.000000
0.000000
0.000000
0.000000
0.000000
0.000000
0.000000
0.000000
0.000000
0.000000
0.060801
1.181665
0.000000
0.000000
3.960495
0.000000
0.000000
1.600355
0.000000
0.000000
0.000000
0.000000
0.000000
0.000000
0.000000
0.000000
0.000000
0.000000
14.963739
2.827150
0.792352
9.252387
0.000000
3.425904
3.278194
0.000000
0.000000
0.000000
0.438410
0.000000
0.000000
0.000000
0.000000
0.000000
19.003941
0.476563
1.178192
0.050435
0.000000
1.360987
0.000000
4.981069
21.528414
0.486802
3.893984
7.341339
0.000000
0.000000
0.000000
2.775946
5.279981
3.963200
1.532514
0.000000
3.133222
1.079471
0.000000
0.000000
0.000000
0.000000
3.979598
0.000000
3.200233
0.000000
0.000000
4.832692
0.000000
5.920537
0.000000
2.344706
2.349271
0.000000
0.000037
0.000037
0.000037
0.000037
0.000037
0.000037
0.000037
0.000037
0.000037
0.000037
0.000037
0.000037
0.000037
0.000037
0.000037
0.000037
0.000037
0.000037
0.000037
0.000037
0.000037
0.000037
0.000037
0.000037
0.000037
0.000037
0.000037
0.000037
0.000037
0.000037
0.000037
0.000037
0.000037
0.000037
0.000037
0.000037
0.000037
0.000037
0.000037
0.000037
0.000037
0.000037
0.000037
0.000037
0.000037
0.000037
0.000037
0.000037
0.000037
0.000037
0.000037
0.000037
0.000037
0.000037
0.000037
0.000037
0.000037
0.000037
0.000037
0.000037
0.000037
0.000037
0.000037
0.000037
0.000037
0.000037
0.000037
0.000037
0.000037
0.000037
0.000037
0.000037
0.819321
0.000000
0.000000
0.000000
2.093380
0.000000
0.000000
0.000000
0.000000
0.000000
0.000000
0.000000
0.000000
0.000000
0.000000
0.000000
0.000000
0.000000
0.000000
0.000000
0.000000
10.424286
0.000000
0.000000
0.000000
2.254915
0.000000
0.000000
0.000000
0.000000
0.000000
0.000000
0.000000
0.000000
0.000000
11.469621
0.000000
2.722707
0.000000
0.000000
0.000000
0.000000
12.182094
0.000000
0.000000
5.504237
0.000000
0.348728
0.000000
0.687092
0.049359
1.180003
0.000000
0.000000
0.421534
0.000000
0.000000
0.000000
0.000000
0.000000
0.000000
0.000000
0.000000
0.000000
0.000000
0.000000
0.000000
0.000000
0.000000
0.000000
0.000000
0.000000
0.000000
0.000000
0.000000
1.062548
0.624407
0.000000
0.000000
0.000000
0.000000
0.000000
0.000000
0.000000
0.000000
1.447769
0.000000
0.000000
0.000000
0.000000
0.419097
0.000000
0.000000
0.028323
0.000000
0.000000
0.000000
0.000000
0.000000
0.000000
0.000000
0.000000
0.000000
0.000000
0.000000
0.000000
0.000000
0.000000
0.000000
0.000000
0.000000
0.000000
0.000000
0.000000
6.261465
0.000000
0.000000
2.095340
0.000000
0.000000
0.000000
0.000000
1.834066
0.000000
1.519751
0.000000
2.563656
8.293661
10.192871
0.000000
0.000000
0.000000
3.257221
16.182381
0.000000
13.667087
0.000000
0.000000
0.000000
0.000000
5.508178
0.000000
15.205520
0.281206
0.000000
1.128091
0.717936
0.000000
0.000000
0.000000
0.000000
0.000000
0.111251
0.000000
0.000000
0.000000
0.000000
1.356394
0.000000
0.444048
0.000000
0.000000
0.942076
0.607170
0.000000
0.000000
0.000000
0.000000
11.705180
8.916671
4.261526
8.299556
0.000000
0.000000
0.000000
10.719225
0.681005
0.000000
1.248236
3.277597
2.478543
1.577597
0.000000
1.305578
0.000000
0.000000
6.184160
0.000000
0.000000
0.000000
0.125441
0.000000
0.000000
0.000000
0.000000
1.299670
0.000000
0.000000
0.000000
0.000000
0.000000
0.000000
0.000000
0.000000
0.000000
0.000000
0.000000
0.000000
0.000000
0.000000
0.000000
0.000000
0.000000
0.000000
0.000000
0.000000
10.444054
0.045020
0.000000
0.000000
0.276818
0.000000
0.000000
0.000000
0.000000
0.000000
0.000000
0.000000
0.000000
0.000000
0.000000
0.000000
0.000000
0.000000
41.209549
0.598769
0.000000
0.608924
0.000000
0.000000
0.000000
0.000000
0.000000
0.000000
0.000000
0.000000
0.000000
0.000000
0.000000
0.000000
0.000000
0.040626
11.076791
8.929420
0.000000
0.000000
0.000000
0.000000
0.000000
2.285319
0.000000
0.000000
0.000000
0.000000
0.000000
0.000000
0.000000
1.600455
0.000000
0.000000
0.057449
0.000000
0.000000
0.000000
0.000000
0.000000
0.000000
0.000000
0.000000
0.000000
0.000000
0.000000
0.000000
0.000000
0.000000
0.000000
0.000000
0.000000
0.000968
0.000968
0.000968
0.000968
0.000968
0.000968
0.000968
0.000968
0.000968
0.000968
0.000968
0.000968
0.000968
0.000968
0.000968
0.000968
0.000968
0.000968
0.000968
0.000968
0.000968
0.000968
0.000968
0.000968
0.000968
0.000968
0.000968
0.000968
0.000968
0.000968
0.000968
0.000968
0.000968
0.000968
0.000968
0.000968
0.000968
0.000968
0.000968
0.000968
0.000968
0.000968
0.000968
0.000968
0.000968
0.000968
0.000968
0.000968
0.000968
0.000968
0.000968
0.000968
0.000968
0.000968
0.000968
0.000968
0.000968
0.000968
0.000968
0.000968
0.000968
0.000968
0.000968
0.000968
0.000968
0.000968
0.000968
0.000968
0.000968
0.000968
0.000968
0.000968
0.000000
0.000000
0.000000
0.000000
0.000000
0.000000
0.000000
0.000000
0.000000
0.000000
0.000000
0.000000
0.000000
0.000000
0.000000
0.000000
0.000000
0.000000
4.381866
0.470315
0.000000
0.000000
0.000000
0.000000
0.000000
0.000000
0.000000
0.000000
0.000000
0.000000
0.000000
0.000000
0.000000
0.000000
0.000000
0.000000
1.535725
2.095389
1.460702
0.701620
0.000000
0.000000
1.670297
0.071942
9.340750
15.495374
0.000000
19.146755
0.000000
22.417923
5.956676
4.831844
0.256090
0.221366
0.000000
0.000000
0.525339
0.553845
0.000000
0.000000
0.000000
0.000000
0.000000
0.000000
0.307381
0.000000
0.000000
0.000000
0.000000
0.000000
0.000000
0.000000
0.000000
0.714571
0.398782
0.000000
7.279674
7.953856
0.000000
0.000000
0.000000
0.000000
0.000000
5.225656
0.000000
0.276713
0.000000
1.177768
0.000000
0.000000
0.001849
1.287450
0.000000
1.873746
3.464927
1.191993
0.000000
0.000000
0.000000
6.260793
0.000000
24.870840
7.452394
2.759649
0.000000
8.297578
0.003170
0.000000
5.667409
0.335981
0.000000
16.793858
7.379731
0.656552
0.632657
0.000000
0.000000
20.813343
0.000000
17.905416
5.631762
8.169688
1.618429
6.795881
0.000000
0.332571
4.477182
0.000000
0.000000
14.901471
7.401435
0.815327
0.292627
0.000000
0.351473
0.790929
0.000000
0.186210
0.000000
1.551196
0.000000
0.000000
0.000000
0.115765
0.002434
0.002434
0.002434
0.002434
0.002434
0.002434
0.002434
0.002434
0.002434
0.002434
0.002434
0.002434
0.002434
0.002434
0.002434
0.002434
0.002434
0.002434
0.002434
0.002434
0.002434
0.002434
0.002434
0.002434
0.002434
0.002434
0.002434
0.002434
0.002434
0.002434
0.002434
0.002434
0.002434
0.002434
0.002434
0.002434
0.002434
0.002434
0.002434
0.002434
0.002434
0.002434
0.002434
0.002434
0.002434
0.002434
0.002434
0.002434
0.002434
0.002434
0.002434
0.002434
0.002434
0.002434
0.002434
0.002434
0.002434
0.002434
0.002434
0.002434
0.002434
0.002434
0.002434
0.002434
0.002434
0.002434
0.002434
0.002434
0.002434
0.002434
0.002434
0.002434
0.000000
0.000000
0.199000
0.000000
0.000000
0.000000
0.000000
0.000000
0.000000
0.000000
0.000000
0.000000
0.000000
5.622364
0.000000
0.000000
0.000000
0.000000
0.000000
0.750357
0.000000
0.000000
0.000000
0.000000
0.000000
0.000000
0.000000
0.000000
0.000000
0.000000
0.000000
0.000000
0.000000
0.000000
6.799710
7.010809
0.000000
0.611407
0.000000
0.000000
0.000000
0.000000
0.000000
0.000000
0.000000
0.000000
0.000000
0.000000
0.000000
0.000000
0.000000
0.000000
0.000000
0.000000
1.757421
1.970346
0.000000
0.000000
0.000000
0.000000
0.000000
4.635378
0.000000
3.671679
4.418734
0.000000
0.000000
0.000000
1.389030
0.313152
1.271078
9.376321
8.469748
0.000000
0.000000
0.000000
0.000000
0.000000
0.000000
0.000000
0.000000
0.000000
0.000000
0.000000
0.000000
0.000000
0.000000
0.000000
0.000000
0.000000
25.219599
0.000000
0.000000
0.000000
0.000000
0.000000
0.000000
0.105437
0.000000
0.000000
0.000000
0.000000
0.000000
0.000000
0.000000
0.000000
3.891474
0.266525
0.000000
0.000000
0.000000
0.000000
0.000000
0.000000
0.782377
0.000000
17.372219
5.135800
0.000000
3.351995
0.000000
8.521618
0.000000
0.000000
0.000000
0.000000
0.000000
0.000000
0.000000
0.000000
0.000000
0.000000
0.000000
0.000000
0.000000
0.000000
0.000000
0.000000
0.000000
0.000000
0.000000
1.296511
0.000000
0.000000
9.892798
4.011665
0.000000
0.000000
0.000000
0.000000
0.000000
0.000000
0.000000
0.000000
0.000000
0.000000
0.000000
0.000000
0.000000
0.000000
0.000000
0.000000
17.503628
0.951068
0.000000
0.000000
0.000000
0.000000
0.000000
0.000000
0.000000
2.345556
0.000000
0.000000
0.000000
0.000000
0.025941
0.000000
0.000000
0.000000
4.821070
10.499051
0.000000
0.000000
0.000000
0.000000
0.000000
0.000000
0.000000
0.000000
0.000000
0.000000
0.000000
0.000000
0.000000
4.410495
0.099418
0.000000
0.000000
0.000000
0.000000
0.000000
0.000000
0.000000
0.000000
0.000000
0.000000
0.000000
0.000000
0.000000
0.000000
0.000000
0.000000
0.000000
0.000000
0.000000
0.000000
0.000000
0.000000
0.000000
0.000000
0.000000
0.000000
0.000000
0.000000
0.000000
0.000000
0.000000
0.000000
0.000000
0.000000
0.000000
0.000000
0.000000
0.000000
0.000000
0.000000
0.000000
0.000000
0.000000
0.000000
0.000000
0.000000
0.000000
0.000000
0.000000
0.000000
0.000000
0.000000
0.000000
0.000000
0.000000
0.000000
0.000000
0.000000
0.000000
0.000000
0.000000
0.000000
0.000000
0.000000
0.000000
0.000000
0.000000
0.000000
0.000000
0.000000
0.000000
0.000000
0.000000
0.000000
0.000000
0.000000
0.000000
0.000000
0.000000
0.000000
0.000000
0.000000
0.000000
0.000000
0.000000
0.000000
0.000000
0.000000
0.000000
0.000000
0.000000
0.000000
0.634800
0.000000
0.000000
1.784363
0.000000
0.000000
0.898160
0.000000
0.000000
0.000000
1.258781
0.000000
0.000000
0.000000
0.000000
0.000000
0.000000
0.000000
0.000000
0.000000
0.000000
0.000000
0.610408
0.000000
0.000000
0.000000
2.115356
0.000000
0.000000
0.000000
0.000000
0.000000
0.000000
6.423100
0.000000
0.000000
0.000000
0.000000
0.000000
0.000000
0.000000
3.385012
10.630449
0.000000
0.000000
0.000000
0.000000
0.000000
0.000000
0.000000
0.000000
2.520943
0.000000
0.000000
0.000000
0.000000
0.079589
0.000000
0.000000
0.000000
0.000000
0.845632
0.000000
0.000000
0.000000
0.000000
0.000000
0.000000
1.853425
0.000000
0.000000
0.000000
0.000000
0.000000
0.000000
0.000000
0.000000
0.000000
0.000000
0.000000
0.000000
0.000000
0.000000
0.000000
0.000000
0.000000
0.000000
0.000000
0.000000
0.000000
0.000000
0.000000
0.000000
0.000000
0.000000
0.000000
0.000000
0.000000
0.000000
0.000000
0.000000
0.000000
0.000000
0.000000
0.000000
0.000000
0.000000
0.000000
0.000000
0.000000
0.000000
0.000000
0.000000
0.000000
0.000000
0.000000
0.000000
0.000000
0.000000
0.000000
0.000000
0.000000
0.000000
0.000000
0.000000
0.000000
0.000000
0.000000
0.000000
0.000000
0.000000
0.000000
0.000000
0.000000
0.000000
0.000000
0.000000
0.000000
0.000000
0.000000
0.000000
0.000000
0.000000
0.189643
0.000000
0.000000
0.000000
0.000000
0.000000
0.000000
0.000000
0.000000
0.000000
0.000000
0.000000
0.345321
4.759003
0.000000
0.000000
0.000000
0.000000
0.000000
2.062127
2.565072
0.000000
0.000000
0.000000
0.601638
0.000000
0.000000
0.000000
0.000000
0.000000
0.000000
0.000000
0.000000
0.000000
0.000000
0.000000
0.000000
1.053227
0.000000
0.000000
0.271209
0.000000
0.105483
1.669217
3.582171
0.000000
0.000000
0.000000
0.000000
0.000000
0.000000
2.356520
0.000000
0.000000
0.000000
2.396527
0.000000
0.000000
0.000000
0.000000
0.000000
2.419168
0.148673
0.000000
0.000000
0.000000
0.000000
0.000000
0.000000
2.812623
0.000000
0.000000
0.000000
0.000000
0.000000
0.000000
0.000000
0.000000
0.000000
0.000000
0.000000
0.000000
0.000000
0.000000
0.000000
0.000000
0.000000
0.000000
0.000000
0.000000
0.000000
0.000000
0.000000
0.000000
0.000000
0.000000
0.000000
0.000000
0.000000
0.000000
0.000000
0.000000
0.000000
0.000000
0.000000
0.000000
0.000000
0.000000
0.000000
0.000000
0.000000
0.000000
0.000000
0.000000
0.000000
0.000000
0.000000
0.000000
0.000000
0.000000
0.000000
0.000000
0.000000
0.000000
0.000000
0.000000
0.000000
0.000000
0.000000
0.000000
0.000000
0.000000
0.000000
0.000000
0.000000
0.000000
0.000000
0.000000
0.000000
0.000000
0.000000
0.000000
0.000000
0.000000
0.003018
0.003018
0.003018
0.003018
0.003018
0.003018
0.003018
0.003018
0.003018
0.003018
0.003018
0.003018
0.003018
0.003018
0.003018
0.003018
0.003018
0.003018
0.003018
0.003018
0.003018
0.003018
0.003018
0.003018
0.003018
0.003018
0.003018
0.003018
0.003018
0.003018
0.003018
0.003018
0.003018
0.003018
0.003018
0.003018
0.003018
0.003018
0.003018
0.003018
0.003018
0.003018
0.003018
0.003018
0.003018
0.003018
0.003018
0.003018
0.003018
0.003018
0.003018
0.003018
0.003018
0.003018
0.003018
0.003018
0.003018
0.003018
0.003018
0.003018
0.003018
0.003018
0.003018
0.003018
0.003018
0.003018
0.003018
0.003018
0.003018
0.003018
0.003018
0.003018
5.224690
3.893701
0.000000
0.000000
0.000000
0.000000
0.000000
0.000000
0.000000
0.000000
0.000000
0.000000
0.000000
0.104011
0.000000
0.000000
0.000000
7.673440
8.163215
0.000000
0.760822
0.000000
0.000000
0.000000
0.427472
0.000000
0.000000
0.000000
0.000000
0.000000
0.000000
0.000000
0.000000
0.000000
0.000000
20.971281
7.857061
12.718802
0.000000
0.000000
0.000000
0.796620
1.226817
0.000000
1.771126
0.000000
0.000000
0.000000
0.000000
0.000000
0.000000
0.194223
1.317280
13.961509
3.764332
0.000000
0.000000
0.000000
0.000000
0.000000
0.164593
0.000000
0.000000
0.000000
0.308144
0.000000
0.000000
0.000000
0.000000
1.163810
0.000000
13.097147
0.120365
0.000000
0.000000
0.000000
0.000000
0.000000
0.000000
0.000000
0.000000
0.000000
0.000000
0.000000
0.000000
0.751806
0.000000
0.000000
0.000000
0.000000
0.158497
0.757368
0.000000
0.338694
0.000000
0.000000
0.000000
0.000000
0.000000
0.000000
0.000000
0.000000
0.000000
0.000000
0.000000
0.000000
0.000000
0.000000
6.201963
3.682156
3.272728
0.000000
0.000000
0.000000
0.000000
0.000000
0.000000
0.000000
0.000000
0.000000
0.000000
0.000000
0.000000
0.000000
0.000000
1.694203
19.230658
6.837250
12.940472
0.000000
0.000000
0.000000
1.555343
1.443139
0.750117
0.000000
0.511681
0.000000
0.000000
0.465422
0.000000
0.000000
0.000000
0.000000
0.000000
0.000000
0.000000
0.000000
0.000000
0.000000
0.000000
0.000000
0.000000
0.000000
0.000000
0.000000
0.000000
0.000000
0.000000
0.000000
0.000000
0.000000
0.000000
0.000000
0.000000
0.000000
0.000000
0.000000
0.000000
0.000000
0.000000
0.000000
0.000000
0.000000
0.000000
0.000000
0.000000
0.000000
0.000000
0.000000
0.000000
0.000000
0.000000
0.000000
0.000000
0.000000
0.000000
0.000000
0.000000
0.000000
0.000000
0.000000
0.000000
0.000000
0.000000
0.000000
0.000000
0.000000
0.000000
0.000000
0.000000
0.000000
0.000000
0.000000
0.000000
0.000000
0.000000
0.000000
0.000000
0.000000
0.000000
0.000000
0.000000
0.000000
0.000000
0.000000
0.000000
0.000000
0.000000
0.000000
0.000000
0.000000
0.000000
0.000000
0.000000
0.000000
0.000000
0.000000
0.000000
0.000000
0.000000
0.000000
0.000000
0.000000
0.000000
0.000000
0.000000
0.000000
0.000000
0.000000
0.000000
0.000000
0.000000
0.000000
0.000000
0.000000
0.000000
0.000000
0.000000
0.000000
0.000000
0.000000
0.000000
0.000000
0.000000
0.000000
0.000000
0.000000
0.000000
0.000000
0.000000
0.000000
0.000000
0.000000
0.000000
0.000000
0.000000
0.000000
0.000000
0.000000
0.000000
0.000000
0.000000
0.000000
0.000000
0.000000
0.000000
0.000000
0.000000
0.000000
0.000000
0.000000
0.000000
0.000000
0.000000
0.000000
0.000000
0.000000
0.000000
0.000000
0.000000
0.000000
0.000000
0.000000
0.000000
0.000000
0.000000
0.000000
0.000000
0.000000
0.000000
0.000000
0.000000
0.000000
0.000000
0.000000
1.505731
0.726624
0.000000
0.000000
0.000000
0.000000
0.000000
0.667716
0.000000
0.000000
0.000000
0.000000
0.000000
0.000000
0.000000
0.000000
0.347132
0.925061
0.000000
0.000000
0.000000
0.000000
0.000000
0.000000
7.210582
0.000000
4.213461
15.045759
0.000000
0.000000
0.000000
2.281061
0.152230
0.322305
0.000000
0.000000
0.000000
0.000000
0.000000
0.000000
0.000000
0.000000
8.759160
0.000000
5.181631
4.051178
6.158285
0.000000
0.000000
1.327712
0.000000
3.180032
0.000000
0.000000
0.000000
0.000000
0.000000
0.000000
0.000000
0.000000
0.000000
0.000000
0.000000
0.000000
0.000000
0.000000
0.000000
0.000000
0.000000
0.000000
0.000000
0.000000
0.000000
0.000000
0.000000
0.000000
0.000000
0.000000
0.000000
0.000000
0.000000
0.000000
0.000000
0.000000
0.000000
0.000000
0.000000
0.000000
0.000000
0.000000
0.000000
0.000000
0.000000
0.000000
0.000000
0.000000
0.000000
0.000000
0.000000
0.000000
0.000000
0.000000
0.000000
0.000000
0.000000
0.000000
0.000000
0.000000
0.000000
0.000000
0.000000
0.000000
0.000000
0.000000
0.000000
0.000000
0.000000
0.000000
0.000000
0.000000
0.000000
0.000000
0.000000
0.000000
0.000000
0.000000
0.000000
0.000000
0.000000
0.000000
0.000000
0.000000
0.000000
0.000000
0.000000
0.000000
0.000000
0.000000
0.000000
0.000000
0.000000
0.000000
0.000000
0.000000
0.000000
0.000000
0.000000
0.000000
0.000000
0.000000
0.000000
0.000000
0.000000
0.000000
0.000000
0.000000
0.000000
0.000000
0.000000
0.000000
0.000000
0.000000
0.000000
0.000000
0.000000
0.000000
0.000000
0.000000
0.000000
0.000000
0.000000
0.000000
0.000000
0.000000
0.000000
0.000000
0.000000
0.000000
0.000000
0.000000
0.000000
0.000000
0.000000
0.000000
0.000000
0.000000
0.000000
0.000000
0.000000
0.000000
0.000000
0.000000
0.000000
0.000000
0.000000
0.000000
0.000000
0.000000
