0.000000
0.176297
0.000000
0.034790
0.048537
4.173730
5.429679
2.037501
4.655441
2.736993
1.530957
2.653603
0.729351
0.213771
1.499152
1.581245
3.553406
6.553363
0.000000
0.124893
0.000000
0.006848
0.118230
4.534567
4.053532
0.649197
3.412475
2.352792
0.962415
2.714148
0.669584
0.013734
0.852994
0.917914
2.784664
5.666663
0.000000
0.085326
0.000000
0.000000
0.105330
3.343812
2.472949
0.073084
2.345704
1.820257
0.557081
2.256558
0.857244
0.000000
0.127349
0.153315
1.073493
2.564338
0.000000
0.053346
0.000000
0.000000
0.012256
1.343283
0.780107
0.000000
1.012303
0.930636
0.236292
1.654960
0.934792
0.000000
0.000000
0.000000
0.124585
0.671342
0.000000
0.088538
0.000000
0.020237
0.000000
0.189844
0.526561
0.000000
0.088633
0.090284
0.000000
0.000000
0.000085
0.010574
0.052013
0.051844
0.011432
0.000000
0.000000
0.090922
0.000000
0.061964
0.000000
0.390032
0.517865
0.000000
0.000000
0.000000
0.000000
0.000000
0.000000
0.007369
0.007846
0.000016
0.000000
0.000000
0.000000
0.085813
0.000000
0.185022
0.027218
0.432393
0.352907
0.000000
0.000000
0.000000
0.000000
0.000000
0.000000
0.007640
0.000000
0.000000
0.000000
0.000000
0.000000
0.110314
0.000000
0.494546
0.125266
0.365065
0.116615
0.000000
0.000000
0.000000
0.000000
0.000000
0.000000
0.007819
0.000000
0.000000
0.000000
0.000000
0.000000
0.000000
0.247378
0.461637
0.489657
0.058741
0.000000
0.076248
0.132862
0.450565
0.162219
0.359721
0.162107
0.072924
0.019367
0.000000
0.173275
0.121619
0.000000
0.000000
0.268271
0.421879
0.284381
0.000000
0.000000
0.147103
0.208401
0.709280
0.314029
0.534350
0.235164
0.068670
0.000037
0.000000
0.080412
0.084419
0.000000
0.000000
0.306945
0.317839
0.078955
0.000000
0.000000
0.359672
0.300451
0.810687
0.443183
0.625631
0.351291
0.110251
0.005944
0.000000
0.057556
0.092378
0.000000
0.000000
0.341033
0.144161
0.000000
0.000000
0.000000
0.551439
0.283434
0.639071
0.357414
0.459521
0.397670
0.162209
0.070799
0.000000
0.067051
0.124650
0.015028
0.000000
0.000000
0.000000
0.000000
0.000000
0.000000
0.000000
0.000000
0.000000
0.000000
0.000000
0.000000
0.000000
0.000000
0.000000
0.000000
0.000000
0.034284
0.000000
0.000000
0.000000
0.000000
0.000000
0.000000
0.000000
0.000000
0.000000
0.000000
0.006818
0.036810
0.003532
0.000000
0.000000
0.000000
0.000092
0.033441
0.000000
0.000000
0.000000
0.000000
0.000000
0.000000
0.000106
0.000000
0.017620
0.050808
0.098329
0.125811
0.042167
0.000000
0.000000
0.000000
0.153175
0.028151
0.000000
0.000000
0.000000
0.000000
0.028492
0.040818
0.004501
0.000075
0.033692
0.161681
0.267614
0.266869
0.076068
0.010241
0.004787
0.066633
0.306241
0.000000
0.000000
0.005050
0.182012
0.000000
0.000000
0.000000
0.000000
0.089736
0.236345
0.000000
0.509936
0.413788
0.000000
0.156258
0.000000
0.000000
0.002787
0.000000
0.000000
0.044674
0.363186
0.000000
0.000000
0.000000
0.000000
0.401363
0.317003
0.000000
0.218685
0.442339
0.000000
0.356605
0.000000
0.000000
0.158409
0.000000
0.000000
0.190280
0.509648
0.001984
0.000000
0.000000
0.000000
0.510356
0.243421
0.000000
0.061759
0.518576
0.000000
0.287457
0.000000
0.000000
0.349932
0.000000
0.000000
0.628661
0.833161
0.074136
0.100049
0.000000
0.000000
0.339824
0.166227
0.000000
0.062366
0.924839
0.000000
0.181467
0.000000
0.000000
0.544608
0.128880
0.000000
0.000000
0.000000
0.000000
0.000000
0.000000
0.000000
0.000000
0.010098
0.031873
0.000000
0.000000
0.000000
0.000000
0.000000
0.000000
0.000000
0.138137
0.061686
0.000000
0.000000
0.000000
0.000000
0.000000
0.000000
0.000201
0.132185
0.562641
0.132404
0.053810
0.014509
0.000000
0.000000
0.156057
0.401826
0.125336
0.082180
0.172780
0.000000
0.000000
0.000000
0.028219
0.218060
0.158611
0.019878
0.717899
0.171297
0.191752
0.220290
0.000000
0.000000
0.440940
0.456019
0.203588
0.220223
0.493240
0.000000
0.000000
0.101577
0.161976
0.056808
0.012427
0.000000
0.459283
0.093671
0.177543
0.121196
0.000000
0.000000
0.312106
0.327651
0.000000
0.000000
0.000000
0.000000
0.000000
0.000000
0.000000
0.000000
0.000000
0.000000
0.000000
0.000000
0.000000
0.000000
0.000000
0.000000
0.000000
0.000000
0.000000
0.000000
0.000000
0.000000
0.000000
0.000000
0.000000
0.000000
0.000000
0.000000
0.000000
0.000000
0.000000
0.000000
0.000000
0.000000
0.000000
0.000000
0.000000
0.000000
0.000000
0.000000
0.000000
0.000000
0.000000
0.000000
0.000000
0.000000
0.000000
0.000000
0.000000
0.000000
0.000000
0.000000
0.000000
0.000000
0.000000
0.000000
0.000000
0.000000
0.000000
0.000000
0.000000
0.000000
0.000000
0.000000
0.000000
0.000000
0.000000
0.000000
0.000000
0.000000
0.000000
0.000000
0.000000
0.000000
0.000000
0.000000
0.000000
0.000000
0.000000
0.000000
0.000000
0.000000
0.000000
0.000000
0.000000
0.000000
0.000000
0.000000
0.000000
0.000000
0.241696
0.000000
0.000000
0.000000
0.000000
0.000000
0.000000
0.000000
0.000000
0.000000
0.000000
0.000000
0.000000
0.000000
0.000000
0.000000
0.000000
0.000000
0.428024
0.157901
0.000000
0.000000
0.000000
0.000000
0.000000
0.000000
0.000000
0.000000
0.000000
0.000000
0.000000
0.000000
0.000000
0.000000
0.000000
0.606967
0.191311
0.142341
0.000000
0.000000
0.000000
0.000000
0.084916
0.000000
0.000000
0.000000
0.000000
0.000000
0.000000
0.000000
0.000000
0.000000
0.000000
0.913322
0.000000
0.000000
0.000000
0.000000
0.000000
0.000000
0.000000
0.000000
0.000000
0.000000
0.000000
0.000000
0.000000
0.000000
0.000000
0.000000
0.000000
0.000000
0.000000
0.000000
0.000000
0.000000
0.000000
0.000000
0.000000
0.000000
0.000000
0.000000
0.000000
0.000000
0.000000
0.000000
0.000000
0.000000
0.000000
0.000000
0.000000
0.000000
0.000000
0.000000
0.000000
0.000000
0.000000
0.000000
0.000000
0.000000
0.000000
0.000000
0.000000
0.000000
0.000000
0.000000
0.000000
0.000000
0.000000
0.000000
0.000000
0.000000
0.000000
0.000000
0.000000
0.000000
0.000000
0.000000
0.000000
0.000000
0.000000
0.000000
0.000000
0.000000
0.000000
0.000000
0.000000
0.000000
0.000000
0.000000
0.000000
0.000000
0.000000
0.000000
0.000000
0.000000
0.000000
0.000000
0.000000
0.000000
0.000000
0.000000
0.000000
0.000000
0.000000
0.000000
0.000000
0.000000
0.000000
0.000000
0.000000
0.000000
0.000000
0.000000
0.000000
0.000000
0.000000
0.000000
0.000000
0.000000
0.000000
0.000000
0.000000
0.000000
0.000000
0.000000
0.000000
0.000000
0.000000
0.000000
0.000000
0.000000
0.000000
0.000000
0.000000
0.000000
0.000000
0.000000
0.000000
0.000000
0.000000
0.000000
0.000000
0.000000
0.000000
0.000000
0.000000
0.000000
0.000000
0.000000
0.000000
0.000000
0.000000
0.000000
0.000000
0.000000
0.000000
0.000000
0.000000
0.106012
0.089477
0.013804
0.112276
0.026030
0.297612
0.000000
0.012091
0.000000
0.000000
0.052537
0.079519
0.009725
0.102221
0.000000
0.000000
0.000000
0.000000
0.030437
0.036302
0.148380
0.466648
0.043670
0.314135
0.000000
0.000000
0.000000
0.000000
0.000000
0.000000
0.000813
0.175661
0.000000
0.000000
0.000000
0.000000
0.000000
0.004095
0.392359
0.854265
0.035809
0.166446
0.000000
0.000000
0.000000
0.000000
0.000000
0.000000
0.000000
0.057130
0.000000
0.000000
0.000000
0.000000
0.000000
0.000000
0.591634
1.024813
0.012727
0.047150
0.000000
0.000000
0.000000
0.000000
0.000000
0.000000
0.000000
0.005776
0.022941
0.000000
0.000000
0.000000
0.000000
0.000000
0.000000
0.000000
0.000000
0.000000
0.000000
0.000000
0.000000
0.000000
0.000000
0.000000
0.000000
0.000000
0.000000
0.000029
0.000000
0.000000
0.000000
0.000000
0.000000
0.000000
0.000000
0.000000
0.000000
0.000000
0.000000
0.000000
0.000195
0.000000
0.000000
0.000000
0.000000
0.000000
0.000000
0.000000
0.000000
0.000000
0.027873
0.000000
0.000000
0.000000
0.000000
0.000000
0.000000
0.000000
0.001189
0.000602
0.000000
0.000000
0.000000
0.000000
0.000000
0.000000
0.000000
0.000000
0.146977
0.000000
0.000000
0.000000
0.000000
0.000000
0.000000
0.000000
0.000000
0.001671
0.000000
0.000000
0.000000
0.000000
0.000000
0.000000
1.242634
1.041440
0.024956
0.000000
0.000000
0.000000
1.576133
3.256714
1.589305
0.370204
0.866715
0.021746
0.000000
0.688935
1.043367
0.770797
0.000000
0.000000
0.610456
1.626315
0.253055
0.000000
0.000000
0.000000
0.251905
0.458471
0.000000
0.000000
0.000000
0.000000
0.000000
0.087631
0.046182
0.171164
0.000000
0.000000
0.170916
1.951406
0.579675
0.000000
0.000000
0.000000
0.000000
0.000000
0.000000
0.000000
0.000000
0.000000
0.000000
0.000000
0.000000
0.000000
0.000000
0.000000
0.000000
1.006963
0.508455
0.000000
0.000000
0.000000
0.000000
0.000000
0.000000
0.000000
0.000000
0.000000
0.000000
0.000000
0.000000
0.000000
0.000000
0.000000
0.000000
0.000000
0.000000
0.000000
0.000000
0.000000
0.000000
0.000000
0.000000
0.000000
0.000000
0.000000
0.000000
0.000000
0.000000
0.000000
0.000000
0.000000
0.000000
0.000000
0.000000
0.000000
0.000000
0.000000
0.000000
0.000000
0.000000
0.000000
0.000000
0.000000
0.000000
0.000000
0.000000
0.000000
0.000000
0.000000
0.000000
0.000000
0.000000
0.000000
0.000000
0.000000
0.000000
0.000000
0.000000
0.000000
0.000000
0.000000
0.000000
0.000000
0.000000
0.000000
0.000000
0.000000
0.000000
0.000000
0.000000
0.000000
0.000000
0.000000
0.000000
0.000000
0.000000
0.000000
0.000000
0.000000
0.000000
0.000000
0.000000
0.000000
0.000000
0.000000
0.000000
0.000000
0.000663
0.000000
0.000000
0.000000
0.000000
0.000000
0.000000
0.131170
0.124932
0.000000
0.000000
0.000000
0.000000
0.000000
0.000000
0.000000
0.000000
0.000000
0.000000
0.000000
0.000000
0.000000
0.000000
0.000000
0.000000
0.316984
0.369912
0.000000
0.000000
0.000000
0.004211
0.000000
0.000000
0.000000
0.000000
0.000000
0.000000
0.000000
0.000000
0.000000
0.221082
0.461389
0.032182
0.621920
0.611200
0.000000
0.000000
0.000000
0.039035
0.000000
0.000000
0.000000
0.000000
0.000000
0.000000
0.000000
0.000000
0.000000
1.182094
1.355376
0.167998
1.144783
0.954741
0.003284
0.024029
0.000000
0.048620
0.000000
0.000000
0.000000
0.000000
0.000000
0.000000
0.000000
0.000000
0.000000
0.000000
0.000000
0.000000
0.000000
0.000000
0.000000
0.000000
0.000000
0.000000
0.000000
0.000000
0.000000
0.000000
0.000000
0.000000
0.000000
0.000000
0.000000
0.000000
0.000000
0.000000
0.000000
0.000000
0.000000
0.000000
0.000000
0.000000
0.000000
0.000000
0.000000
0.000000
0.000000
0.000000
0.000000
0.000000
0.000000
0.000000
0.000000
0.000000
0.000000
0.000000
0.000000
0.000000
0.000000
0.000000
0.000000
0.000000
0.000000
0.000000
0.000000
0.000000
0.000000
0.000000
0.000000
0.000000
0.000000
0.000000
0.000000
0.000000
0.000000
0.000000
0.000000
0.000000
0.000000
0.000000
0.000000
0.000000
0.000000
0.000000
0.000000
0.000000
0.000000
0.000000
0.000000
0.000000
0.000000
0.000000
0.000000
0.000000
0.000000
0.000000
0.000000
0.000000
0.000000
0.000000
0.000000
0.000000
0.000000
0.000000
0.000000
0.000000
0.000000
0.000000
0.000000
0.000000
0.000000
0.000000
0.000000
0.000000
0.000000
0.000000
0.000000
0.000000
0.000000
0.000000
0.000000
0.000000
0.000000
0.000000
0.000000
0.000000
0.000000
0.000000
0.000000
0.000000
0.000000
0.000000
0.000000
0.000000
0.000000
0.000000
0.000000
0.000000
0.000000
0.000000
0.000000
0.000000
0.000000
0.000000
0.000000
0.000000
0.000000
0.000000
0.000000
0.000000
0.000000
0.000000
0.000000
0.000000
0.000000
0.000000
0.000000
0.000000
0.000000
0.000000
0.000000
0.000000
0.000000
0.000000
0.000000
0.000000
0.000000
0.000000
0.000000
0.000000
0.000000
0.000000
0.000000
0.000000
0.000000
0.000000
0.000000
0.000000
0.000000
0.000000
0.000000
0.000000
0.000000
0.000000
0.000000
0.000000
0.000000
0.000000
0.000000
0.000000
0.000000
0.000000
0.000000
0.000000
0.000000
0.000000
0.000000
0.000000
0.000000
0.000000
0.000000
0.000000
0.000000
0.000000
0.000000
0.000000
0.000000
0.000000
0.000000
0.000000
0.000000
0.000000
0.000000
0.000000
0.000000
0.000000
0.000000
0.000000
0.000000
0.000000
0.000000
0.000000
0.000000
0.000000
1.058027
0.127187
0.000000
0.000000
0.000000
0.000000
0.000000
0.000000
0.000000
0.000000
0.000000
0.000000
0.000000
0.000000
0.000000
0.000000
0.000000
0.159110
0.771531
0.150914
0.000000
0.000000
0.000000
0.000000
0.000000
0.000000
0.095934
0.000407
0.000000
0.000000
0.000000
0.054910
0.177668
0.018913
0.056797
0.498107
0.452810
0.079931
0.000000
0.004644
0.000000
0.000000
0.000000
0.000000
0.131607
0.000000
0.000000
0.000000
0.000000
0.084990
0.343653
0.012260
0.039033
0.534051
0.169689
0.038787
0.000000
0.015574
0.000000
0.000000
0.000000
0.000000
0.014187
0.000000
0.000000
0.000000
0.055888
0.015290
0.325388
0.000000
0.052453
0.856881
0.000000
0.049939
0.142758
0.042477
0.005935
0.000000
0.000000
0.120738
0.100179
0.002071
0.062607
0.068949
0.119784
0.009212
0.000000
0.000000
0.000000
0.000000
0.000000
0.039126
0.131490
0.072793
0.021858
0.000000
0.000000
0.047234
0.033554
0.000000
0.000000
0.000000
0.006679
0.000000
0.000000
0.000000
0.000000
0.000000
0.000000
0.014149
0.101613
0.066062
0.010887
0.000000
0.000000
0.000000
0.000000
0.000000
0.000000
0.000000
0.000000
0.000000
0.000000
0.000000
0.000000
0.000000
0.000000
0.000000
0.035611
0.018003
0.000000
0.000000
0.000000
0.000000
0.000000
0.000000
0.000000
0.000000
0.000000
0.000000
0.000000
0.000000
0.000000
0.000000
0.000000
0.291329
0.000000
0.000000
0.108359
0.429470
0.000000
0.000000
0.000000
0.000000
0.026993
0.032698
0.000000
0.000000
0.000000
0.000000
0.000000
0.000000
0.000000
0.005027
0.000000
0.008623
0.199924
0.000000
0.000000
0.000000
0.000000
0.000000
0.000000
0.000000
0.000000
0.000000
0.000000
0.000000
0.000000
0.000000
0.000000
0.000000
0.000000
0.008454
0.105625
0.000000
0.000000
0.000000
0.000000
0.000000
0.000000
0.000000
0.000000
0.000000
0.000000
0.000000
0.000000
0.000000
0.000000
0.000000
0.000000
0.000000
0.000000
0.000000
0.000000
0.000000
0.000000
0.000000
0.000000
0.000000
0.000000
0.000000
0.000000
0.000000
0.000000
0.000000
0.000000
0.102464
0.099167
0.044748
0.000000
0.000000
0.000000
0.000000
0.000000
0.000000
0.000000
0.000000
0.000000
0.000000
0.000000
0.000000
0.000000
0.000000
0.000000
0.338167
0.515849
0.157401
0.000000
0.000000
0.000000
0.000000
0.000000
0.000000
0.000000
0.000000
0.000043
0.193589
0.470671
0.096341
0.000000
0.241596
0.000000
0.639978
0.498407
0.055424
0.000000
0.000000
0.000000
0.015959
0.000000
0.000000
0.000000
0.000000
0.003819
0.722821
1.455840
0.385538
0.340821
0.682804
0.000000
0.714400
0.080773
0.000000
0.000000
0.000000
0.000000
0.000548
0.000000
0.000000
0.000000
0.000000
0.007041
0.854447
1.648374
0.483199
0.905443
0.813078
0.000000
0.000000
0.000000
0.000000
0.000000
0.000000
0.000000
0.000000
0.000000
0.000000
0.000000
0.000000
0.000000
0.000000
0.000000
0.000000
0.000000
0.000000
0.000000
0.000000
0.000000
0.000000
0.000000
0.000000
0.000000
0.000000
0.000000
0.000000
0.000000
0.000000
0.000000
0.000000
0.000000
0.000000
0.000000
0.000000
0.000000
0.000000
0.000000
0.000000
0.000000
0.000000
0.000000
0.000000
0.000000
0.000000
0.000000
0.000000
0.000000
0.000000
0.000000
0.000000
0.000000
0.000000
0.000000
0.000000
0.000000
0.000000
0.000000
0.000000
0.000000
0.000000
0.000000
0.000000
0.000000
0.000000
0.000000
0.000000
0.000000
0.000000
0.000000
0.000000
1.982920
0.052916
0.146715
0.000000
0.000000
0.000000
0.000000
0.081796
0.000000
0.000000
0.000000
0.000000
0.000000
0.000000
0.000000
0.000000
0.000000
0.000000
1.997416
0.029431
0.138331
0.000000
0.000000
0.000000
0.000000
0.011277
0.000000
0.000000
0.000000
0.000000
0.000000
0.000000
0.000000
0.000000
0.000000
0.000000
2.021785
0.009101
0.059890
0.000000
0.000000
0.000000
0.004455
0.000000
0.000000
0.000000
0.000000
0.000000
0.000000
0.000000
0.000000
0.000000
0.000000
0.000000
1.843911
0.000000
0.001413
0.000000
0.000000
0.000000
0.000000
0.000000
0.000000
0.000000
0.000000
0.000000
0.000000
0.000000
0.000000
0.000000
0.000000
0.000000
0.000000
0.000000
0.000000
0.000000
0.000000
0.000000
0.000000
0.000000
0.000000
0.000000
0.000000
0.000000
0.000000
0.000000
0.000000
0.000000
0.000000
0.000000
0.000000
0.000000
0.000000
0.000000
0.000000
0.000000
0.000000
0.000000
0.000000
0.000000
0.926990
0.379604
0.000000
0.000000
0.000000
0.000000
0.000000
0.000000
0.000000
0.000000
0.000000
0.000000
0.000000
0.000000
0.000000
0.000000
0.000000
0.000000
1.969089
0.813545
0.000000
0.000000
0.000000
0.000000
0.050337
0.000000
0.000000
0.000000
0.000000
0.000000
0.000000
0.000000
0.000000
0.002497
0.000000
0.000000
2.267525
1.028102
0.000000
0.008401
0.000000
0.000000
0.037708
0.000000
0.000000
0.000000
0.000000
0.000000
0.000000
0.000000
0.000000
0.000000
0.000000
0.000000
0.000000
0.000000
0.000000
0.000000
0.000000
0.000000
0.000000
0.000000
0.000000
0.000000
0.000000
0.000000
0.000000
0.000000
0.000000
0.000000
0.000000
0.000000
0.000000
0.000000
0.000000
0.000000
0.000000
0.000000
0.000000
0.000000
0.000000
0.000000
0.000000
0.000000
0.000000
0.000000
0.000000
0.000000
0.000000
0.000000
0.000000
0.000000
0.000000
0.000000
0.000000
0.000000
0.000000
0.000000
0.000000
0.000000
0.000000
0.000000
0.000000
0.000000
0.000000
0.000000
0.000000
0.000000
0.000000
0.000000
0.000000
0.000000
0.000000
0.000000
0.000000
0.000000
0.000000
0.018302
0.000000
0.069849
0.000000
0.002913
0.000000
0.000000
0.814841
0.031881
0.275715
0.788534
0.163623
0.085845
0.025508
0.054693
0.100212
0.000000
0.000000
0.011659
0.000000
0.089159
0.000000
0.264585
0.000000
0.230052
1.597697
0.057084
0.052151
0.406519
0.018005
0.190396
0.608583
0.292803
0.125123
0.000000
0.000000
0.009412
0.000000
0.061699
0.000293
0.323209
0.001014
0.275827
1.502465
0.043960
0.039125
0.269078
0.002544
0.172044
0.783897
0.157808
0.058121
0.000184
0.000000
0.019850
0.000000
0.061967
0.006965
0.198679
0.019667
0.234169
0.920523
0.052570
0.222784
0.402216
0.029048
0.142477
0.597903
0.071720
0.057472
0.063160
0.000000
0.101222
0.000000
0.106963
0.148831
0.191811
0.382260
0.839807
0.843620
0.023763
0.679461
1.073504
0.002482
0.143472
0.000000
0.000000
0.000000
0.002542
0.000000
0.034159
0.000000
0.073696
0.036719
0.044194
0.158892
0.395399
0.825850
0.001881
0.320535
0.546691
0.000000
0.061351
0.000000
0.000000
0.000000
0.000000
0.000000
0.001924
0.000000
0.011404
0.000931
0.000000
0.051944
0.107742
0.631468
0.000000
0.117007
0.176052
0.000000
0.009028
0.000000
0.000000
0.000000
0.000000
0.000000
0.000000
0.000000
0.000000
0.000000
0.000000
0.003371
0.018758
0.481944
0.000000
0.071463
0.019982
0.000000
0.000000
0.000000
0.000000
0.000000
0.000000
0.000000
0.525907
0.000000
0.308393
0.003711
0.000000
0.000000
0.008711
0.003126
0.000000
0.016838
0.895615
0.006985
0.003468
0.000000
0.000000
1.325568
0.000000
0.000000
0.393737
0.000000
0.214505
0.000000
0.000000
0.000000
0.000000
0.000000
0.000000
0.000000
0.695732
0.001349
0.001520
0.000000
0.000000
0.549852
0.000000
0.000000
0.264803
0.000000
0.120755
0.000000
0.000000
0.000000
0.000000
0.000000
0.000000
0.000000
0.455237
0.000000
0.001569
0.000000
0.000000
0.230529
0.000000
0.000000
0.209982
0.000000
0.029213
0.000000
0.000000
0.000000
0.000000
0.000000
0.000000
0.000000
0.126225
0.000000
0.000020
0.000000
0.000000
0.119425
0.000000
0.000000
0.000000
0.000000
0.000000
0.000000
0.000000
0.000000
0.000000
0.000000
0.000000
0.000000
0.000000
0.000000
0.000000
0.000000
0.000000
0.000000
0.000000
0.000000
0.000000
0.000000
0.000000
0.000000
0.000000
0.000000
0.000000
0.000000
0.000000
0.000000
0.000000
0.000000
0.000000
0.000000
0.000000
0.000000
0.000000
0.000000
0.000000
0.000000
0.000000
0.000000
0.000000
0.000000
0.000000
0.000000
0.000000
0.000000
0.000000
0.000000
0.000000
0.000000
0.000000
0.000000
0.000000
0.000000
0.000000
0.000000
0.000000
0.000000
0.000000
0.000000
0.000000
0.000000
0.000000
0.000000
0.000000
0.000000
0.000000
0.000000
0.000000
0.000000
0.000000
0.000000
0.118891
0.143679
0.035616
0.030755
1.261536
0.454322
0.000000
0.000000
0.000000
0.000000
0.161035
0.864310
0.122324
0.000000
0.000000
0.730891
0.856470
0.000000
0.103531
0.056437
0.061116
0.295254
2.528229
0.761265
0.000000
0.000000
0.000231
0.000000
0.398464
1.185976
0.192728
0.000000
0.000000
0.961256
1.402276
0.000000
0.106850
0.000000
0.083792
0.760719
3.523907
0.802580
0.000000
0.000000
0.038940
0.000000
0.584162
1.608074
0.123313
0.000000
0.000000
0.743043
1.546669
0.000000
0.124664
0.000000
0.139190
1.238775
4.069488
0.769066
0.000000
0.000000
0.267678
0.000000
0.946213
2.406779
0.053563
0.000000
0.000000
0.497088
1.507466
0.000000
0.204802
0.000000
0.000000
0.000000
0.000000
0.000000
0.000000
0.000000
0.039836
0.000000
0.000000
0.000001
0.000000
0.033235
0.299469
0.000000
0.000000
0.000000
0.000000
0.000000
0.000000
0.000000
0.000000
0.000000
0.180266
0.045615
1.876319
0.010579
0.000000
0.017519
0.094763
2.013482
2.939729
0.000000
0.000000
0.000000
0.000000
0.000000
0.000000
0.000000
0.071231
1.926718
3.153635
1.050686
1.669548
0.000554
0.000000
0.000000
0.664467
3.019713
1.914409
0.000000
0.000000
0.000000
0.000000
0.000000
0.000000
0.000000
0.000000
1.436672
1.657992
0.976189
0.775851
0.000000
0.000000
0.000000
0.149854
1.438625
0.192377
0.000000
0.000000
0.074062
0.160110
0.000000
0.000000
0.000000
0.000000
0.000000
0.000000
0.000000
0.005242
1.710908
0.754824
0.703713
0.063968
0.000000
0.000000
0.002910
0.073955
0.007534
0.098746
0.000000
0.000000
0.000000
0.000000
0.000000
0.000000
0.000000
0.006257
2.253612
0.873306
0.855016
0.068416
0.000000
0.000000
0.003670
0.052747
0.000000
0.045022
0.000000
0.000000
0.000000
0.000000
0.000000
0.000000
0.000000
0.017996
2.233370
0.773384
0.759654
0.079353
0.040278
0.057997
0.006484
0.050269
0.000000
0.024346
0.000000
0.000000
0.000000
0.000000
0.000000
0.000000
0.000000
0.043883
1.738290
0.570221
0.517435
0.081806
0.148581
0.252275
0.002883
0.043916
0.000000
0.000000
0.000000
0.000000
0.000000
0.000000
0.000000
0.000000
0.000000
0.000000
0.000000
0.000425
0.000000
0.000000
0.000000
0.000000
0.000000
0.022312
0.000000
0.000407
0.000000
0.000000
0.000000
0.000000
0.000000
0.000000
0.000000
0.000000
0.000000
0.879032
0.000021
0.000000
0.000000
0.000000
0.000000
0.000000
0.000000
0.403306
0.000000
0.000000
0.000000
0.000000
0.000000
0.000000
0.000000
0.000000
0.002492
1.412955
0.141968
0.000000
0.000000
0.000000
0.000000
0.000000
0.001240
2.122543
0.000000
0.000000
0.000000
0.000000
0.000000
0.000000
0.000000
0.000000
0.010085
1.249342
0.207160
0.000000
0.000000
0.000000
0.000000
0.000000
0.000000
0.000000
0.000000
0.000000
0.000000
0.000000
0.000000
0.000000
0.000000
0.000000
0.000000
0.000000
0.000000
0.000000
0.000000
0.000000
0.000000
0.000000
0.000000
0.000000
0.000000
0.000000
0.000000
0.000000
0.000000
0.000000
0.000000
0.000000
0.000000
0.000000
0.000000
0.000000
0.000000
0.000000
0.000000
0.000000
0.000000
0.000000
0.000000
0.000000
0.000000
0.000000
0.000000
0.000000
0.000000
0.000000
0.000000
0.000000
0.000000
0.000000
0.000000
0.000000
0.000000
0.000000
0.000000
0.000000
0.000000
0.000000
0.000000
0.000000
0.000000
0.000000
0.000000
0.000000
0.000000
0.000000
0.000000
0.000000
0.000000
0.000000
0.000000
0.000000
0.000000
0.000000
0.000000
0.000000
0.000000
0.000000
0.000000
0.000000
0.000000
0.000000
0.023697
0.000000
0.000000
0.000000
0.000000
0.000000
0.000000
0.000000
0.000000
0.000000
0.000000
0.000000
0.000000
0.000000
0.000000
0.000000
0.000000
0.000000
0.429483
0.000000
0.000000
0.000363
0.000000
0.000000
0.000000
0.000000
0.000000
0.007526
0.070198
0.000000
0.000000
0.000000
0.031457
0.000259
0.000000
0.000000
0.691807
0.000000
0.000000
0.224595
0.000000
0.000000
0.000000
0.000000
0.025107
0.364356
0.173372
0.000000
0.004332
0.000000
0.400803
0.002800
0.000000
0.000000
0.630985
0.000000
0.000000
0.160015
0.000000
0.000000
0.000380
0.000000
0.000000
0.000000
0.002391
0.000000
0.000000
0.000000
0.000000
0.000000
0.000000
0.000000
0.000000
0.000000
0.000000
0.000000
0.000000
0.000000
0.000000
0.000000
0.000000
0.000000
0.028352
0.000000
0.000000
0.000000
0.000000
0.000000
0.000000
0.000000
0.000000
0.000000
0.000000
0.000000
0.000000
0.000000
0.000000
0.000000
0.000000
0.000000
0.023795
0.000000
0.000000
0.000000
0.000000
0.000000
0.000000
0.000000
0.000000
0.000000
0.000000
0.000000
0.000000
0.000000
0.000000
0.000000
0.000000
0.000000
0.020592
0.054044
0.000000
0.000000
0.000000
0.000000
0.000000
0.000000
0.000000
0.000000
0.000000
0.000000
0.000000
0.000000
0.000000
0.000000
0.000000
1.231600
0.738803
0.688555
0.000000
0.000000
0.000000
0.000000
0.000000
0.000000
0.000000
0.000000
0.248323
0.000000
0.000000
0.000000
0.000000
0.000000
0.000000
0.703021
0.370993
1.223329
0.000000
0.000000
0.020385
0.000000
0.000000
0.000000
0.000000
0.000000
0.188824
0.000000
0.000000
0.000000
0.000000
0.000000
0.000000
0.259083
0.062908
0.879769
0.000000
0.000000
0.200595
0.000000
0.000000
0.000000
0.000000
0.000000
0.155331
0.000000
0.049911
0.025117
0.000000
0.000000
0.000000
0.035700
0.000000
0.239502
0.000144
0.000000
0.441068
0.000000
0.000000
0.000000
0.000000
0.000000
0.137953
0.058115
0.851523
0.488981
0.048083
0.110180
0.000000
0.000000
0.000000
0.000000
0.000000
0.000000
0.000000
0.000000
0.000000
0.000000
0.000000
0.000000
0.000000
0.000000
0.000000
0.000000
0.000000
0.000000
0.000000
0.000000
0.000000
0.000000
0.000000
0.000000
0.000000
0.000000
0.000000
0.000000
0.000000
0.000000
0.000000
0.000000
0.000000
0.000000
0.000000
0.000000
0.000000
0.000000
0.000000
0.000000
0.000000
0.000000
0.000000
0.000000
0.000000
0.000000
0.000000
0.000000
0.000000
0.000000
0.000000
0.000000
0.000000
0.000000
0.000000
0.000000
0.000000
0.000000
0.000000
0.000000
0.000000
0.000000
0.000000
0.000000
0.000000
0.000000
0.000000
0.000000
0.000000
0.000000
0.000000
0.000000
0.000000
0.263538
0.000000
0.000000
0.000000
0.000000
0.000000
0.000000
0.000000
0.000000
0.000000
0.000000
0.000000
0.000000
0.000000
0.000000
0.000000
0.000000
0.000000
0.173873
0.000000
0.000000
0.000000
0.000000
0.147629
0.000000
0.000000
0.000000
0.000000
0.000000
0.005675
0.000000
0.000000
0.000000
0.000000
0.019910
0.000000
0.240038
0.000000
0.000000
0.000000
0.039846
1.447062
0.356171
0.018776
0.000000
0.000000
0.000000
0.029789
0.022401
0.000000
0.020177
0.035195
0.171132
0.000000
0.396349
0.000000
0.000000
0.000000
0.083277
1.770984
0.503870
0.016591
0.000000
0.000000
0.000000
0.006079
0.000000
0.000000
0.080904
0.103176
0.135199
0.000000
0.000000
0.000000
0.000000
0.000000
0.000000
0.000000
0.000000
0.000000
0.000000
0.000000
0.000000
0.000000
0.000000
0.000000
0.000000
0.000000
0.000000
0.000000
0.000000
0.000000
0.000000
0.000000
0.000000
0.000000
0.000000
0.000000
0.000000
0.000000
0.000000
0.000000
0.000000
0.000000
0.000000
0.000000
0.000000
0.000000
0.000000
0.000000
0.000000
0.000000
0.000000
0.000000
0.000000
0.000000
0.000000
0.000000
0.000000
0.000000
0.000000
0.000000
0.000000
0.000000
0.000000
0.000000
0.000000
0.000000
0.000000
0.000000
0.000000
0.000000
0.000000
0.000000
0.000000
0.000000
0.000000
0.000000
0.000000
0.000000
0.000000
0.000000
0.000000
0.000000
32.681332
0.000000
0.000000
0.000000
0.000000
0.000000
2.309969
7.290777
0.000000
3.156673
0.391737
0.000000
0.000000
0.000000
0.000000
0.064132
0.000000
0.000000
33.831181
0.000000
0.000000
0.000000
0.000000
0.000000
1.461703
4.966824
0.000000
1.306805
0.000000
0.000000
0.000000
0.000000
0.000000
0.000060
0.000000
0.000000
37.836502
0.000000
0.000000
0.000000
0.000000
0.000000
1.004658
2.184535
0.000000
0.358168
0.000000
0.000000
0.000000
0.000000
0.000000
0.000000
0.000000
0.000000
45.102940
0.000000
0.000000
0.000000
0.000000
0.000000
0.600214
0.586660
0.000000
0.275819
0.000000
0.000000
0.000000
0.000000
0.000000
0.000000
0.000000
0.000000
0.014729
0.065151
0.727246
0.277839
1.776598
0.735769
0.186010
0.832042
0.085594
0.000000
0.000000
0.521677
0.510998
0.441852
0.216360
0.000000
0.169196
0.000000
0.000000
0.081804
1.211341
0.265844
1.764299
1.045300
0.147933
0.421467
0.000000
0.000000
0.000000
0.121017
0.502141
0.902173
0.267753
0.000000
0.021699
0.000000
0.000000
0.022094
1.295612
0.240368
1.032178
1.311916
0.042031
0.074205
0.000000
0.000000
0.000000
0.000213
0.317996
1.352703
0.273946
0.000000
0.010033
0.000000
0.000000
0.000000
0.672563
0.100469
0.283902
1.021731
0.000000
0.000000
0.000000
0.000000
0.000000
0.000000
0.081913
1.098704
0.224261
0.000000
0.076272
0.000000
0.110236
0.000000
0.000000
0.000000
0.000000
0.000000
0.000000
0.271097
0.000000
0.186468
0.000000
0.000000
0.000000
0.000000
0.000000
0.000000
0.000000
0.000000
0.102521
0.000000
0.000000
0.000000
0.000000
0.000000
0.024619
0.237148
0.000000
0.098323
0.000000
0.000000
0.000000
0.000000
0.000000
0.000000
0.000000
0.000000
0.117713
0.000000
0.000000
0.000000
0.000000
0.000000
0.204078
0.182307
0.000000
0.062841
0.000000
0.000000
0.000000
0.000000
0.000000
0.000000
0.000000
0.000000
0.130507
0.000000
0.000000
0.000000
0.000000
0.000000
0.555369
0.219125
0.000000
0.038945
0.000000
0.000000
0.000000
0.000000
0.000000
0.000023
0.000000
0.000000
0.000000
0.000000
0.000000
0.000000
0.000000
0.000000
0.000000
0.000000
0.000000
0.000000
0.000000
0.000000
0.000000
0.000000
0.000000
0.000000
0.000000
0.000000
0.000000
0.000000
0.000000
0.000000
0.000000
0.000000
0.000000
0.000000
0.000000
0.000000
0.000000
0.000000
0.000000
0.000000
0.000000
0.000000
0.000000
0.000000
0.000000
0.000000
0.000000
0.000000
0.000000
0.000000
0.000000
0.541019
0.047370
0.000000
0.000000
0.000000
0.046300
0.090394
0.004713
0.000000
0.000000
0.000000
0.000000
0.000000
0.000000
0.000000
0.000000
0.000000
0.085740
1.978754
0.005143
0.381170
0.000000
0.000000
0.125810
0.125916
0.000000
0.000000
0.000000
0.000000
0.037452
0.000000
0.432097
0.000000
0.116273
0.000000
0.014509
0.228928
0.075833
0.554577
0.025315
0.051858
0.013176
0.000918
0.000000
0.350442
0.029249
0.000000
0.042268
0.000000
0.432435
0.000000
0.097759
0.000000
0.117928
0.317068
0.150719
0.666525
0.046226
0.017725
0.029450
0.023691
0.000000
0.480333
0.045413
0.000000
0.070121
0.000000
0.388360
0.000000
0.106421
0.000000
0.387318
0.440567
0.152190
0.673114
0.088340
0.004327
0.091033
0.073447
0.000000
0.608646
0.073574
0.000000
0.072451
0.000000
0.294174
0.000000
0.113116
0.000000
0.772412
0.557688
0.121159
0.524709
0.094044
0.000000
0.171166
0.119379
0.000000
0.571894
0.092564
0.000000
0.000000
0.000000
0.300220
0.603665
1.372906
1.769616
0.000000
0.000000
0.220870
0.080205
0.000000
0.000000
0.000000
0.000000
0.037807
0.883402
0.795571
0.000000
0.000000
0.000000
0.025920
0.297430
1.212074
0.791958
0.000000
0.000000
0.018926
0.003645
0.000000
0.000000
0.000000
0.000000
0.000000
0.758377
0.624869
0.000000
0.000000
0.000000
0.000000
0.123953
0.849299
0.109758
0.000000
0.000000
0.000000
0.000000
0.000000
0.000000
0.000000
0.000000
0.000000
0.217962
0.204491
0.000000
0.000000
0.000000
0.000000
0.063598
0.454360
0.000000
0.000000
0.000000
0.000000
0.000000
0.000000
0.000000
0.000000
0.000000
0.000000
0.000000
0.026564
0.000000
0.000000
0.000000
0.000000
0.000000
0.000000
0.000000
0.000000
0.000000
0.000000
0.000000
0.000000
0.000000
0.000000
0.000000
0.000000
0.000000
0.000000
0.000000
0.000000
0.000000
0.000000
0.000000
0.000000
0.000000
0.000000
0.000000
0.000000
0.000000
0.000000
0.000000
0.000000
0.000000
0.000000
0.000000
0.000000
0.000000
0.000000
0.000000
0.000000
0.000000
0.000000
0.000000
0.000000
0.000000
0.000000
0.000000
0.000000
0.000000
0.000000
0.000000
0.000000
0.000000
0.000000
0.000000
0.000000
0.000000
0.000000
0.000000
0.000000
0.000000
0.000000
0.000000
0.000000
0.000000
0.000000
0.000000
0.000000
0.000000
0.000000
0.000000
0.000000
0.241997
1.233348
0.000000
0.000000
0.000000
0.000000
0.000000
0.000000
0.000000
0.000000
0.000000
0.000000
0.000000
0.000000
0.000000
0.000000
0.000000
0.000000
0.920244
4.299784
0.000000
0.000000
0.000000
0.000000
0.000000
0.000000
0.000000
0.000000
0.000000
0.000000
0.000000
0.000000
0.000000
0.000000
0.000000
0.000000
0.597619
3.460038
0.000000
0.000000
0.000000
0.000000
0.000000
0.000000
0.000000
0.000000
0.080805
0.063361
0.000000
0.000000
0.000000
0.003975
0.000000
0.000000
0.110866
0.669364
0.000000
0.000000
0.000000
0.000000
0.000000
1.248885
0.276414
0.000000
0.012534
0.000000
0.000000
0.000000
0.000000
0.420725
0.000000
0.000000
1.572646
0.000000
0.000000
0.000000
0.001754
0.510944
0.934659
0.990387
0.000000
0.000000
0.000000
0.000000
0.000000
0.000000
0.002954
0.000000
0.000000
0.015529
1.125489
0.000000
0.000000
0.000000
0.003888
0.702709
1.519811
0.730120
0.000000
0.000000
0.000000
0.000000
0.000000
0.000000
0.000000
0.000176
0.000000
0.000000
0.841614
0.000000
0.000000
0.000000
0.018343
0.831367
1.514212
0.140639
0.000000
0.000000
0.000000
0.000000
0.000000
0.000000
0.000000
0.000000
0.000000
0.000000
0.604621
0.000000
0.000000
0.000000
0.055295
0.890996
0.754065
0.000000
0.000000
0.000000
0.000000
0.000000
0.000000
0.000000
0.000000
0.000000
0.000000
0.000000
0.036229
0.268685
0.000000
0.000000
0.000000
0.000000
0.083194
0.591790
0.388091
0.686594
0.292170
0.013535
0.002301
0.152912
0.000153
1.154063
0.000000
0.000000
0.002589
0.002516
0.000000
0.000000
0.000000
0.000000
0.657905
0.944490
0.446065
0.514101
0.267056
0.021224
0.013316
0.641140
0.022042
0.689860
0.000000
0.000000
0.013905
0.000000
0.000000
0.000000
0.000000
0.000000
1.422565
0.944430
0.250242
0.207441
0.124355
0.001061
0.000967
0.580599
0.013109
0.229937
0.000000
0.000000
0.001330
0.000000
0.000000
0.000000
0.000000
0.000000
0.727760
0.195306
0.000000
0.021813
0.000000
0.000000
0.000000
0.041356
0.000000
0.059017
0.000000
0.000000
0.000000
0.000000
0.000000
0.000000
0.000000
0.000000
0.000000
0.000000
0.000000
0.173834
0.339207
1.470236
1.137923
0.000000
0.000000
0.000000
0.018555
0.000000
0.112234
0.000000
0.000000
0.000000
0.000000
0.000000
0.000000
0.000000
0.426041
1.399088
3.477832
5.086298
2.344838
0.262023
0.000000
0.000000
0.077763
0.108944
0.660658
0.224991
0.049906
0.000000
0.000000
0.000000
0.000000
1.139692
2.746433
1.450126
5.328232
5.741185
1.947753
0.714179
0.082195
0.000014
0.183242
0.261083
1.286503
0.908917
0.534649
0.000000
0.000000
0.000000
0.000000
2.521705
2.990025
0.417833
3.833426
3.228747
0.536320
0.433021
0.440186
0.013729
0.083263
0.411475
0.000000
0.869587
0.000000
0.032873
0.000000
0.216419
0.071375
0.000000
0.000000
0.000000
0.735212
0.221846
0.145643
0.010103
0.000000
0.000000
0.047368
0.000000
0.000000
0.122712
0.000000
0.128039
0.000000
0.153233
0.080763
0.000000
0.000000
0.000000
0.307721
0.040585
0.000000
0.022366
0.000000
0.000000
0.053089
0.005304
0.000000
0.000000
0.000000
0.035707
0.000000
0.009126
0.000018
0.000000
0.000000
0.000000
0.143848
0.013752
0.000000
0.002292
0.000000
0.000000
0.000380
0.002975
0.000000
0.000000
0.000000
0.000000
0.000000
0.000000
0.000000
0.000000
0.000000
0.000000
0.018016
0.001362
0.000000
0.000000
0.000291
0.005287
0.000000
0.008241
0.499083
0.000000
0.000000
0.000000
0.000000
0.000000
0.000000
0.000000
0.000000
0.000000
0.040234
0.010174
0.018332
0.013260
0.690157
0.007573
0.097407
0.000000
0.685875
0.256899
0.014470
0.000000
0.000000
0.000000
0.000000
0.000000
0.255755
0.018465
0.155938
0.133987
0.212642
0.358176
0.996812
0.009938
0.651312
0.226357
0.759262
0.621819
0.007962
0.000000
0.000000
0.000296
0.000000
0.000000
1.080887
0.081977
0.282026
0.178221
0.220718
0.360760
0.447249
0.000000
0.684582
0.818677
0.655859
0.715382
0.000000
0.000000
0.025580
0.709702
0.190241
0.000000
1.209653
0.316044
0.487010
0.386409
0.262949
0.044324
0.005272
0.000000
0.710387
1.498946
0.000000
0.000000
0.000000
0.000000
0.002749
0.000000
0.000000
0.002475
0.000000
0.000000
0.078455
0.000000
0.000000
0.000968
0.013247
0.000000
0.000000
0.000000
0.000000
0.000000
0.000000
0.000000
0.000055
0.000000
0.000000
0.000000
0.000000
0.000000
0.074101
0.000025
0.000000
0.000000
0.000408
0.000000
0.000000
0.000000
0.000000
0.000000
0.000000
0.000000
0.000000
0.000000
0.000000
0.000000
0.000000
0.000000
0.018042
0.001839
0.000000
0.000000
0.000012
0.000000
0.000000
0.000000
0.000000
0.000000
0.000000
0.000000
0.000000
0.000000
0.000000
0.000000
0.000000
0.000000
0.000000
0.000000
0.000000
0.000000
0.002112
0.000000
0.000000
0.000000
0.000000
0.000000
0.084935
0.682814
0.112989
0.000000
0.000000
0.000000
0.000000
0.000000
0.939525
0.649087
0.493828
0.683027
1.418359
0.488522
2.149018
0.180050
0.000000
0.000000
0.047442
0.719972
0.036363
0.000000
0.000000
0.000000
0.000000
0.000000
0.782432
0.768747
0.433297
1.010442
1.039955
0.455600
2.966677
0.253913
0.000000
0.000000
0.008328
0.508130
0.000000
0.000000
0.000000
0.000000
0.030086
0.000897
0.679971
0.867849
0.355657
1.076510
0.778477
0.404588
2.988916
0.325907
0.000000
0.000000
0.000000
0.345488
0.000000
0.000000
0.039819
0.000000
0.113454
0.128378
0.799581
1.093442
0.318672
0.958914
0.676107
0.507274
2.520869
0.451128
0.000000
0.000000
0.000000
0.000000
0.000000
0.000000
0.000000
0.000000
0.000000
0.000000
0.000000
0.000000
0.000000
0.000000
0.000000
0.000000
0.000000
0.000000
0.000000
0.000000
0.000000
0.000000
0.000000
0.000000
0.000000
0.000000
0.000000
0.000000
0.000000
0.000000
0.000000
0.000000
0.000000
0.000000
0.000000
0.000000
0.000000
0.000000
0.000000
0.000000
0.000000
0.000000
0.000000
0.000000
0.000000
0.000000
0.000000
0.000000
0.000000
0.000000
0.000000
0.000000
0.000000
0.000000
0.000000
0.000000
0.000000
0.000000
0.000000
0.000000
0.000000
0.000000
0.000000
0.000000
0.000000
0.000000
0.000000
0.000000
0.000000
0.000000
0.000000
0.000000
0.606458
2.535594
0.000000
0.000000
0.000000
0.000000
0.000000
0.000000
0.000000
0.000000
0.000000
0.000000
0.000000
0.000000
0.000000
0.000000
0.000000
0.000000
0.478482
2.894095
0.000000
0.000000
0.000000
0.000000
0.003634
0.000000
0.000000
0.000000
0.000000
0.000000
0.000000
0.000000
0.000000
0.000000
0.000000
0.000000
0.130377
0.885058
0.019981
0.000000
0.000000
0.000000
0.184828
0.000000
0.000000
0.000000
0.000000
0.000000
0.000000
0.000000
0.000000
0.000000
0.000000
0.000000
0.000000
0.000000
0.000000
0.000000
0.000000
0.000000
0.089396
0.000000
0.000000
0.000000
0.000000
0.000000
0.000000
0.000000
0.000000
0.000000
0.000000
0.000000
0.000000
0.000000
0.000000
0.000000
0.000000
0.000000
0.000000
0.000000
0.000000
0.000000
0.000000
0.000000
0.000000
0.000000
0.000000
0.000000
0.000000
0.000000
0.000000
0.000000
0.000000
0.000000
0.000000
0.000000
0.000000
0.000000
0.000000
0.000000
0.000000
0.000000
0.000000
0.000000
0.000000
0.000000
0.000000
0.000000
0.000000
0.000000
0.000000
0.000000
0.000000
0.000000
0.000000
0.000000
0.000000
0.000000
0.000000
0.000000
0.000000
0.000000
0.000000
0.000000
0.000000
0.000000
0.000000
0.000000
0.000000
0.000000
0.000000
0.000000
0.000000
0.000000
0.000000
0.000000
0.000000
0.000000
0.000000
0.000000
0.000000
0.000000
0.000000
0.000000
0.000000
0.000000
0.000000
0.000000
0.000000
0.000000
0.000000
0.000000
0.000000
0.000000
0.000000
0.000000
0.000000
0.000000
0.000000
0.000000
0.000000
0.000000
0.000000
0.000000
0.000000
0.000000
0.000000
0.000000
0.000000
0.000000
0.000000
0.000000
0.000000
0.000000
0.000000
0.000000
0.000000
0.000000
0.000000
0.000000
0.000000
0.000000
0.000000
0.000000
0.000000
0.000000
0.000000
0.000000
0.000000
0.000000
0.000000
0.000000
0.000000
0.000000
0.000000
0.000000
0.000000
0.000000
0.000000
0.000000
0.000000
0.000000
0.000000
0.000000
0.000000
0.000000
0.000000
0.000000
0.000000
0.000000
0.000000
0.000000
0.000000
0.000000
0.000000
0.000000
0.000000
0.000000
0.000000
0.000000
0.000000
0.000000
0.000000
0.000000
0.000000
0.000000
0.000000
0.000000
0.000000
0.000000
0.000000
0.000000
0.000000
0.000000
0.000000
0.000000
0.000000
0.000000
0.000000
0.000000
0.000000
0.000000
0.000000
0.000000
0.000000
0.000000
0.000000
0.000000
0.000000
0.000000
0.000000
0.000000
0.000000
0.000000
0.000000
0.000000
0.000000
0.000000
0.000000
0.000000
0.000000
0.000000
0.000000
0.000000
0.000000
0.000000
0.000000
0.000000
0.000000
0.000000
0.000000
0.000000
0.000000
0.000000
0.000000
0.000000
0.000000
0.000000
0.000000
0.000000
0.000000
0.000000
0.000000
0.000000
0.000000
0.000000
0.000000
0.000000
0.009904
2.925741
0.000000
0.105770
0.128439
0.015024
0.000000
0.014087
0.067037
0.000541
0.066319
0.005946
0.000000
0.000000
0.016879
0.142731
0.157360
0.000000
0.014755
2.754872
0.000000
0.061256
0.070599
0.000000
0.000000
0.000000
0.043394
0.017283
0.180366
0.007000
0.000000
0.000000
0.004616
0.110376
0.148921
0.000000
0.038525
2.706353
0.000000
0.016479
0.021258
0.000000
0.000000
0.000000
0.091947
0.053287
0.272766
0.012374
0.000000
0.000000
0.008840
0.091219
0.160772
0.000000
0.031501
2.643253
0.000000
0.000000
0.003714
0.000000
0.000000
0.000977
0.160334
0.057060
0.331531
0.023118
0.000000
0.000000
0.002606
0.051431
0.101301
0.000000
0.000000
0.002190
0.008228
0.031618
0.016046
0.000000
0.000000
0.000000
0.000000
0.022412
1.158469
0.579207
0.000000
0.133371
0.000000
0.247719
0.000061
0.000000
0.000000
0.003389
0.004760
0.023026
0.013484
0.000000
0.000000
0.000000
0.000000
0.018605
0.966353
0.527549
0.004046
0.053624
0.000000
0.189160
0.000000
0.000000
0.000000
0.000219
0.000000
0.001777
0.000794
0.000000
0.000000
0.000000
0.000000
0.040997
0.730336
0.332994
0.000039
0.010694
0.000000
0.234634
0.000000
0.000000
0.000000
0.000000
0.000000
0.000000
0.000000
0.000000
0.000000
0.000000
0.000000
0.043761
0.524199
0.116742
0.000000
0.000000
0.000000
0.202724
0.000000
0.000000
0.000000
0.862086
0.000000
0.011665
0.589634
4.658623
3.166177
2.114533
1.710874
1.821914
6.977807
4.373662
0.819142
0.903320
0.173502
0.113386
4.186540
1.864337
0.000000
0.847637
0.000000
0.150038
0.609266
3.735018
1.259145
0.970738
0.488778
0.424938
3.989285
2.026772
0.117541
0.331119
0.000000
0.000000
1.901144
0.242505
0.000000
0.430901
0.000000
0.184698
0.210317
1.243257
0.034538
0.087595
0.035420
0.022581
2.196249
0.883852
0.000600
0.011220
0.000000
0.000000
0.203738
0.000000
0.000000
0.004564
0.000000
0.027124
0.000000
0.000000
0.000000
0.000000
0.000000
0.000000
0.867002
0.110079
0.000000
0.000000
0.000000
0.000000
0.000435
0.000000
0.000000
0.000000
0.000000
0.000000
0.000000
0.007409
0.317547
0.108873
0.607752
0.000000
0.000000
0.000000
0.000000
0.044726
0.000000
0.000000
0.000000
0.020534
0.000000
0.000000
0.000000
0.000000
0.000000
0.000000
0.028000
0.000000
0.349939
0.046692
0.000000
0.000000
0.000000
0.000000
0.000000
0.000000
0.000000
0.026489
0.000000
0.095504
0.075670
0.000000
0.000000
0.000000
0.000040
0.000000
0.091352
0.063562
0.000000
0.000000
0.000000
0.000000
0.000000
0.000000
0.000000
0.000000
0.000000
0.033882
0.791737
0.001551
0.000000
0.000000
0.006888
0.000000
0.000000
0.000126
0.000000
0.000000
0.000000
0.000000
0.000000
0.000000
0.000000
0.000000
0.000000
0.000000
0.000000
0.000000
0.000000
0.000000
0.000000
0.000000
0.000000
0.000000
0.000000
0.000000
0.000000
0.000000
0.000000
0.000000
0.000000
0.000000
0.000000
0.000000
0.000000
0.000000
0.000000
0.000000
0.000000
0.000000
0.000000
0.000000
0.000000
0.000000
0.000000
0.000000
0.000000
0.000000
0.000000
0.000000
0.000000
0.000000
0.000000
0.000000
0.000000
0.000000
0.000000
0.000000
0.000000
0.000000
0.000000
0.000000
0.000000
0.000000
0.000000
0.000000
0.000000
0.000000
0.000000
0.000000
0.000000
0.000000
0.000000
0.000000
0.000000
0.000000
0.000000
0.000000
0.000000
0.000000
0.000000
0.000000
0.000000
0.000000
0.000000
0.000000
0.000000
0.000000
0.000000
0.000000
0.000000
0.000000
0.000000
0.000000
0.000000
0.000000
0.000000
0.000000
0.000000
0.000000
0.000000
0.000000
0.000000
0.000000
0.000000
0.000000
0.000000
0.000000
0.000000
0.000000
0.000000
0.000000
0.000000
0.000000
0.000000
0.000000
0.000000
0.000000
0.000000
0.000000
0.000000
0.000000
0.000000
0.000000
0.000000
0.000000
0.000000
0.000000
0.000000
0.000000
0.000000
0.000000
0.000000
0.000000
0.000000
0.000000
0.000000
0.000000
0.000000
0.000000
0.000000
0.000000
0.000000
0.000000
0.000000
0.000000
0.000000
0.000000
0.000000
0.000000
0.000000
0.000000
0.000000
0.000000
0.000000
0.000000
0.000000
0.000000
0.000000
0.000000
0.000000
0.745992
0.000000
0.000000
0.060916
0.000000
0.000000
0.000000
0.000000
0.000000
0.000000
0.000000
0.039684
0.001738
0.000000
0.000000
0.000000
0.000000
0.000000
0.033626
0.000000
0.000000
0.000000
0.000000
0.000000
0.000000
0.000000
0.000000
0.000000
0.000000
0.000000
0.000000
0.000000
0.000000
0.000000
0.000000
0.000000
0.000000
0.000000
0.000000
0.000000
0.000000
0.000000
0.000000
0.000000
0.000000
0.000000
0.000000
0.000000
0.000000
0.000000
0.000000
0.000000
0.000000
0.000000
0.000000
0.000000
0.000000
0.000000
0.000000
0.000000
0.000000
0.000000
0.000000
0.000000
0.000000
0.000000
0.000000
0.000000
0.000000
