0.000000
2.562590
0.000000
1.138373
1.344596
12.468649
14.221464
8.711764
13.168540
10.097039
7.551595
9.942033
5.212254
2.821834
7.472742
7.674619
11.504815
15.623895
0.000000
2.156878
0.000000
0.505070
2.098558
12.996461
12.287797
4.917514
11.274362
9.361576
5.987403
10.054812
4.994129
0.715247
5.636767
5.847339
10.184591
14.528503
0.000000
1.782786
0.000000
0.000000
1.980768
11.160357
9.597647
1.649938
9.347465
8.234241
4.555295
9.168123
5.650795
0.000000
2.177983
2.389731
6.323490
9.773381
0.000000
1.409643
0.000000
0.000000
0.675662
7.073608
5.390565
0.000000
6.140625
5.887720
2.966756
7.851469
5.900852
0.000000
0.000000
0.000000
2.154224
5.000680
0.000000
1.816029
0.000000
0.868220
0.000000
2.659226
4.428752
0.000000
1.816995
1.833842
0.000000
0.000000
0.056264
0.627577
1.391917
1.389655
0.652562
0.000000
0.000000
1.840311
0.000000
1.519242
0.000000
3.811600
4.392033
0.000000
0.000000
0.000000
0.000000
0.000000
0.000000
0.523901
0.540615
0.024377
0.000000
0.000000
0.000000
1.787862
0.000000
2.625242
1.006890
4.013253
3.625661
0.000000
0.000000
0.000000
0.000000
0.000000
0.000000
0.533475
0.000000
0.000000
0.000000
0.000000
0.000000
2.027088
0.000000
4.292006
2.160101
3.687589
2.084172
0.000000
0.000000
0.000000
0.000000
0.000000
0.000000
0.539675
0.000000
0.000000
0.000000
0.000000
0.000000
0.000000
3.035552
4.146749
4.270739
1.479207
0.000000
1.685278
2.224633
4.096718
2.458148
3.660499
2.457299
1.648136
0.849356
0.000000
2.540532
2.128420
0.000000
0.000000
3.161142
3.964162
3.254672
0.000000
0.000000
2.340822
2.786164
5.140033
3.420125
4.461388
2.959668
1.599337
0.037347
0.000000
1.730685
1.773285
0.000000
0.000000
3.381327
3.440811
1.714934
0.000000
0.000000
3.660247
3.345370
5.495205
4.063017
4.827433
3.617351
2.026511
0.470524
0.000000
1.464213
1.854985
0.000000
0.000000
3.564145
2.317292
0.000000
0.000000
0.000000
4.532167
3.249253
4.879011
3.648740
4.137231
3.848739
2.458070
1.623940
0.000000
1.580379
2.154785
0.748186
0.000000
0.000000
0.000000
0.000000
0.000000
0.000000
0.000000
0.000000
0.000000
0.000000
0.000000
0.000000
0.000000
0.000000
0.000000
0.000000
0.000000
1.130058
0.000000
0.000000
0.000000
0.000000
0.000000
0.000000
0.000000
0.000000
0.000000
0.000000
0.503953
1.170950
0.362741
0.000000
0.000000
0.000000
0.058664
1.116091
0.000000
0.000000
0.000000
0.000000
0.000000
0.000000
0.062849
0.000000
0.810129
1.375695
1.913803
2.164795
1.253267
0.000000
0.000000
0.000000
2.388643
1.024008
0.000000
0.000000
0.000000
0.000000
1.030186
1.233062
0.409483
0.052770
1.120260
2.454067
3.157269
3.152873
1.683291
0.617621
0.422284
1.575435
3.377452
0.000000
0.000000
0.433729
2.603799
0.000000
0.000000
0.000000
0.000000
1.828274
2.967086
0.000000
4.358280
3.925961
0.000000
2.412563
0.000000
0.000000
0.322198
0.000000
0.000000
1.289981
3.678085
0.000000
0.000000
0.000000
0.000000
3.866568
3.436284
0.000000
2.854085
4.059147
0.000000
3.644610
0.000000
0.000000
2.429108
0.000000
0.000000
2.662278
4.357049
0.271829
0.000000
0.000000
0.000000
4.360072
3.011174
0.000000
1.516727
4.395047
0.000000
3.272226
0.000000
0.000000
3.610348
0.000000
0.000000
4.839110
5.570851
1.661777
1.930468
0.000000
0.000000
3.557823
2.488330
0.000000
1.524162
5.869353
0.000000
2.599895
0.000000
0.000000
4.504007
2.191037
0.000000
0.000000
0.000000
0.000000
0.000000
0.000000
0.000000
0.000000
0.613290
1.089608
0.000000
0.000000
0.000000
0.000000
0.000000
0.000000
0.000000
2.268363
1.515827
0.000000
0.000000
0.000000
0.000000
0.000000
0.000000
0.086573
2.218956
4.577970
2.220795
1.415762
0.735157
0.000000
0.000000
2.411010
3.868799
2.160706
1.749609
2.536906
0.000000
0.000000
0.000000
1.025249
2.850000
2.430659
0.860478
5.171169
2.525990
2.672558
2.864540
0.000000
0.000000
4.052723
4.121436
2.753808
2.864101
4.286337
0.000000
0.000000
1.945157
2.456303
1.454668
0.680373
0.000000
4.136160
1.867924
2.571633
2.124717
0.000000
0.000000
3.409640
3.493520
0.000000
0.000000
0.000000
0.000000
0.000000
0.000000
0.000000
0.000000
0.000000
0.000000
0.000000
0.000000
0.000000
0.000000
0.000000
0.000000
0.000000
0.000000
0.000000
0.000000
0.000000
0.000000
0.000000
0.000000
0.000000
0.000000
0.000000
0.000000
0.000000
0.000000
0.000000
0.000000
0.000000
0.000000
0.000000
0.000000
0.000000
0.000000
0.000000
0.000000
0.000000
0.000000
0.000000
0.000000
0.000000
0.000000
0.000000
0.000000
0.000000
0.000000
0.000000
0.000000
0.000000
0.000000
0.000000
0.000000
0.000000
0.000000
0.000000
0.000000
0.000000
0.000000
0.000000
0.000000
0.000000
0.000000
0.000000
0.000000
0.000000
0.000000
0.000000
0.000000
0.000000
0.000000
0.000000
0.000000
0.000000
0.000000
0.000000
0.000000
0.000000
0.000000
0.000000
0.000000
0.000000
0.000000
0.000000
0.000000
0.000000
0.000000
3.000488
0.000000
0.000000
0.000000
0.000000
0.000000
0.000000
0.000000
0.000000
0.000000
0.000000
0.000000
0.000000
0.000000
0.000000
0.000000
0.000000
0.000000
3.992924
2.425210
0.000000
0.000000
0.000000
0.000000
0.000000
0.000000
0.000000
0.000000
0.000000
0.000000
0.000000
0.000000
0.000000
0.000000
0.000000
4.754881
2.669483
2.302622
0.000000
0.000000
0.000000
0.000000
1.778497
0.000000
0.000000
0.000000
0.000000
0.000000
0.000000
0.000000
0.000000
0.000000
0.000000
5.832695
0.000000
0.000000
0.000000
0.000000
0.000000
0.000000
0.000000
0.000000
0.000000
0.000000
0.000000
0.000000
0.000000
0.000000
0.000000
0.000000
0.000000
0.000000
0.000000
0.000000
0.000000
0.000000
0.000000
0.000000
0.000000
0.000000
0.000000
0.000000
0.000000
0.000000
0.000000
0.000000
0.000000
0.000000
0.000000
0.000000
0.000000
0.000000
0.000000
0.000000
0.000000
0.000000
0.000000
0.000000
0.000000
0.000000
0.000000
0.000000
0.000000
0.000000
0.000000
0.000000
0.000000
0.000000
0.000000
0.000000
0.000000
0.000000
0.000000
0.000000
0.000000
0.000000
0.000000
0.000000
0.000000
0.000000
0.000000
0.000000
0.000000
0.000000
0.000000
0.000000
0.000000
0.000000
0.000000
0.000000
0.000000
0.000000
0.000000
0.000000
0.000000
0.000000
0.000000
0.000000
0.000000
0.000000
0.000000
0.000000
0.000000
0.000000
0.000000
0.000000
0.000000
0.000000
0.000000
0.000000
0.000000
0.000000
0.000000
0.000000
0.000000
0.000000
0.000000
0.000000
0.000000
0.000000
0.000000
0.000000
0.000000
0.000000
0.000000
0.000000
0.000000
0.000000
0.000000
0.000000
0.000000
0.000000
0.000000
0.000000
0.000000
0.000000
0.000000
0.000000
0.000000
0.000000
0.000000
0.000000
0.000000
0.000000
0.000000
0.000000
0.000000
0.000000
0.000000
0.000000
0.000000
0.000000
0.000000
0.000000
0.000000
0.000000
0.000000
0.000000
0.000000
1.987171
1.825630
0.717061
2.045038
0.984676
3.329526
0.000000
0.671093
0.000000
0.000000
1.398910
1.721046
0.601878
1.951317
0.000000
0.000000
0.000000
0.000000
1.064784
1.162842
2.350957
4.169192
1.275414
3.420706
0.000000
0.000000
0.000000
0.000000
0.000000
0.000000
0.174008
2.557970
0.000000
0.000000
0.000000
0.000000
0.000000
0.390569
3.822954
5.640968
1.154926
2.489969
0.000000
0.000000
0.000000
0.000000
0.000000
0.000000
0.000000
1.458775
0.000000
0.000000
0.000000
0.000000
0.000000
0.000000
4.694438
6.178449
0.688517
1.325249
0.000000
0.000000
0.000000
0.000000
0.000000
0.000000
0.000000
0.463830
0.924410
0.000000
0.000000
0.000000
0.000000
0.000000
0.000000
0.000000
0.000000
0.000000
0.000000
0.000000
0.000000
0.000000
0.000000
0.000000
0.000000
0.000000
0.000000
0.033098
0.000000
0.000000
0.000000
0.000000
0.000000
0.000000
0.000000
0.000000
0.000000
0.000000
0.000000
0.000000
0.085242
0.000000
0.000000
0.000000
0.000000
0.000000
0.000000
0.000000
0.000000
0.000000
1.018940
0.000000
0.000000
0.000000
0.000000
0.000000
0.000000
0.000000
0.210471
0.149743
0.000000
0.000000
0.000000
0.000000
0.000000
0.000000
0.000000
0.000000
2.339816
0.000000
0.000000
0.000000
0.000000
0.000000
0.000000
0.000000
0.000000
0.249491
0.000000
0.000000
0.000000
0.000000
0.000000
0.000000
6.803444
6.228368
0.964160
0.000000
0.000000
0.000000
7.662203
11.014050
7.694154
3.713453
5.681925
0.900014
0.000000
5.065782
6.234128
5.358304
0.000000
0.000000
4.768528
7.783224
3.070187
0.000000
0.000000
0.000000
3.063205
4.132501
0.000000
0.000000
0.000000
0.000000
0.000000
1.806704
1.311570
2.525010
0.000000
0.000000
2.523185
8.525720
4.646752
0.000000
0.000000
0.000000
0.000000
0.000000
0.000000
0.000000
0.000000
0.000000
0.000000
0.000000
0.000000
0.000000
0.000000
0.000000
0.000000
6.124405
4.351944
0.000000
0.000000
0.000000
0.000000
0.000000
0.000000
0.000000
0.000000
0.000000
0.000000
0.000000
0.000000
0.000000
0.000000
0.000000
0.000000
0.000000
0.000000
0.000000
0.000000
0.000000
0.000000
0.000000
0.000000
0.000000
0.000000
0.000000
0.000000
0.000000
0.000000
0.000000
0.000000
0.000000
0.000000
0.000000
0.000000
0.000000
0.000000
0.000000
0.000000
0.000000
0.000000
0.000000
0.000000
0.000000
0.000000
0.000000
0.000000
0.000000
0.000000
0.000000
0.000000
0.000000
0.000000
0.000000
0.000000
0.000000
0.000000
0.000000
0.000000
0.000000
0.000000
0.000000
0.000000
0.000000
0.000000
0.000000
0.000000
0.000000
0.000000
0.000000
0.000000
0.000000
0.000000
0.000000
0.000000
0.000000
0.000000
0.000000
0.000000
0.000000
0.000000
0.000000
0.000000
0.000000
0.000000
0.000000
0.000000
0.000000
0.157097
0.000000
0.000000
0.000000
0.000000
0.000000
0.000000
2.210415
2.157216
0.000000
0.000000
0.000000
0.000000
0.000000
0.000000
0.000000
0.000000
0.000000
0.000000
0.000000
0.000000
0.000000
0.000000
0.000000
0.000000
3.436180
3.711985
0.000000
0.000000
0.000000
0.396059
0.000000
0.000000
0.000000
0.000000
0.000000
0.000000
0.000000
0.000000
0.000000
2.869686
4.145635
1.094875
4.813094
4.771434
0.000000
0.000000
0.000000
1.205818
0.000000
0.000000
0.000000
0.000000
0.000000
0.000000
0.000000
0.000000
0.000000
6.635647
7.105377
2.501548
6.530086
5.963482
0.349765
0.946064
0.000000
1.345746
0.000000
0.000000
0.000000
0.000000
0.000000
0.000000
0.000000
0.000000
0.000000
0.000000
0.000000
0.000000
0.000000
0.000000
0.000000
0.000000
0.000000
0.000000
0.000000
0.000000
0.000000
0.000000
0.000000
0.000000
0.000000
0.000000
0.000000
0.000000
0.000000
0.000000
0.000000
0.000000
0.000000
0.000000
0.000000
0.000000
0.000000
0.000000
0.000000
0.000000
0.000000
0.000000
0.000000
0.000000
0.000000
0.000000
0.000000
0.000000
0.000000
0.000000
0.000000
0.000000
0.000000
0.000000
0.000000
0.000000
0.000000
0.000000
0.000000
0.000000
0.000000
0.000000
0.000000
0.000000
0.000000
0.000000
0.000000
0.000000
0.000000
0.000000
0.000000
0.000000
0.000000
0.000000
0.000000
0.000000
0.000000
0.000000
0.000000
0.000000
0.000000
0.000000
0.000000
0.000000
0.000000
0.000000
0.000000
0.000000
0.000000
0.000000
0.000000
0.000000
0.000000
0.000000
0.000000
0.000000
0.000000
0.000000
0.000000
0.000000
0.000000
0.000000
0.000000
0.000000
0.000000
0.000000
0.000000
0.000000
0.000000
0.000000
0.000000
0.000000
0.000000
0.000000
0.000000
0.000000
0.000000
0.000000
0.000000
0.000000
0.000000
0.000000
0.000000
0.000000
0.000000
0.000000
0.000000
0.000000
0.000000
0.000000
0.000000
0.000000
0.000000
0.000000
0.000000
0.000000
0.000000
0.000000
0.000000
0.000000
0.000000
0.000000
0.000000
0.000000
0.000000
0.000000
0.000000
0.000000
0.000000
0.000000
0.000000
0.000000
0.000000
0.000000
0.000000
0.000000
0.000000
0.000000
0.000000
0.000000
0.000000
0.000000
0.000000
0.000000
0.000000
0.000000
0.000000
0.000000
0.000000
0.000000
0.000000
0.000000
0.000000
0.000000
0.000000
0.000000
0.000000
0.000000
0.000000
0.000000
0.000000
0.000000
0.000000
0.000000
0.000000
0.000000
0.000000
0.000000
0.000000
0.000000
0.000000
0.000000
0.000000
0.000000
0.000000
0.000000
0.000000
0.000000
0.000000
0.000000
0.000000
0.000000
0.000000
0.000000
0.000000
0.000000
0.000000
0.000000
0.000000
0.000000
0.000000
0.000000
0.000000
0.000000
0.000000
0.000000
0.000000
0.000000
6.277771
2.176602
0.000000
0.000000
0.000000
0.000000
0.000000
0.000000
0.000000
0.000000
0.000000
0.000000
0.000000
0.000000
0.000000
0.000000
0.000000
2.434479
5.360852
2.370950
0.000000
0.000000
0.000000
0.000000
0.000000
0.000000
1.890359
0.123188
0.000000
0.000000
0.000000
1.430158
2.572541
0.839347
1.454526
4.307434
4.106911
1.725495
0.000000
0.415896
0.000000
0.000000
0.000000
0.000000
2.214101
0.000000
0.000000
0.000000
0.000000
1.779269
3.577811
0.675770
1.205791
4.460142
2.514111
1.201992
0.000000
0.761646
0.000000
0.000000
0.000000
0.000000
0.726935
0.000000
0.000000
0.000000
1.442837
0.754682
3.481435
0.000000
1.397790
5.649597
0.000000
1.363882
2.305990
1.257860
0.470178
0.000000
0.000000
2.120699
1.931723
0.277742
1.527109
1.602587
2.112301
0.585791
0.000000
0.000000
0.000000
0.000000
0.000000
1.207234
2.213112
1.646655
0.902322
0.000000
0.000000
1.326430
1.117964
0.000000
0.000000
0.000000
0.498786
0.000000
0.000000
0.000000
0.000000
0.000000
0.000000
0.725960
1.945502
1.568671
0.636810
0.000000
0.000000
0.000000
0.000000
0.000000
0.000000
0.000000
0.000000
0.000000
0.000000
0.000000
0.000000
0.000000
0.000000
0.000000
1.151727
0.818896
0.000000
0.000000
0.000000
0.000000
0.000000
0.000000
0.000000
0.000000
0.000000
0.000000
0.000000
0.000000
0.000000
0.000000
0.000000
3.294196
0.000000
0.000000
2.009041
3.999667
0.000000
0.000000
0.000000
0.000000
1.002730
1.103615
0.000000
0.000000
0.000000
0.000000
0.000000
0.000000
0.000000
0.432729
0.000000
0.566732
2.728912
0.000000
0.000000
0.000000
0.000000
0.000000
0.000000
0.000000
0.000000
0.000000
0.000000
0.000000
0.000000
0.000000
0.000000
0.000000
0.000000
0.561164
1.983536
0.000000
0.000000
0.000000
0.000000
0.000000
0.000000
0.000000
0.000000
0.000000
0.000000
0.000000
0.000000
0.000000
0.000000
0.000000
0.000000
0.000000
0.000000
0.000000
0.000000
0.000000
0.000000
0.000000
0.000000
0.000000
0.000000
0.000000
0.000000
0.000000
0.000000
0.000000
0.000000
1.953634
1.921941
1.291052
0.000000
0.000000
0.000000
0.000000
0.000000
0.000000
0.000000
0.000000
0.000000
0.000000
0.000000
0.000000
0.000000
0.000000
0.000000
3.549139
4.383473
2.421370
0.000000
0.000000
0.000000
0.000000
0.000000
0.000000
0.000000
0.000000
0.039857
2.685329
4.187123
1.894362
0.000000
2.999870
0.000000
4.882472
4.308731
1.436833
0.000000
0.000000
0.000000
0.771011
0.000000
0.000000
0.000000
0.000000
0.377188
5.188869
7.364004
3.789576
3.563040
5.043189
0.000000
5.158554
1.734562
0.000000
0.000000
0.000000
0.000000
0.142927
0.000000
0.000000
0.000000
0.000000
0.512120
5.641568
7.835831
4.242486
5.807481
5.503303
0.001056
0.001056
0.001056
0.001056
0.001056
0.001056
0.001056
0.001056
0.001056
0.001056
0.001056
0.001056
0.001056
0.001056
0.001056
0.001056
0.001056
0.001056
0.001056
0.001056
0.001056
0.001056
0.001056
0.001056
0.001056
0.001056
0.001056
0.001056
0.001056
0.001056
0.001056
0.001056
0.001056
0.001056
0.001056
0.001056
0.001056
0.001056
0.001056
0.001056
0.001056
0.001056
0.001056
0.001056
0.001056
0.001056
0.001056
0.001056
0.001056
0.001056
0.001056
0.001056
0.001056
0.001056
0.001056
0.001056
0.001056
0.001056
0.001056
0.001056
0.001056
0.001056
0.001056
0.001056
0.001056
0.001056
0.001056
0.001056
0.001056
0.001056
0.001056
0.001056
8.594285
1.403943
2.337727
0.000000
0.000000
0.000000
0.000000
1.745517
0.000000
0.000000
0.000000
0.000000
0.000000
0.000000
0.000000
0.000000
0.000000
0.000000
8.625643
1.047024
2.269950
0.000000
0.000000
0.000000
0.000000
0.648104
0.000000
0.000000
0.000000
0.000000
0.000000
0.000000
0.000000
0.000000
0.000000
0.000000
8.678101
0.582230
1.493600
0.000000
0.000000
0.000000
0.407346
0.000000
0.000000
0.000000
0.000000
0.000000
0.000000
0.000000
0.000000
0.000000
0.000000
0.000000
8.287568
0.000000
0.229445
0.000000
0.000000
0.000000
0.000000
0.000000
0.000000
0.000000
0.000000
0.000000
0.000000
0.000000
0.000000
0.000000
0.000000
0.000000
0.000000
0.000000
0.000000
0.000000
0.000000
0.000000
0.000000
0.000000
0.000000
0.000000
0.000000
0.000000
0.000000
0.000000
0.000000
0.000000
0.000000
0.000000
0.000000
0.000000
0.000000
0.000000
0.000000
0.000000
0.000000
0.000000
0.000000
0.000000
5.876176
3.760299
0.000000
0.000000
0.000000
0.000000
0.000000
0.000000
0.000000
0.000000
0.000000
0.000000
0.000000
0.000000
0.000000
0.000000
0.000000
0.000000
8.564260
5.504880
0.000000
0.000000
0.000000
0.000000
1.369303
0.000000
0.000000
0.000000
0.000000
0.000000
0.000000
0.000000
0.000000
0.304978
0.000000
0.000000
9.190375
6.188356
0.000000
0.559408
0.000000
0.000000
1.185156
0.000000
0.000000
0.000000
0.000000
0.000000
0.000000
0.000000
0.000000
0.000000
0.000000
0.000000
0.000000
0.000000
0.000000
0.000000
0.000000
0.000000
0.000000
0.000000
0.000000
0.000000
0.000000
0.000000
0.000000
0.000000
0.000000
0.000000
0.000000
0.000000
0.000000
0.000000
0.000000
0.000000
0.000000
0.000000
0.000000
0.000000
0.000000
0.000000
0.000000
0.000000
0.000000
0.000000
0.000000
0.000000
0.000000
0.000000
0.000000
0.000000
0.000000
0.000000
0.000000
0.000000
0.000000
0.000000
0.000000
0.000000
0.000000
0.000000
0.000000
0.000000
0.000000
0.000000
0.000000
0.000000
0.000000
0.000000
0.000000
0.000000
0.000000
0.000000
0.000000
0.000000
0.000000
0.825663
0.000000
1.613017
0.000000
0.329420
0.000000
0.000000
5.509266
1.089745
3.204697
5.419603
2.468762
1.788193
0.974759
1.427322
1.932047
0.000000
0.000000
0.659016
0.000000
1.822381
0.000000
3.139353
0.000000
2.927319
7.714441
1.458190
1.393761
3.891328
0.818934
2.663089
4.761209
3.302515
2.158868
0.000000
0.000000
0.592105
0.000000
1.515987
0.104439
3.469758
0.194321
3.205352
7.480996
1.279634
1.207213
3.165894
0.307825
2.531494
5.403644
2.424494
1.471375
0.082781
0.000000
0.859881
0.000000
1.519280
0.509361
2.720405
0.855896
2.953395
5.855641
1.399347
2.880708
3.870675
1.040200
2.303717
4.719246
1.634468
1.463138
1.533837
0.000000
1.941759
0.000000
1.996061
2.354531
2.672972
3.773434
5.593026
5.605709
0.940827
5.030828
6.323524
0.304081
2.311751
0.000000
0.000000
0.000000
0.307717
0.000000
1.128010
0.000000
1.656833
1.169512
1.283029
2.432808
3.837734
5.546358
0.264712
3.455374
4.512613
0.000000
1.511707
0.000000
0.000000
0.000000
0.000000
0.000000
0.267732
0.000000
0.651764
0.186247
0.000000
1.390996
2.003313
4.849901
0.000000
2.087673
2.560814
0.000000
0.579902
0.000000
0.000000
0.000000
0.000000
0.000000
0.000000
0.000000
0.000000
0.000000
0.000000
0.354379
0.835894
4.236972
0.000000
1.631539
0.862726
0.000000
0.000000
0.000000
0.000000
0.000000
0.000000
0.000000
4.426001
0.000000
3.389295
0.371816
0.000000
0.000000
0.569641
0.341235
0.000000
0.791963
5.775877
0.510090
0.359404
0.000000
0.000000
7.026810
0.000000
0.000000
3.829662
0.000000
2.826677
0.000000
0.000000
0.000000
0.000000
0.000000
0.000000
0.000000
5.090708
0.224128
0.237918
0.000000
0.000000
4.525640
0.000000
0.000000
3.140642
0.000000
2.120848
0.000000
0.000000
0.000000
0.000000
0.000000
0.000000
0.000000
4.117901
0.000000
0.241756
0.000000
0.000000
2.930356
0.000000
0.000000
2.796713
0.000000
1.043154
0.000000
0.000000
0.000000
0.000000
0.000000
0.000000
0.000000
2.168352
0.000000
0.027269
0.000000
0.000000
2.109136
0.000000
0.000000
0.000000
0.000000
0.000000
0.000000
0.000000
0.000000
0.000000
0.000000
0.000000
0.000000
0.000000
0.000000
0.000000
0.000000
0.000000
0.000000
0.000000
0.000000
0.000000
0.000000
0.000000
0.000000
0.000000
0.000000
0.000000
0.000000
0.000000
0.000000
0.000000
0.000000
0.000000
0.000000
0.000000
0.000000
0.000000
0.000000
0.000000
0.000000
0.000000
0.000000
0.000000
0.000000
0.000000
0.000000
0.000000
0.000000
0.000000
0.000000
0.000000
0.000000
0.000000
0.000000
0.000000
0.000000
0.000000
0.000000
0.000000
0.000000
0.000000
0.000000
0.000000
0.000000
0.000000
0.000000
0.000000
0.000000
0.000000
0.000000
0.000000
0.000000
0.000000
0.000000
2.104415
2.313420
1.151813
1.070330
6.854993
4.113760
0.000000
0.000000
0.000000
0.000000
2.449158
5.674035
2.134579
0.000000
0.000000
5.217752
5.648241
0.000000
1.963781
1.449903
1.508806
3.316310
9.704327
5.325067
0.000000
0.000000
0.092718
0.000000
3.852579
6.646533
2.679350
0.000000
0.000000
5.983794
7.227265
0.000000
1.995006
0.000000
1.766686
5.323158
11.456960
5.467658
0.000000
0.000000
1.204355
0.000000
4.664700
7.739452
2.143195
0.000000
0.000000
5.260950
7.590248
0.000000
2.154904
0.000000
2.276993
6.792871
12.311957
5.352283
0.000000
0.000000
3.157648
0.000000
5.936788
9.468372
1.412498
0.000000
0.000000
4.303023
7.493436
0.000000
2.762007
0.000000
0.000000
0.000000
0.000000
0.000000
0.000000
0.000000
1.218130
0.000000
0.000000
0.005581
0.000000
1.112645
3.339896
0.000000
0.000000
0.000000
0.000000
0.000000
0.000000
0.000000
0.000000
0.000000
2.591279
1.303494
8.360083
0.627742
0.000000
0.807820
1.878780
8.660263
10.464315
0.000000
0.000000
0.000000
0.000000
0.000000
0.000000
0.000000
1.628887
8.471616
10.838343
6.255955
7.885997
0.143678
0.000000
0.000000
4.975011
10.605717
8.444513
0.000000
0.000000
0.000000
0.000000
0.000000
0.000000
0.000000
0.000000
7.315366
7.858657
6.030094
5.375841
0.000000
0.000000
0.000000
2.362608
7.320335
2.676908
0.000000
0.000000
1.660945
2.442118
0.000000
0.000000
0.000000
0.000000
0.000000
0.000000
0.000000
0.441899
7.983081
5.302491
5.119823
1.543616
0.000000
0.000000
0.329208
1.659748
0.529764
1.917860
0.000000
0.000000
0.000000
0.000000
0.000000
0.000000
0.000000
0.482776
9.162137
5.703486
5.643445
1.596380
0.000000
0.000000
0.369752
1.401700
0.000000
1.294998
0.000000
0.000000
0.000000
0.000000
0.000000
0.000000
0.000000
0.818747
9.120896
5.367286
5.319430
1.719254
1.224869
1.469807
0.491431
1.368376
0.000000
0.952298
0.000000
0.000000
0.000000
0.000000
0.000000
0.000000
0.000000
1.278507
8.046709
4.608702
4.390207
1.745623
2.352551
3.065448
0.327679
1.278992
0.000000
0.000000
0.000000
0.000000
0.000000
0.000000
0.000000
0.000000
0.000000
0.000000
0.000000
0.125772
0.000000
0.000000
0.000000
0.000000
0.000000
0.911637
0.000000
0.123172
0.000000
0.000000
0.000000
0.000000
0.000000
0.000000
0.000000
0.000000
0.000000
5.722153
0.028231
0.000000
0.000000
0.000000
0.000000
0.000000
0.000000
3.875918
0.000000
0.000000
0.000000
0.000000
0.000000
0.000000
0.000000
0.000000
0.304680
7.254733
2.299598
0.000000
0.000000
0.000000
0.000000
0.000000
0.214930
8.891714
0.000000
0.000000
0.000000
0.000000
0.000000
0.000000
0.000000
0.000000
0.612908
6.821783
2.777860
0.000000
0.000000
0.000000
0.000000
0.000000
0.000000
0.000000
0.000000
0.000000
0.000000
0.000000
0.000000
0.000000
0.000000
0.000000
0.000000
0.000000
0.000000
0.000000
0.000000
0.000000
0.000000
0.000000
0.000000
0.000000
0.000000
0.000000
0.000000
0.000000
0.000000
0.000000
0.000000
0.000000
0.000000
0.000000
0.000000
0.000000
0.000000
0.000000
0.000000
0.000000
0.000000
0.000000
0.000000
0.000000
0.000000
0.000000
0.000000
0.000000
0.000000
0.000000
0.000000
0.000000
0.000000
0.000000
0.000000
0.000000
0.000000
0.000000
0.000000
0.000000
0.000000
0.000000
0.000000
0.000000
0.000000
0.000000
0.000000
0.000000
0.000000
0.000000
0.000000
0.000000
0.000000
0.000000
0.000000
0.000000
0.000000
0.000000
0.000000
0.000000
0.000000
0.000000
0.000000
0.000000
0.000000
0.000000
0.939514
0.000000
0.000000
0.000000
0.000000
0.000000
0.000000
0.000000
0.000000
0.000000
0.000000
0.000000
0.000000
0.000000
0.000000
0.000000
0.000000
0.000000
3.999724
0.000000
0.000000
0.116215
0.000000
0.000000
0.000000
0.000000
0.000000
0.529467
1.617036
0.000000
0.000000
0.000000
1.082473
0.098181
0.000000
0.000000
5.076330
0.000000
0.000000
2.892390
0.000000
0.000000
0.000000
0.000000
0.967063
3.684003
2.541246
0.000000
0.401678
0.000000
3.863873
0.322974
0.000000
0.000000
4.848046
0.000000
0.000000
2.441394
0.000000
0.000000
0.118982
0.000000
0.000000
0.000000
0.298418
0.000000
0.000000
0.000000
0.000000
0.000000
0.000000
0.000000
0.000000
0.000000
0.000000
0.000000
0.000000
0.000000
0.000000
0.000000
0.000000
0.000000
1.027660
0.000000
0.000000
0.000000
0.000000
0.000000
0.000000
0.000000
0.000000
0.000000
0.000000
0.000000
0.000000
0.000000
0.000000
0.000000
0.000000
0.000000
0.941463
0.000000
0.000000
0.000000
0.000000
0.000000
0.000000
0.000000
0.000000
0.000000
0.000000
0.000000
0.000000
0.000000
0.000000
0.000000
0.000000
0.000000
0.875798
1.418828
0.000000
0.000000
0.000000
0.000000
0.000000
0.000000
0.000000
0.000000
0.000000
0.000000
0.000000
0.000000
0.000000
0.000000
0.000000
6.773170
5.245920
5.064384
0.000000
0.000000
0.000000
0.000000
0.000000
0.000000
0.000000
0.000000
3.041346
0.000000
0.000000
0.000000
0.000000
0.000000
0.000000
5.117304
3.717405
6.750390
0.000000
0.000000
0.871384
0.000000
0.000000
0.000000
0.000000
0.000000
2.652078
0.000000
0.000000
0.000000
0.000000
0.000000
0.000000
3.106536
1.530768
5.724553
0.000000
0.000000
2.733488
0.000000
0.000000
0.000000
0.000000
0.000000
2.405397
0.000000
1.363499
0.967254
0.000000
0.000000
0.000000
1.153166
0.000000
2.986839
0.073166
0.000000
4.053309
0.000000
0.000000
0.000000
0.000000
0.000000
2.266848
1.471298
5.631906
4.267793
1.338303
2.025857
0.000000
0.000000
0.000000
0.000000
0.000000
0.000000
0.000000
0.000000
0.000000
0.000000
0.000000
0.000000
0.000000
0.000000
0.000000
0.000000
0.000000
0.000000
0.000000
0.000000
0.000000
0.000000
0.000000
0.000000
0.000000
0.000000
0.000000
0.000000
0.000000
0.000000
0.000000
0.000000
0.000000
0.000000
0.000000
0.000000
0.000000
0.000000
0.000000
0.000000
0.000000
0.000000
0.000000
0.000000
0.000000
0.000000
0.000000
0.000000
0.000000
0.000000
0.000000
0.000000
0.000000
0.000000
0.000000
0.000000
0.000000
0.000000
0.000000
0.000000
0.000000
0.000000
0.000000
0.000000
0.000000
0.000000
0.000000
0.000000
0.000000
0.000000
0.000000
0.000000
0.000000
3.133134
0.000000
0.000000
0.000000
0.000000
0.000000
0.000000
0.000000
0.000000
0.000000
0.000000
0.000000
0.000000
0.000000
0.000000
0.000000
0.000000
0.000000
2.544913
0.000000
0.000000
0.000000
0.000000
2.345005
0.000000
0.000000
0.000000
0.000000
0.000000
0.459753
0.000000
0.000000
0.000000
0.000000
0.861173
0.000000
2.990180
0.000000
0.000000
0.000000
1.218288
7.341771
3.642390
0.836295
0.000000
0.000000
0.000000
1.053381
0.913463
0.000000
0.866932
1.144976
2.524778
0.000000
3.842345
0.000000
0.000000
0.000000
1.761250
8.122029
4.332280
0.786118
0.000000
0.000000
0.000000
0.475852
0.000000
0.000000
1.735969
1.960405
2.244109
0.000000
0.000000
0.000000
0.000000
0.000000
0.000000
0.000000
0.000000
0.000000
0.000000
0.000000
0.000000
0.000000
0.000000
0.000000
0.000000
0.000000
0.000000
0.000000
0.000000
0.000000
0.000000
0.000000
0.000000
0.000000
0.000000
0.000000
0.000000
0.000000
0.000000
0.000000
0.000000
0.000000
0.000000
0.000000
0.000000
0.000000
0.000000
0.000000
0.000000
0.000000
0.000000
0.000000
0.000000
0.000000
0.000000
0.000000
0.000000
0.000000
0.000000
0.000000
0.000000
0.000000
0.000000
0.000000
0.000000
0.000000
0.000000
0.000000
0.000000
0.000000
0.000000
0.000000
0.000000
0.000000
0.000000
0.000000
0.000000
0.000000
0.000000
0.000000
0.000000
0.000000
34.890491
0.000000
0.000000
0.000000
0.000000
0.000000
9.275990
16.479502
0.000000
10.843563
3.819922
0.000000
0.000000
0.000000
0.000000
1.545588
0.000000
0.000000
35.498974
0.000000
0.000000
0.000000
0.000000
0.000000
7.378819
13.601806
0.000000
6.976902
0.000000
0.000000
0.000000
0.000000
0.000000
0.047123
0.000000
0.000000
37.541592
0.000000
0.000000
0.000000
0.000000
0.000000
6.117392
9.020626
0.000000
3.652588
0.000000
0.000000
0.000000
0.000000
0.000000
0.000000
0.000000
0.000000
40.988274
0.000000
0.000000
0.000000
0.000000
0.000000
4.728359
4.674663
0.000000
3.205302
0.000000
0.000000
0.000000
0.000000
0.000000
0.000000
0.000000
0.000000
0.740692
1.557826
5.204728
3.217021
8.134892
5.235137
2.632239
5.567109
1.785579
0.000000
0.000000
4.408168
4.362813
4.056912
2.838870
0.000000
2.510452
0.000000
0.000000
1.745603
6.717232
3.146811
8.106685
6.239902
2.347417
3.962222
0.000000
0.000000
0.000000
2.123145
4.324841
5.796984
3.158087
0.000000
0.899033
0.000000
0.000000
0.907187
6.946957
2.992232
6.200610
6.990531
1.251238
1.662548
0.000000
0.000000
0.000000
0.089060
3.441658
7.098366
3.194402
0.000000
0.611324
0.000000
0.000000
0.000000
5.005225
1.934524
3.251931
6.169153
0.000000
0.000000
0.000000
0.000000
0.000000
0.000000
1.746757
6.397311
2.890239
0.000000
1.685541
0.000000
2.026367
0.000000
0.000000
0.000000
0.000000
0.000000
0.000000
3.177749
0.000000
2.635478
0.000000
0.000000
0.000000
0.000000
0.000000
0.000000
0.000000
0.000000
1.954176
0.000000
0.000000
0.000000
0.000000
0.000000
0.957620
2.972126
0.000000
1.913744
0.000000
0.000000
0.000000
0.000000
0.000000
0.000000
0.000000
0.000000
2.093961
0.000000
0.000000
0.000000
0.000000
0.000000
2.757117
2.605904
0.000000
1.529952
0.000000
0.000000
0.000000
0.000000
0.000000
0.000000
0.000000
0.000000
2.204827
0.000000
0.000000
0.000000
0.000000
0.000000
4.548288
2.856951
0.000000
1.204438
0.000000
0.000000
0.000000
0.000000
0.000000
0.029280
0.000000
0.000000
0.000000
0.000000
0.000000
0.000000
0.000000
0.000000
0.000000
0.000000
0.000000
0.000000
0.000000
0.000000
0.000000
0.000000
0.000000
0.000000
0.000000
0.000000
0.000000
0.000000
0.000000
0.000000
0.000000
0.000000
0.000000
0.000000
0.000000
0.000000
0.000000
0.000000
0.000000
0.000000
0.000000
0.000000
0.000000
0.000000
0.000000
0.000000
0.000000
0.000000
0.000000
0.000000
0.000000
4.489142
1.328335
0.000000
0.000000
0.000000
1.313251
1.834966
0.418988
0.000000
0.000000
0.000000
0.000000
0.000000
0.000000
0.000000
0.000000
0.000000
1.787100
8.585253
0.437693
3.768047
0.000000
0.000000
2.164783
2.165693
0.000000
0.000000
0.000000
0.000000
1.181115
0.000000
4.011877
0.000000
2.081121
0.000000
0.735146
2.920158
1.680683
4.545043
0.971052
1.389838
0.700554
0.184928
0.000000
3.612980
1.043797
0.000000
1.254765
0.000000
4.013449
0.000000
1.908252
0.000000
2.095876
3.436635
2.369414
4.982709
1.312201
0.812542
1.047376
0.939395
0.000000
4.229884
1.300614
0.000000
1.616148
0.000000
3.803420
0.000000
1.990995
0.000000
3.798313
4.051009
2.380953
5.007276
1.813991
0.401479
1.841438
1.654038
0.000000
4.761455
1.655466
0.000000
1.642781
0.000000
3.310238
0.000000
2.052668
0.000000
5.363912
4.557774
2.124393
4.420958
1.871643
0.000000
2.525024
2.108735
0.000000
4.615458
1.856857
0.000000
0.000000
0.000000
3.344085
4.741929
7.151179
8.118890
0.000000
0.000000
2.868305
1.728458
0.000000
0.000000
0.000000
0.000000
1.186714
5.736361
5.443732
0.000000
0.000000
0.000000
0.982598
3.328507
6.719266
5.431356
0.000000
0.000000
0.839631
0.368495
0.000000
0.000000
0.000000
0.000000
0.000000
5.314958
4.824494
0.000000
0.000000
0.000000
0.000000
2.148745
5.624547
2.021974
0.000000
0.000000
0.000000
0.000000
0.000000
0.000000
0.000000
0.000000
0.000000
2.849360
2.759909
0.000000
0.000000
0.000000
0.000000
1.539149
4.113932
0.000000
0.000000
0.000000
0.000000
0.000000
0.000000
0.000000
0.000000
0.000000
0.000000
0.000000
0.994726
0.000000
0.000000
0.000000
0.000000
0.000000
0.000000
0.000000
0.000000
0.000000
0.000000
0.000000
0.000000
0.000000
0.000000
0.000000
0.000000
0.000000
0.000000
0.000000
0.000000
0.000000
0.000000
0.000000
0.000000
0.000000
0.000000
0.000000
0.000000
0.000000
0.000000
0.000000
0.000000
0.000000
0.000000
0.000000
0.000000
0.000000
0.000000
0.000000
0.000000
0.000000
0.000000
0.000000
0.000000
0.000000
0.000000
0.000000
0.000000
0.000000
0.000000
0.000000
0.000000
0.000000
0.000000
0.000000
0.000000
0.000000
0.000000
0.000000
0.000000
0.000000
0.000000
0.000000
0.000000
0.000000
0.000000
0.000000
0.000000
0.000000
0.000000
0.000000
0.000000
3.002358
6.777977
0.000000
0.000000
0.000000
0.000000
0.000000
0.000000
0.000000
0.000000
0.000000
0.000000
0.000000
0.000000
0.000000
0.000000
0.000000
0.000000
5.854753
12.655535
0.000000
0.000000
0.000000
0.000000
0.000000
0.000000
0.000000
0.000000
0.000000
0.000000
0.000000
0.000000
0.000000
0.000000
0.000000
0.000000
4.718124
11.352660
0.000000
0.000000
0.000000
0.000000
0.000000
0.000000
0.000000
0.000000
1.734905
1.536277
0.000000
0.000000
0.000000
0.384805
0.000000
0.000000
2.032150
4.993309
0.000000
0.000000
0.000000
0.000000
0.000000
6.820535
3.208760
0.000000
0.683288
0.000000
0.000000
0.000000
0.000000
3.958735
0.000000
0.000000
7.653723
0.000000
0.000000
0.000000
0.255636
4.362583
5.900433
6.073789
0.000000
0.000000
0.000000
0.000000
0.000000
0.000000
0.331722
0.000000
0.000000
0.760553
6.474822
0.000000
0.000000
0.000000
0.380554
5.116169
7.524055
5.215001
0.000000
0.000000
0.000000
0.000000
0.000000
0.000000
0.000000
0.080915
0.000000
0.000000
5.599041
0.000000
0.000000
0.000000
0.826589
5.564851
7.510183
2.288813
0.000000
0.000000
0.000000
0.000000
0.000000
0.000000
0.000000
0.000000
0.000000
0.000000
4.745684
0.000000
0.000000
0.000000
1.435153
5.760962
5.299824
0.000000
0.000000
0.000000
0.000000
0.000000
0.000000
0.000000
0.000000
0.000000
0.000000
0.000000
1.161677
3.163580
0.000000
0.000000
0.000000
0.000000
1.760363
4.695060
3.802105
5.057167
3.298946
0.710055
0.292752
2.386594
0.075526
6.556499
0.000000
0.000000
0.310517
0.306125
0.000000
0.000000
0.000000
0.000000
4.950384
5.931381
4.076207
4.376040
3.153976
0.889150
0.704266
4.886902
0.906119
5.069179
0.000000
0.000000
0.719674
0.000000
0.000000
0.000000
0.000000
0.000000
7.279362
5.931195
3.053071
2.779745
2.152227
0.198830
0.189807
4.650455
0.698793
2.926586
0.000000
0.000000
0.222613
0.000000
0.000000
0.000000
0.000000
0.000000
5.206566
2.697215
0.000000
0.901389
0.000000
0.000000
0.000000
1.241150
0.000000
1.482674
0.000000
0.000000
0.000000
0.000000
0.000000
0.000000
0.000000
0.000000
0.000000
0.000000
0.000000
2.544632
3.554591
7.400323
6.510490
0.000000
0.000000
0.000000
0.831368
0.000000
2.044650
0.000000
0.000000
0.000000
0.000000
0.000000
0.000000
0.000000
3.983668
7.219044
11.381814
13.764425
9.345738
3.124113
0.000000
0.000000
1.701935
2.014462
4.960729
2.894942
1.363433
0.000000
0.000000
0.000000
0.000000
6.515549
10.114436
7.349539
14.087982
14.623723
8.517735
5.157757
1.749765
0.022639
2.612583
3.118507
6.922495
5.818610
4.462636
0.000000
0.000000
0.000000
0.000000
9.691797
10.553453
3.945104
11.949529
10.966657
4.469607
4.016164
4.049257
0.715127
1.761092
3.914976
0.000000
5.691330
0.000000
1.106571
0.000000
2.839258
1.630532
0.000000
0.000000
0.000000
5.233155
2.874634
2.329172
0.613444
0.000000
0.000000
1.328307
0.000000
0.000000
2.137967
0.000000
2.183881
0.000000
2.389093
1.734459
0.000000
0.000000
0.000000
3.385599
1.229531
0.000000
0.912754
0.000000
0.000000
1.406237
0.444504
0.000000
0.000000
0.000000
1.153270
0.000000
0.583054
0.025740
0.000000
0.000000
0.000000
2.314780
0.715703
0.000000
0.292218
0.000000
0.000000
0.118983
0.332901
0.000000
0.000000
0.000000
0.000000
0.000000
0.000000
0.000000
0.000000
0.000000
0.000000
0.819200
0.225245
0.000000
0.000000
0.104121
0.443767
0.000000
0.554048
4.311651
0.000000
0.000000
0.000000
0.000000
0.000000
0.000000
0.000000
0.000000
0.000000
1.224210
0.615605
0.826342
0.702785
5.070270
0.531106
1.904815
0.000000
5.054516
3.093414
0.734169
0.000000
0.000000
0.000000
0.000000
0.000000
3.086524
0.829334
2.410089
2.234027
2.814371
3.652630
6.093457
0.608412
4.925518
2.903719
5.318057
4.812705
0.544594
0.000000
0.000000
0.104941
0.000000
0.000000
6.345231
1.747445
3.241169
2.576542
2.867316
3.665782
4.081615
0.000000
5.049751
5.522216
4.942679
5.162096
0.000000
0.000000
0.976125
5.141563
2.662006
0.000000
6.712552
3.431080
4.259183
3.793856
3.129627
1.284922
0.443158
0.000000
5.144044
7.472229
0.000000
0.000000
0.000000
0.000000
0.319974
0.000000
0.000000
0.303600
0.000000
0.000000
1.709491
0.000000
0.000000
0.189895
0.702456
0.000000
0.000000
0.000000
0.000000
0.000000
0.000000
0.000000
0.045116
0.000000
0.000000
0.000000
0.000000
0.000000
1.661386
0.030648
0.000000
0.000000
0.123227
0.000000
0.000000
0.000000
0.000000
0.000000
0.000000
0.000000
0.000000
0.000000
0.000000
0.000000
0.000000
0.000000
0.819793
0.261748
0.000000
0.000000
0.020788
0.000000
0.000000
0.000000
0.000000
0.000000
0.000000
0.000000
0.000000
0.000000
0.000000
0.000000
0.000000
0.000000
0.000000
0.000000
0.000000
0.000000
0.280515
0.000000
0.000000
0.000000
0.000000
0.000000
1.778695
5.043224
2.051513
0.000000
0.000000
0.000000
0.000000
0.000000
5.915770
4.917096
4.288893
5.044012
7.268591
4.265787
8.946996
2.589724
0.000000
0.000000
1.329346
5.178632
1.163818
0.000000
0.000000
0.000000
0.000000
0.000000
5.398591
5.351171
4.017446
6.134976
6.223927
4.119545
10.512169
3.075385
0.000000
0.000000
0.556955
4.350553
0.000000
0.000000
0.000000
0.000000
1.058622
0.182760
5.032716
5.685638
3.639759
6.332369
5.384929
3.882071
10.551497
3.484207
0.000000
0.000000
0.000000
3.587349
0.000000
0.000000
1.217873
0.000000
2.055735
2.186771
5.457432
6.381974
3.445317
5.976501
5.018397
4.346888
9.690190
4.099275
0.000000
0.000000
0.000000
0.000000
0.000000
0.000000
0.000000
0.000000
0.000000
0.000000
0.000000
0.000000
0.000000
0.000000
0.000000
0.000000
0.000000
0.000000
0.000000
0.000000
0.000000
0.000000
0.000000
0.000000
0.000000
0.000000
0.000000
0.000000
0.000000
0.000000
0.000000
0.000000
0.000000
0.000000
0.000000
0.000000
0.000000
0.000000
0.000000
0.000000
0.000000
0.000000
0.000000
0.000000
0.000000
0.000000
0.000000
0.000000
0.000000
0.000000
0.000000
0.000000
0.000000
0.000000
0.000000
0.000000
0.000000
0.000000
0.000000
0.000000
0.000000
0.000000
0.000000
0.000000
0.000000
0.000000
0.000000
0.000000
0.000000
0.000000
0.000000
0.000000
4.752887
9.718451
0.000000
0.000000
0.000000
0.000000
0.000000
0.000000
0.000000
0.000000
0.000000
0.000000
0.000000
0.000000
0.000000
0.000000
0.000000
0.000000
4.221727
10.382778
0.000000
0.000000
0.000000
0.000000
0.367916
0.000000
0.000000
0.000000
0.000000
0.000000
0.000000
0.000000
0.000000
0.000000
0.000000
0.000000
2.203726
5.741733
0.862718
0.000000
0.000000
0.000000
2.623864
0.000000
0.000000
0.000000
0.000000
0.000000
0.000000
0.000000
0.000000
0.000000
0.000000
0.000000
0.000000
0.000000
0.000000
0.000000
0.000000
0.000000
1.824807
0.000000
0.000000
0.000000
0.000000
0.000000
0.000000
0.000000
0.000000
0.000000
0.000000
0.000000
0.000000
0.000000
0.000000
0.000000
0.000000
0.000000
0.000000
0.000000
0.000000
0.000000
0.000000
0.000000
0.000000
0.000000
0.000000
0.000000
0.000000
0.000000
0.000000
0.000000
0.000000
0.000000
0.000000
0.000000
0.000000
0.000000
0.000000
0.000000
0.000000
0.000000
0.000000
0.000000
0.000000
0.000000
0.000000
0.000000
0.000000
0.000000
0.000000
0.000000
0.000000
0.000000
0.000000
0.000000
0.000000
0.000000
0.000000
0.000000
0.000000
0.000000
0.000000
0.000000
0.000000
0.000000
0.000000
0.000000
0.000000
0.000000
0.000000
0.000000
0.000000
0.000000
0.000000
0.000000
0.000000
0.000000
0.000000
0.000000
0.000000
0.000000
0.000000
0.000000
0.000000
0.000000
0.000000
0.000000
0.000000
0.000000
0.000000
0.000000
0.000000
0.000000
0.000000
0.000000
0.000000
0.000000
0.000000
0.000000
0.000000
0.000000
0.000000
0.000000
0.000000
0.000000
0.000000
0.000000
0.000000
0.000000
0.000000
0.000000
0.000000
0.000000
0.000000
0.000000
0.000000
0.000000
0.000000
0.000000
0.000000
0.000000
0.000000
0.000000
0.000000
0.000000
0.000000
0.000000
0.000000
0.000000
0.000000
0.000000
0.000000
0.000000
0.000000
0.000000
0.000000
0.000000
0.000000
0.000000
0.000000
0.000000
0.000000
0.000000
0.000000
0.000000
0.000000
0.000000
0.000000
0.000000
0.000000
0.000000
0.000000
0.000000
0.000000
0.000000
0.000000
0.000000
0.000000
0.000000
0.000000
0.000000
0.000000
0.000000
0.000000
0.000000
0.000000
0.000000
0.000000
0.000000
0.000000
0.000000
0.000000
0.000000
0.000000
0.000000
0.000000
0.000000
0.000000
0.000000
0.000000
0.000000
0.000000
0.000000
0.000000
0.000000
0.000000
0.000000
0.000000
0.000000
0.000000
0.000000
0.000000
0.000000
0.000000
0.000000
0.000000
0.000000
0.000000
0.000000
0.000000
0.000000
0.000000
0.000000
0.000000
0.000000
0.000000
0.000000
0.000000
0.000000
0.000000
0.000000
0.000000
0.000000
0.000000
0.000000
0.000000
0.000000
0.000000
0.000000
0.000000
0.000000
0.000000
0.000000
0.000000
0.000000
0.000000
0.000000
0.607382
10.439390
0.000000
1.984899
2.187286
0.748091
0.000000
0.724378
1.580213
0.141948
1.571719
0.470621
0.000000
0.000000
0.792928
2.305775
2.421051
0.000000
0.741365
10.129965
0.000000
1.510542
1.621646
0.000000
0.000000
0.000000
1.271367
0.802347
2.591996
0.510617
0.000000
0.000000
0.414661
2.027655
2.355243
0.000000
1.197918
10.040363
0.000000
0.783467
0.889853
0.000000
0.000000
0.000000
1.850656
1.408856
3.187515
0.678910
0.000000
0.000000
0.573838
1.843317
2.447161
0.000000
1.083226
9.922626
0.000000
0.000000
0.371939
0.000000
0.000000
0.190742
2.443821
1.457887
3.514143
0.927971
0.000000
0.000000
0.311586
1.384106
1.942517
0.000000
0.000000
0.285641
0.553624
1.085240
0.773108
0.000000
0.000000
0.000000
0.000000
0.913689
6.569002
4.644877
0.000000
2.228884
0.000000
3.037643
0.047773
0.000000
0.000000
0.355323
0.421057
0.926111
0.708718
0.000000
0.000000
0.000000
0.000000
0.832466
5.999638
4.432909
0.388235
1.413314
0.000000
2.654431
0.000000
0.000000
0.000000
0.090397
0.000000
0.257309
0.171995
0.000000
0.000000
0.000000
0.000000
1.235754
5.215772
3.521887
0.038267
0.631142
0.000000
2.956331
0.000000
0.000000
0.000000
0.000000
0.000000
0.000000
0.000000
0.000000
0.000000
0.000000
0.000000
1.276733
4.418808
2.085310
0.000000
0.000000
0.000000
2.747954
0.000000
0.000000
0.000000
5.666730
0.000000
0.659180
4.686498
13.173039
10.859874
8.874920
7.983001
8.237988
16.121918
12.763794
5.523786
5.800666
2.542195
2.055116
12.487767
8.333346
0.000000
5.619041
0.000000
2.364054
4.763877
11.795152
6.848493
6.013234
4.266903
3.978505
12.190030
8.688797
2.092436
3.511958
0.000000
0.000000
8.415206
3.005503
0.000000
4.006322
0.000000
2.622942
2.798947
6.805149
1.134243
1.806327
1.148636
0.917134
9.044779
5.737819
0.149509
0.646471
0.000000
0.000000
2.754818
0.000000
0.000000
0.412336
0.000000
1.005149
0.000000
0.000000
0.000000
0.000000
0.000000
0.000000
5.682864
2.024927
0.000000
0.000000
0.000000
0.000000
0.127244
0.000000
0.000000
0.000000
0.000000
0.000000
0.000000
0.525342
3.439231
2.013805
4.757957
0.000000
0.000000
0.000000
0.000000
1.290733
0.000000
0.000000
0.000000
0.874574
0.000000
0.000000
0.000000
0.000000
0.000000
0.000000
1.021268
0.000000
3.610382
1.318802
0.000000
0.000000
0.000000
0.000000
0.000000
0.000000
0.000000
0.993324
0.000000
1.886110
1.678873
0.000000
0.000000
0.000000
0.038360
0.000000
1.844663
1.538704
0.000000
0.000000
0.000000
0.000000
0.000000
0.000000
0.000000
0.000000
0.000000
1.123426
5.430597
0.240334
0.000000
0.000000
0.506543
0.000000
0.000000
0.068531
0.000000
0.000000
0.000000
0.000000
0.000000
0.000000
0.000000
0.000000
0.003952
0.003952
0.003952
0.003952
0.003952
0.003952
0.003952
0.003952
0.003952
0.003952
0.003952
0.003952
0.003952
0.003952
0.003952
0.003952
0.003952
0.003952
0.003952
0.003952
0.003952
0.003952
0.003952
0.003952
0.003952
0.003952
0.003952
0.003952
0.003952
0.003952
0.003952
0.003952
0.003952
0.003952
0.003952
0.003952
0.003952
0.003952
0.003952
0.003952
0.003952
0.003952
0.003952
0.003952
0.003952
0.003952
0.003952
0.003952
0.003952
0.003952
0.003952
0.003952
0.003952
0.003952
0.003952
0.003952
0.003952
0.003952
0.003952
0.003952
0.003952
0.003952
0.003952
0.003952
0.003952
0.003952
0.003952
0.003952
0.003952
0.003952
0.003952
0.003952
0.000000
0.000000
0.000000
0.000000
0.000000
0.000000
0.000000
0.000000
0.000000
0.000000
0.000000
0.000000
0.000000
0.000000
0.000000
0.000000
0.000000
0.000000
0.000000
0.000000
0.000000
0.000000
0.000000
0.000000
0.000000
0.000000
0.000000
0.000000
0.000000
0.000000
0.000000
0.000000
0.000000
0.000000
0.000000
0.000000
0.000000
0.000000
0.000000
0.000000
0.000000
0.000000
0.000000
0.000000
0.000000
0.000000
0.000000
0.000000
0.000000
0.000000
0.000000
0.000000
0.000000
0.000000
0.000000
0.000000
0.000000
0.000000
0.000000
0.000000
0.000000
0.000000
0.000000
0.000000
0.000000
0.000000
0.000000
0.000000
0.000000
0.000000
0.000000
0.000000
0.000000
0.000000
0.000000
5.271381
0.000000
0.000000
1.506344
0.000000
0.000000
0.000000
0.000000
0.000000
0.000000
0.000000
1.215814
0.254420
0.000000
0.000000
0.000000
0.000000
0.000000
1.119173
0.000000
0.000000
0.000000
0.000000
0.000000
0.000000
0.000000
0.000000
0.000000
0.000000
0.000000
0.000000
0.000000
0.000000
0.000000
0.000000
0.000000
0.000000
0.000000
0.000000
0.000000
0.000000
0.000000
0.000000
0.000000
0.000000
0.000000
0.000000
0.000000
0.000000
0.000000
0.000000
0.000000
0.000000
0.000000
0.000000
0.000000
0.000000
0.000000
0.000000
0.000000
0.000000
0.000000
0.000000
0.000000
0.000000
0.000000
0.000000
0.000000
0.000000
