-75.667404
-57.414665
-15.188303
-21.466295
-26.358509
-20.623417
-16.781507
-15.353382
-8.623465
-16.983356
-26.719454
-29.365343
-21.143293
-22.134560
-13.381023
-8.726899
-20.544924
-29.668514
-103.160431
-30.233007
-34.841839
-54.995098
-9.357804
-27.930426
-34.644733
-45.352795
-18.580116
-60.400967
-42.274529
-55.328693
-19.791718
-35.093521
-36.680164
-15.678808
-76.405907
-80.765480
-64.104683
-73.458488
-28.361692
-46.050224
-11.747795
-25.283609
-92.917198
-38.005581
-52.614262
-49.955868
-41.322300
-73.111282
-22.298187
-61.053654
-43.231270
-47.000801
-38.592342
-47.985672
-75.207748
-43.836559
-57.451279
-35.068802
-7.213695
-11.407730
-27.247940
-24.418118
-20.660246
-16.799263
-40.057335
-37.723476
-16.357780
-26.935404
-16.999163
-23.903389
-28.620262
-42.686977
-68.409126
-50.069458
-40.197590
-20.777672
-22.003839
-19.590845
-15.658200
-20.887234
-18.696165
-18.263634
-31.966806
-24.319708
-21.728001
-32.036953
-13.874087
-22.543427
-23.849239
-41.334984
-80.197128
-32.857529
-31.862450
-49.737503
-18.027464
-32.399338
-36.041222
-46.063477
-28.335077
-36.525665
-39.185219
-39.281708
-22.998730
-25.668064
-39.965858
-22.141220
-65.915405
-69.528732
-43.530525
-33.887794
-26.990744
-33.705219
-17.053558
-29.993526
-78.830910
-59.531551
-52.600231
-44.810593
-44.803673
-43.806419
-25.397579
-47.651352
-24.426947
-40.747021
-40.757946
-47.072453
-42.520866
-39.618996
-51.659794
-21.453714
-16.276672
-25.091682
-41.597164
-33.961891
-33.853043
-28.319750
-38.983547
-37.632862
-32.083023
-32.993107
-25.207554
-34.253124
-37.014877
-34.199856
-99.679314
-67.135963
-56.492065
-21.443151
-27.028345
-26.743347
-22.696463
-21.632687
-16.443487
-17.198528
-42.992821
-30.428379
-29.995768
-41.165962
-13.261536
-28.020023
-26.803637
-48.344223
-54.703514
-22.059227
-32.779156
-45.556145
-16.612385
-36.027679
-44.389965
-39.017975
-26.919168
-47.000969
-36.160198
-52.349422
-25.612083
-37.321182
-41.181061
-25.257133
-48.110554
-68.302155
-70.630325
-52.790627
-23.973152
-45.502201
-18.696024
-35.933975
-68.406708
-38.881794
-32.675694
-62.415222
-52.386631
-55.630775
-28.974136
-34.218513
-34.295448
-45.258224
-39.667480
-45.972572
-77.205276
-41.471794
-37.132423
-20.197838
-14.538709
-22.588964
-37.110165
-28.735422
-20.963102
-28.963919
-40.957878
-35.049755
-27.531328
-22.987129
-20.527264
-18.887793
-35.314957
-40.043568
-94.799820
-60.831551
-56.403473
-23.437466
-27.978313
-21.750877
-18.016743
-20.752453
-17.776546
-13.665539
-38.767593
-24.338741
-17.373894
-16.016968
-12.209052
-24.518387
-23.526217
-47.522343
-80.101418
-29.611809
-42.619514
-47.168694
-13.105982
-31.912806
-30.446135
-33.748756
-24.510307
-14.453704
-46.631901
-47.089809
-21.450089
-24.364210
-31.049234
-18.901749
-53.260918
-73.501495
-48.301254
-74.592773
-40.854351
-43.900009
-15.829467
-34.420376
-76.572502
-66.076294
-57.653885
-54.499752
-49.425140
-54.738819
-24.582443
-56.200191
-35.922840
-43.555107
-46.304333
-54.235165
-51.482685
-33.218933
-58.981247
-36.095482
-10.625885
-14.574267
-32.844559
-28.900843
-29.031256
-22.583521
-30.867746
-27.359316
-23.503693
-26.582060
-23.132635
-27.251938
-32.601974
-30.047659
-75.523987
-37.330570
-62.643803
-19.272039
-40.220531
-27.697227
-22.351589
-25.128279
-12.591392
-21.046949
-52.313328
-39.018383
-32.344410
-46.371155
-12.672764
-25.857004
-31.125542
-59.256332
-80.729012
-24.302570
-36.966152
-28.009918
-14.724575
-40.091827
-51.948059
-41.624935
-19.875271
-66.975853
-42.360218
-46.193951
-25.662840
-42.514275
-42.174068
-12.681315
-70.766922
-77.312721
-55.548656
-68.886909
-31.461815
-35.011303
-20.942013
-36.059460
-51.316784
-42.840649
-27.030603
-46.797176
-60.457027
-56.818340
-26.789520
-40.208832
-25.879232
-38.811272
-45.835178
-56.631130
-51.571762
-33.874779
-22.474110
-27.780317
-12.052558
-20.245659
-31.851633
-26.594511
-16.951830
-22.394293
-44.875103
-36.860329
-32.624619
-21.778387
-15.948212
-18.434107
-35.036678
-51.087204
-33.797417
-28.600414
-30.732538
-25.321430
-36.813175
-27.329124
-23.891867
-22.807432
-14.807981
-20.741589
-33.730141
-35.566025
-33.362129
-51.529770
-17.534952
-23.273632
-30.596367
-34.105961
-64.714333
-21.790266
-28.824677
-38.628201
-15.292037
-37.801876
-43.295864
-51.256363
-17.913321
-75.048897
-21.382048
-49.186504
-21.677315
-36.987274
-34.206047
-26.131130
-75.438065
-65.688026
-63.548248
-49.392075
-22.479919
-45.448318
-20.669598
-28.972408
-77.374924
-37.943134
-31.618210
-65.280380
-28.368837
-56.364201
-20.949123
-39.570721
-31.573580
-54.958115
-36.450214
-42.810833
-31.876455
-29.166250
-27.718298
-32.924458
-15.356984
-20.645596
-39.340767
-28.882151
-24.110041
-24.905582
-37.580986
-33.031994
-27.514299
-24.126993
-21.873659
-29.299465
-31.594902
-45.639652
-63.018459
-51.584011
-49.035103
-13.983815
-33.499592
-26.184162
-23.777239
-23.767490
-14.784551
-18.738621
-43.650444
-32.682007
-18.830463
-38.940224
-12.123949
-24.010571
-26.415962
-53.369667
-35.782078
-35.429569
-26.474632
-39.912632
-12.501817
-28.188595
-41.760235
-15.972480
-22.475340
-51.310738
-41.620953
-43.954453
-25.619259
-41.374138
-41.382584
-19.312923
-61.452133
-37.701244
-39.292015
-88.717239
-42.746601
-33.365166
-18.643250
-35.665726
-75.768242
-66.613564
-47.221378
-55.446220
-69.725426
-59.840786
-29.282564
-57.028236
-42.573299
-37.030018
-38.080082
-55.052002
-67.202759
-29.009121
-33.463722
-36.865211
-11.128946
-19.591995
-24.731590
-11.199480
-11.804875
-13.970066
-28.805014
-31.176697
-29.716898
-19.719784
-9.180064
-22.022989
-17.633181
-45.840099
-42.070976
-47.321079
-15.363224
-23.224236
-31.178799
-24.426451
-18.429754
-17.939043
-14.478662
-18.797014
-24.255449
-29.633627
-22.204046
-24.873043
-14.017414
-19.044399
-27.445038
-28.265955
-87.627357
-45.514023
-15.583394
-44.150452
-20.096550
-34.939281
-38.924141
-38.632717
-28.579079
-62.944443
-36.447865
-54.148220
-25.164408
-34.370731
-36.682167
-24.147371
-69.401001
-56.547123
-63.179115
-67.458755
-3.761427
-47.814465
-20.717722
-33.232792
-71.730438
-25.883808
-33.076954
-55.634853
-28.641138
-55.134182
-27.411718
-40.125618
-40.184692
-49.550343
-44.519287
-13.618510
-38.087250
-28.805950
-30.378912
-35.002357
-19.364075
-27.567450
-32.755692
-31.114481
-33.268997
-28.531038
-35.682697
-32.356216
-28.253193
-28.165257
-25.775564
-29.224520
-38.901272
-33.628494
-89.724396
-57.859119
-34.649940
-20.807402
-19.754225
-24.777361
-20.413313
-14.192344
-16.262960
-16.751240
-45.662395
-30.898161
-28.644854
-31.238243
-14.193759
-13.997256
-26.340212
-31.156912
-87.397408
-37.229496
-29.061432
-40.236847
-17.088013
-34.895786
-34.594505
-39.710598
-30.621416
-50.349709
-40.204983
-48.468075
-25.730618
-34.913185
-39.002914
-23.308548
-49.265491
-71.744797
-77.603111
-88.265488
-31.831646
-39.772259
-16.548998
-32.765919
-71.595192
-27.549366
-46.469025
-57.798225
-41.960770
-52.853924
-30.493341
-48.365738
-46.503372
-44.658676
-43.390339
-34.683811
-62.913578
-31.056435
-38.566257
-30.174469
-14.945800
-21.902491
-29.013302
-26.564129
-24.786766
-21.914059
-32.074123
-29.220089
-20.326607
-25.671410
-22.441076
-26.433943
-29.653234
-30.976318
-44.064362
-20.029285
-28.848783
-19.654585
-32.462811
-24.906317
-20.965902
-17.327518
-14.457900
-18.187803
-35.793510
-28.502888
-29.416056
-42.718128
-11.174337
-16.804893
-25.883595
-37.050213
-64.670258
-20.436636
-36.699306
-28.279251
-13.454667
-37.423695
-47.587185
-47.655285
-29.515505
-56.862820
-44.936783
-38.916382
-25.414394
-45.970264
-32.453667
-17.582747
-66.567223
-85.562996
-42.650238
-53.122189
-35.305355
-34.097023
-19.026928
-37.310772
-77.697540
-54.480022
-57.612148
-58.551826
-53.149315
-50.754238
-24.678364
-50.628681
-30.995541
-39.953045
-47.010838
-50.495708
-39.570751
-23.616171
-63.483322
-30.689606
-13.944553
-22.407598
-30.872347
-28.672022
-31.177847
-23.716022
-50.901756
-19.471485
-23.373415
-25.342630
-16.610584
-41.655933
-31.375566
-46.023319
-54.200867
-64.637314
-37.873562
-18.820560
-39.280140
-23.472654
-18.635513
-16.093487
-8.009205
-14.688467
-35.529278
-31.890661
-21.490767
-35.510303
-13.904615
-20.277061
-25.585897
-39.461193
-31.257662
-36.058788
-11.809834
-47.997452
-12.173641
-23.933811
-33.264629
-32.220634
-11.802500
-65.069710
-23.566494
-51.937885
-19.502672
-40.921844
-39.782505
-21.335541
-58.773342
-45.426250
-41.185837
-69.427803
-14.451044
-53.896572
-15.330267
-22.888130
-76.124069
-31.841822
-38.683632
-63.894463
-33.940228
-59.635963
-19.619022
-52.504086
-38.503922
-54.571480
-34.061996
-32.692772
-52.284184
-17.965067
-29.588619
-37.175014
-8.442659
-9.744715
-20.661507
-10.543806
-15.661306
-13.443581
-26.000208
-22.682032
-16.795475
-15.090641
-15.037687
-27.174690
-15.068802
-30.804995
-97.386116
-52.594284
-58.753876
-23.054893
-28.915262
-16.511772
-14.926345
-14.161664
-14.584668
-17.814363
-49.125908
-29.091436
-25.049162
-48.339310
-8.676289
-21.285084
-17.110594
-38.077587
-49.728333
-23.442234
-23.894192
-45.936695
-12.954761
-26.380522
-44.646969
-55.624313
-26.635958
-96.440536
-30.664055
-32.968124
-17.116407
-47.451897
-48.801250
-18.811068
-48.278225
-68.890472
-28.781185
-43.538372
-13.535829
-32.257973
-16.531790
-28.689528
-89.198586
-52.458282
-37.271282
-63.717422
-41.354935
-45.697830
-18.956781
-32.929947
-27.513689
-49.274979
-33.648277
-32.840286
-50.456234
-30.586201
-54.278118
-23.855177
-8.648031
-9.781451
-31.128633
-41.709808
-29.741589
-21.308910
-46.278645
-26.730696
-20.356625
-29.613110
-23.938583
-43.641792
-25.609713
-35.387177
-77.031219
-50.698715
-51.012272
-22.290768
-33.321106
-10.027330
-8.641033
-11.967424
-16.545637
-12.093138
-31.279760
-17.173769
-11.088415
-21.860617
-16.056931
-18.345726
-16.357611
-38.143257
-92.927788
-35.286484
-52.337967
-58.343033
-16.473482
-28.366667
-40.598999
-46.263878
-42.691566
-34.791649
-45.404984
-37.584408
-20.096087
-42.753052
-42.596203
-26.793308
-84.029922
-82.562157
-38.966030
-73.079224
-45.452579
-35.609406
-21.737577
-29.190668
-80.327316
-72.878983
-53.541729
-46.056732
-51.130512
-40.990097
-22.778610
-47.480553
-30.057232
-46.382389
-32.129028
-43.001480
-51.069836
-28.199818
-33.608116
-36.897156
-14.623453
-13.728048
-25.882751
-34.035072
-39.177006
-25.937870
-46.970234
-40.325653
-32.189049
-36.763245
-28.061529
-38.460777
-29.073896
-36.557430
-52.387474
-28.742170
-26.877701
-13.283873
-28.292223
-16.852594
-13.939107
-19.232367
-17.116989
-13.494946
-29.353689
-18.516998
-15.955855
-28.093908
-9.673294
-13.913618
-14.707678
-33.868572
-73.030060
-31.926664
-30.046093
-35.226589
-13.185276
-23.940960
-36.722610
-33.738209
-35.072655
-31.202431
-45.775677
-31.714619
-19.788979
-32.085526
-32.388912
-16.067669
-52.708672
-69.119942
-46.918232
-58.643776
-28.368412
-23.479790
-15.795985
-28.397163
-64.705666
-56.742565
-55.576965
-39.526390
-52.431461
-45.207073
-21.696499
-49.432606
-37.878860
-22.541393
-33.180676
-49.201496
-31.931351
-15.863298
-22.974928
-22.019314
-11.364897
-18.272013
-24.938435
-37.461208
-29.277439
-23.465454
-35.621700
-27.546005
-25.656429
-22.953777
-21.987484
-20.376978
-23.304390
-39.217690
-81.159218
-55.970612
-51.187695
-23.788065
-37.520126
-27.154129
-21.972635
-24.711304
-14.651295
-16.341515
-50.200901
-34.015305
-31.000511
-43.095020
-16.208252
-29.550354
-29.422859
-49.087364
-55.364391
-14.888470
-28.534449
-46.984406
-13.482869
-29.649658
-51.510426
-40.802547
-31.092518
-44.894360
-48.438438
-58.428741
-29.583927
-49.490738
-39.996597
-26.104267
-65.742416
-73.234390
-49.160805
-83.855103
-38.631176
-47.583317
-20.858253
-33.981266
-73.179657
-54.303959
-43.742176
-71.767075
-63.875561
-64.646866
-29.592243
-54.662388
-51.977173
-44.717018
-43.101852
-52.134632
-63.529968
-26.979538
-46.883419
-35.166378
-10.907006
-15.757869
-34.900494
-22.884657
-36.776405
-22.379644
-50.466755
-39.200401
-27.905350
-35.237217
-21.106905
-36.971142
-31.459658
-52.357437
-88.711182
-54.112968
-57.112240
-20.376860
-28.584410
-16.996328
-12.426181
-21.538256
-16.954954
-12.859723
-29.367912
-21.662249
-29.211979
-50.133690
-19.020494
-27.513699
-25.893661
-38.779282
-106.064957
-37.650787
-42.264824
-30.360615
-16.155880
-28.037146
-41.224972
-33.153698
-26.748680
36.676491
-34.214214
-52.364304
-21.271587
-18.695545
0.548554
-16.211485
-74.849548
-79.688980
-86.981468
-89.916290
-34.724579
-48.716042
-21.425508
-24.963341
-43.027897
-47.746529
-44.689514
-60.634232
-45.319778
-62.680115
-23.106251
-50.778770
-28.571321
-38.728382
-44.106434
-59.208981
-55.466148
-36.165768
-46.064617
-39.563236
-14.356570
-21.784094
-35.457714
-36.500507
-24.627687
-23.533190
-55.025234
-36.133934
-29.028221
-23.693024
-18.501383
-39.691246
-43.038254
-59.229359
-82.661430
-38.441776
-62.290367
-21.576986
-36.132114
-18.154684
-16.833025
-19.474562
-12.889665
-10.962889
-36.867535
-15.212448
-21.616669
-56.533844
-15.112281
-33.938431
-17.432787
-57.260365
-45.571529
-17.185125
-21.978220
-37.205589
-15.520417
-23.570498
-48.376759
-45.557610
-25.842491
-41.163918
-18.024595
-34.023129
-16.874868
-32.248192
-42.668461
-33.090725
-42.232811
-76.055222
-71.822464
-69.938370
-33.043106
-31.776625
-18.977747
-27.160929
-60.287155
-42.615078
-38.578430
-71.236908
-46.757381
-51.187519
-22.037127
-50.866707
-36.262821
-35.845055
-32.931671
-47.841145
-71.754219
-38.109615
-37.361191
-29.605701
-15.358579
-19.931948
-42.110134
-19.333254
-26.056112
-19.576637
-31.561369
-24.925072
-27.200531
-25.287457
-15.955346
-29.268747
-20.773989
-48.400330
-53.173805
-28.367411
-26.041485
-20.995249
-22.843203
-25.099350
-20.384443
-13.874598
-16.266693
-20.833342
-33.812675
-31.379829
-26.341057
-38.291859
-14.807797
-23.708248
-27.414604
-9.781394
-97.112312
-24.288603
-26.698202
-44.480907
-13.153504
-28.430099
-39.778461
-38.156776
-29.127838
-71.036568
-34.757969
-48.171543
-28.364796
-43.406265
-32.411186
-26.760799
-55.334377
-43.597332
-67.287094
-76.341515
-37.795361
-42.732216
-15.742351
-32.714596
-72.542969
-37.876442
-56.970184
-62.264610
-41.233849
-61.870827
-30.532614
-59.044025
-46.625023
-48.055340
-34.997234
-35.678150
-67.971962
-35.856304
-48.292137
-39.885002
-16.409821
-26.284702
-35.073517
-34.674503
-32.305225
-28.615536
-43.583885
-38.138332
-22.750130
-32.788971
-24.111866
-29.420176
-32.445759
-47.516205
-86.668167
-35.515800
-60.675453
-20.482342
-27.552465
-19.147568
-16.942995
-17.937603
-14.377058
-18.392941
-48.434299
-28.338785
-23.888340
-38.790379
-9.821906
-22.437021
-22.278563
-39.838154
-52.405479
-6.302041
-28.989597
-48.209755
-13.883509
-36.834518
-32.095913
-46.974777
-24.162029
-66.479713
-35.622410
-36.845325
-23.390980
-34.344711
-46.948723
-20.881260
-54.510555
-51.142948
-26.531487
-19.133713
-16.662775
-29.071714
-17.527220
-35.065258
-80.636696
-42.566921
-45.243916
-63.254185
-43.271702
-49.737057
-24.742874
-44.950222
-33.506153
-38.344856
-36.846485
-31.566219
-52.330540
-33.974957
-45.474888
-25.653704
-14.056550
-21.638367
-38.239315
-33.748329
-27.898867
-27.209229
-41.988899
-37.802105
-24.083672
-30.223553
-21.962111
-29.739824
-32.015186
-33.603439
-80.642532
-41.365803
-35.604771
-17.071695
-23.262424
-25.307167
-15.912017
-7.710435
-3.871426
-6.964750
-37.405228
-21.965843
-27.005936
-47.527203
-8.947455
-10.915897
-21.671112
-20.712910
-67.454483
-23.632963
-34.692455
-37.462608
-12.790650
-35.629662
-31.000860
3.660284
-13.193920
-6.170796
-38.407883
-48.062057
-23.753971
-24.146458
-3.035935
-8.923761
-50.583481
-56.544064
-78.863419
-77.662117
-20.176884
-36.377899
-17.656652
-30.515617
-41.623615
-29.200499
-42.003654
-36.340214
-31.360817
-55.692772
-23.040289
-53.119511
-24.736162
-23.057508
-34.577969
-45.636265
-62.202911
-29.485151
-46.667461
-35.885418
-16.857840
-21.723927
-9.566881
-14.930391
-21.112740
-4.181863
-46.973236
-30.312105
-15.950545
-27.685398
-10.207434
-34.288857
-15.390517
-41.520725
-88.680809
-65.960526
-38.732933
-25.107334
-28.450668
-21.195044
-16.873381
-22.007040
-17.710007
-18.566017
-43.931797
-25.956194
-23.763540
-34.941139
-13.015085
-21.432600
-23.009514
-45.643749
-71.200043
-37.919365
-24.492010
-47.592278
-20.152159
-27.702217
-45.244183
-55.558304
-40.747612
-59.484509
-48.021385
-43.331123
-23.677687
-41.150738
-51.359512
-26.980803
-73.287399
-71.569824
-66.453758
-89.279839
-34.595398
-39.255386
-22.402761
-34.884087
-83.965599
-51.914902
-52.943329
-66.520996
-60.286743
-54.461765
-28.275850
-51.829399
-52.189957
-46.201931
-45.192490
-43.986557
-65.063980
-43.710659
-58.941513
-31.237013
-16.106207
-23.134775
-43.235683
-40.192486
-37.985790
-32.908646
-45.768116
-33.039894
-31.422483
-36.067982
-26.618336
-37.267803
-39.230846
-49.282909
-50.769581
-33.729885
-38.480263
-27.097019
-33.703930
-28.018618
-23.721622
-24.958538
-17.075998
-21.180573
-42.719048
-33.416786
-28.211208
-44.730137
-16.174320
-26.346464
-32.338940
-40.586418
-75.518654
-27.733145
-30.865522
-67.949455
-19.528894
-38.602795
-52.105923
-35.304714
-37.169708
-58.862839
-49.077606
-54.141273
-28.814051
-50.026577
-40.723186
-23.791315
-72.672562
-65.008430
-71.172745
-57.919060
-39.275673
-45.727203
-24.488869
-40.884689
-87.925400
-47.975945
-56.640594
-57.103828
-65.733078
-70.122833
-33.434544
-61.271385
-34.631035
-40.922520
-36.771900
-44.522900
-77.789566
-49.285229
-74.718025
-36.689190
-16.836449
-26.815144
-31.769638
-36.951717
-36.726288
-25.827795
-63.354630
-46.054543
-32.753960
-42.194458
-23.515991
-43.781914
-34.456623
-53.038734
-48.729969
-24.025782
-35.694019
-16.296249
-25.918652
-15.447162
-12.981602
-18.728510
-17.456316
-14.775020
-32.586205
-18.658159
-18.442093
-31.682392
-11.408053
-15.945613
-16.243359
-36.518135
-74.282440
-38.813183
-21.455559
-40.218204
-17.766363
-28.715851
-33.985596
-39.415779
-30.793646
-46.563728
-30.940533
-24.204460
-17.320187
-29.168161
-33.555508
-19.512440
-51.936432
-53.257347
-42.533070
-55.831966
-11.400347
-23.905315
-19.082157
-26.397274
-59.314205
-48.568253
-28.715479
-44.331230
-33.816372
-25.590742
-17.137344
-24.644001
-25.403967
-33.243980
-35.019878
-23.524866
-44.790607
-29.669559
-30.447458
-26.036160
-15.913166
-21.623409
-28.667938
-32.881886
-29.745947
-23.114000
-37.841190
-30.269022
-26.313322
-28.141335
-22.413086
-25.827532
-29.342810
-29.670948
-69.171379
-36.354374
-49.998543
-23.360090
-42.632362
-27.355623
-25.598774
-21.435310
-12.522371
-17.912312
-42.986671
-31.473480
-30.290768
-42.612820
-13.943055
-26.072292
-29.635969
-49.369099
-60.218662
-29.036272
-39.319836
-37.979496
-11.246718
-39.608528
-43.263481
-39.703991
-21.072859
-54.529396
-38.222252
-45.281357
-27.115227
-38.766068
-50.083458
-23.366812
-69.252403
-76.922867
-47.500694
-58.338100
-41.590660
-34.597839
-17.134865
-37.471527
-73.675987
-67.030060
-55.180542
-66.506325
-50.556679
-60.308563
-27.980627
-57.429428
-52.824158
-38.455082
-42.272495
-66.024826
-37.277954
-24.617392
-50.611130
-35.800976
-11.614604
-19.779036
-36.096840
-6.461432
-20.453197
-9.860883
-26.458509
-27.661747
-28.720327
-21.490656
-13.060998
-23.225502
-14.737832
-43.217751
-35.233536
-46.393726
-4.890402
-14.715443
-33.507702
-22.980762
-19.277056
-17.381462
-8.147857
-14.988056
-14.121786
-25.903955
-20.840918
-22.115719
-9.381917
-7.244944
-21.070498
-40.713631
-88.781166
-38.655678
-34.104118
-40.199387
-13.270865
-30.307774
-36.908115
-35.070782
-20.286060
-47.017956
-40.273636
-39.971855
-19.340677
-30.277359
-35.956196
-15.496414
-67.450905
-80.737648
-66.571838
-96.737000
-29.347137
-33.955235
-13.304317
-30.950796
-86.852516
-44.433064
-43.715931
-58.450500
-46.691837
-48.709484
-22.735281
-51.195778
-44.267433
-42.731010
-42.268375
-44.694569
-50.997887
-25.902336
-22.410984
-30.138653
-9.939437
-13.589998
-20.680590
-11.881790
-9.308928
-15.685279
-22.911129
-19.324055
-18.250359
-11.256562
-12.043545
-9.755579
-17.549797
-36.411087
-85.205635
-31.653919
-54.230091
-20.536392
-43.389603
-23.842340
-22.826679
-20.557510
-8.129695
-17.504267
-50.824421
-33.268288
-26.943861
-40.709618
-14.882032
-17.282290
-26.384247
-50.660316
-106.052605
-30.912207
-28.802191
-49.849560
-9.409195
-34.689106
-42.789734
-30.832617
-14.178196
-77.466545
-34.452122
-48.505196
-18.452520
-43.561066
-48.009258
-11.956572
-58.532547
-57.435631
-57.166138
-71.955498
-25.729094
-49.562748
-15.333859
-35.026646
-89.594490
-37.672852
-39.903152
-59.364609
-48.261837
-64.778526
-20.480427
-54.643398
-40.252373
-48.533291
-42.542019
-43.758312
-65.420387
-21.651180
-40.514011
-38.319653
-5.935509
-11.456985
-21.750145
-19.949749
-15.636405
-12.288790
-34.900024
-32.433029
-18.043262
-17.247149
-12.970324
-28.170429
-20.721251
-36.252045
-68.903160
-45.824787
-54.526550
-18.051537
-36.644547
-20.792986
-17.534567
-19.877157
-15.395761
-16.205677
-48.326618
-29.209383
-24.142700
-22.026995
-11.566615
-24.812088
-25.963680
-54.607937
-56.094936
-39.967369
-36.582012
-55.255821
-14.058869
-32.034134
-44.120724
-52.950695
-21.337774
-49.845654
-46.425804
-41.149456
-22.409039
-38.552483
-41.178604
-15.729379
-66.395218
-91.734596
-40.543526
-69.280876
-35.774803
-31.972120
-15.672315
-29.400164
-94.459656
-51.864933
-42.739254
-57.578712
-60.840408
-51.021210
-23.815897
-50.110222
-40.815739
-33.495010
-53.594425
-54.179543
-32.945835
-23.920057
-15.282957
-34.079636
-11.602167
-15.625252
-32.808464
-10.174162
-26.977728
-14.757912
-38.020405
-39.472851
-27.067625
-26.700087
-14.036997
-15.671130
-22.410679
-30.726212
-65.645348
-61.629211
-28.013788
-23.955486
-22.317497
-22.977203
-16.809759
-20.801943
-17.882738
-18.916679
-32.803890
-27.255247
-23.373968
-30.597784
-14.612989
-20.736742
-25.099798
-32.612831
-77.226448
-34.077854
-18.498697
-51.613335
-19.737772
-30.580854
-43.466759
-56.903881
-34.950977
-61.858879
-36.064125
-49.028526
-23.174654
-40.578205
-38.420902
-24.546707
-69.428131
-71.545715
-64.217941
-64.729294
-10.782655
-46.404690
-20.564554
-28.096582
-82.857155
-41.800392
-34.154018
-55.186432
-36.897881
-42.432892
-25.954983
-35.293392
-30.775686
-44.565659
-42.608479
-32.036041
-36.562862
-24.155519
-18.439346
-32.183575
-18.698288
-27.658129
-40.491680
-35.107479
-36.965675
-30.431234
-39.562469
-40.614613
-31.528242
-34.777039
-27.046101
-27.682951
-38.462257
-35.579605
-130.966080
-85.255486
-60.440578
-24.547491
-28.994608
-25.187334
-21.045710
-17.981169
-14.976527
-16.201456
-50.594860
-33.409153
-31.221903
-44.332085
-14.968794
-24.689037
-28.044018
-32.724762
-87.524429
-33.852859
-23.272587
-43.136341
-17.800495
-33.056206
-45.471420
-47.907654
-24.643822
-55.881184
-27.070356
-57.122807
-22.266077
-35.114990
-35.176445
-26.329967
-65.342232
-57.562214
-87.221764
-96.140358
-15.926868
-48.347061
-21.077551
-27.910063
-69.993683
-37.346783
-30.172049
-74.517494
-37.776539
-58.490814
-24.636385
-38.465240
-43.280899
-43.583984
-37.389809
-31.787878
-61.044094
-36.468761
-34.319756
-34.181465
-17.095201
-21.986401
-51.336544
-36.376587
-28.335407
-31.605173
-46.582390
-42.500473
-27.581400
-32.581085
-27.647966
-27.349028
-38.759266
-36.969627
-23.072145
-40.073563
-0.283741
-16.640965
-24.788725
-19.613476
-19.022467
-17.288483
-12.130689
-15.727540
-16.516813
-21.725433
-15.433185
-14.294680
-11.213187
-10.200237
-23.274008
-22.902430
-77.623817
-36.702206
-20.882032
-41.668545
-16.173147
-29.562883
-42.141804
-36.331360
-33.354645
-49.121628
-32.504181
-29.994438
-18.407351
-37.302017
-32.723167
-17.839380
-54.751366
-60.005951
-66.993248
-92.186096
-29.217272
-28.682663
-16.685251
-31.908396
-76.560791
-28.402498
-42.957371
-39.037109
-40.476959
-36.895645
-23.748644
-37.282249
-31.239130
-36.903992
-30.469904
-33.518436
-61.527367
-38.366383
-32.540958
-19.891502
-13.991047
-24.510078
-31.462173
-26.986065
-19.905432
-22.757824
-31.161097
-30.073156
-23.302715
-22.350853
-16.868507
-26.683571
-29.052530
-42.570061
-51.591007
-50.513725
-27.107695
-21.915968
-31.783157
-29.269524
-21.945992
-24.202219
-17.425362
-19.413315
-35.395634
-39.356686
-23.394178
-48.188129
-14.093134
-16.221525
-29.874813
-40.282173
-79.266098
-29.894558
-28.157930
-53.232861
-15.023633
-30.791548
-39.538925
-46.099922
-23.079168
-59.421494
-41.876373
-63.784706
-26.116104
-35.481949
-35.498051
-19.159872
-68.137894
-62.655293
-53.135475
-71.466309
-31.964565
-56.370041
-20.330282
-34.208279
-77.441635
-53.899597
-59.322086
-75.679459
-50.868553
-79.037567
-27.651890
-63.048450
-45.582096
-56.362049
-44.198238
-55.066517
-68.598282
-23.696712
-45.326580
-39.739094
-11.864416
-16.081770
-39.906330
-44.212395
-36.983257
-29.159805
-46.481701
-43.386898
-29.725325
-38.815758
-27.798889
-45.354557
-39.078777
-42.517567
-34.941471
-64.887772
-14.885361
-10.671743
-24.301208
-19.268240
-14.756027
-19.861397
-22.420921
-16.028500
-46.319698
-39.513908
-30.660099
-32.965717
-1.351916
-2.931784
-22.704887
-6.747696
-42.060459
-51.073868
-8.490349
-36.051624
-13.764950
-26.063181
-28.318674
-25.561201
-28.827839
-23.959688
-36.730038
-44.726131
-23.992517
-11.630276
1.161485
0.838543
-45.635452
-41.287830
-29.615440
-72.376106
-11.502258
-16.497929
-10.722862
-17.359167
-48.154652
-38.692402
-25.894487
-29.133980
-39.981209
-32.746838
-27.501680
-0.196547
3.180947
-8.031353
-24.502733
-16.933580
-56.729633
-53.662243
-29.182384
-19.685339
-9.876949
-22.313221
-12.677385
-25.718815
-32.775749
-14.045816
-45.398148
-44.498367
-30.279510
-12.892981
-2.988266
-18.392078
-17.320299
-23.307808
-34.688881
-75.819633
-32.752728
-20.163002
-30.788704
-27.572504
-21.337515
-30.561081
-27.048759
-20.371849
-32.259167
-25.400085
-25.247871
-24.925678
-17.834913
-18.998020
-37.644146
-42.311245
-48.389332
-54.789600
-12.902201
-34.457668
-21.452709
-30.470524
-39.528236
-38.260956
-33.297852
-25.157928
-25.575361
-35.323460
-28.347740
-27.420887
-19.932781
-12.747441
-55.852753
-37.940128
-47.167507
-86.070114
-18.192829
-35.077747
-23.188961
-27.270042
-42.552105
-27.066921
-30.900452
-38.376663
-39.213490
-29.773510
-29.688227
-14.419894
-11.216146
-24.045261
-32.927746
-31.004765
-41.008114
-58.841934
-35.887901
-22.124687
-14.814668
-22.047743
-39.573662
-37.385944
-37.092915
-30.589325
-35.173828
-27.800081
-36.881710
-29.025347
-24.210167
-32.840324
-35.881104
-32.761868
-75.018990
-54.952030
-18.358515
-12.058243
-22.189226
-19.732992
-20.268728
-13.426906
-22.860586
-11.379455
-50.997456
-30.212652
-16.877974
-21.664312
-12.288373
-8.736834
-29.866816
-7.100513
-87.703987
-59.303501
-26.109388
-14.369471
-13.206624
-33.885319
-28.871290
-34.692909
-47.119072
-31.665895
-49.846569
-45.902225
-22.340282
-29.321939
-13.027411
-20.804781
-71.272041
-60.621319
-52.887260
-97.312225
-26.009100
-26.472866
-24.405750
-43.163319
-51.323311
-3.120715
-57.301910
-62.965111
-23.470789
-50.184322
-27.010445
-42.665863
-36.374752
-36.418335
-35.205635
-34.948036
-45.486263
-44.232536
-41.202374
-31.054918
-17.522371
-27.567438
-25.808933
-37.224422
-21.122107
-30.346884
-31.929159
-19.741776
-15.510851
-17.572430
-13.510712
-36.863564
-41.571396
-51.680218
-24.330448
-47.547928
-24.953306
-17.625933
-4.236750
-5.713951
0.702261
-6.199641
-16.531467
-9.307503
-40.258026
-30.958012
-17.599030
-23.916784
-11.141091
-16.768274
-17.567566
4.802965
-48.393707
-55.115131
-21.478867
-40.049828
-10.046412
-10.043729
3.549022
-2.837741
-25.301872
-44.582001
-41.987061
-37.489384
-18.759113
-35.031769
-24.287285
-14.685864
-7.898608
2.059531
-35.562527
-80.836388
-17.407194
-31.113359
-5.985409
-8.264352
-18.449440
-26.660345
-33.831837
-31.400114
-33.514744
-42.208324
-16.766481
-37.750656
-31.398832
-26.611328
-19.425638
-9.200021
-43.335972
-34.457031
-13.618206
-30.428831
-6.723526
-1.053422
-3.332709
-14.449438
-26.614872
-2.137260
-41.681999
-24.707430
-4.057245
-20.951143
-18.421244
-24.103930
-3.006794
-24.611563
-51.772991
-60.031902
-47.798923
-16.348669
-19.633314
-4.938097
0.724751
-18.950304
-21.476137
-6.532165
-39.945927
-22.609777
-13.870148
-26.741440
-11.257263
-20.642513
-12.326141
-30.762674
-37.311333
-43.422070
-20.279358
-46.765423
-11.202921
-8.005331
-1.734654
-12.693017
-28.881002
-16.241888
-38.385731
-37.447552
-16.244427
-18.883163
-38.287487
-17.758251
-39.548592
-21.523067
-37.400646
-38.804623
-12.543262
-35.923294
-14.643917
-8.792286
-16.326139
-43.225140
-42.864834
-28.041330
-42.511345
-48.539478
-17.114672
-40.079052
-26.502064
-41.594894
-19.174219
-31.192335
-44.505898
-41.867260
-14.938862
-24.246254
-8.457772
-7.068469
-0.840188
-31.434015
-21.870779
-18.458178
-31.275839
-26.729393
-21.471617
-17.977634
-21.070223
-12.980549
-21.383228
-27.147951
-52.966408
-50.791569
-9.632820
-15.928240
-20.403625
-28.518492
-24.878353
-28.938652
-35.628815
-25.281754
-45.564903
-37.795059
-22.949268
-32.981709
-22.098310
-10.515949
-29.135777
-17.992697
-115.819855
-54.400063
-28.660030
-25.177912
-13.706600
-37.672497
-42.722603
-19.070290
-49.032761
-58.263428
-46.514004
-47.051453
-21.356247
-36.347549
-31.844282
-22.200733
-60.293850
-55.764122
-65.548042
-107.097237
-25.911135
-38.762856
-14.235771
-33.016544
-65.411980
-26.327078
-74.094910
-47.376846
-27.723728
-50.276825
-19.921749
-56.845772
-40.638908
-34.942581
-30.312679
-35.088760
-38.485203
-29.782404
-24.469507
-34.440620
-9.716358
-16.324322
-9.016117
-15.346203
-30.960806
-5.539221
-36.245609
-18.585279
-7.806402
-11.150639
-16.533855
-25.362284
-8.820215
-39.277153
-58.539066
-70.160553
-35.472599
-19.744299
-31.566784
-9.931284
-4.612768
-13.727932
-22.513460
-6.723660
-38.622341
-17.452396
-15.285139
-16.505772
-5.628097
-8.778042
-4.451171
3.646358
-35.386112
-53.425488
-30.244415
-43.671970
-9.738050
-15.509939
-10.371951
-21.019993
-28.756413
-24.836885
-35.789280
-32.412731
-16.284948
-15.348772
-14.436256
-15.141598
-46.283150
-46.053535
-38.138020
-84.706261
-37.192417
-39.250317
-16.204746
-18.674948
-37.292080
-39.194191
-58.207165
-42.813778
-27.254423
-46.583817
-16.073509
-48.832130
-30.257177
-32.100632
-15.404774
-16.134125
-53.772789
-44.231071
-35.275120
-41.740685
-10.677510
-6.318721
-8.535901
-13.164345
-22.124201
-0.498991
-32.572685
-26.615454
-9.410809
-21.917492
-15.195133
-22.037001
-3.098265
-25.315153
-31.132479
-33.935886
-13.997630
-19.591278
-10.649950
-27.362921
-20.235006
-2.831861
-16.497795
-17.010317
-42.748604
-38.118137
-27.153988
-23.046820
-13.503492
-17.536100
-34.010082
-11.615358
-67.078117
-32.349762
-8.355118
-38.580162
-15.122532
-29.064398
-29.670006
-35.419243
-25.775051
-64.178162
-39.471638
-53.633621
-27.438847
-23.245369
-35.310383
-19.930573
-49.475708
-47.851513
-43.237492
-57.787529
-10.693593
-27.930979
-8.761849
-30.858141
-50.493664
-27.014105
-27.030191
-40.197506
-35.155083
-54.306183
-29.514299
-23.959713
-22.439974
-40.089375
-32.084946
-36.684761
-50.326950
-53.554497
-24.358091
-12.581870
-12.782952
-22.429422
-25.920700
-31.604399
-26.243099
-27.610025
-38.174118
-48.777702
-23.941216
-27.188589
-17.042448
-22.223585
-32.012974
-35.382641
-80.693764
-69.676338
-32.108650
-18.229452
-5.291246
-9.214981
-10.263207
-23.219448
-26.489374
-10.444954
-43.430748
-24.072815
-18.348448
-20.653980
-5.189973
-9.990936
-11.607834
-7.056614
-97.415001
-43.186317
-35.506039
-30.380892
-4.600448
-15.395421
-26.157061
-45.666451
-31.915022
0.619148
-34.707520
-32.994164
-9.457237
-13.105772
-1.413657
-10.377988
-28.938869
-51.127995
-59.224907
-75.279823
-32.767643
-31.265577
-9.078838
-9.075291
-16.699041
-24.691093
-51.582783
-37.855614
-22.248495
-57.383347
-11.086851
-56.789173
-24.144115
-33.284168
-15.991233
-28.668495
-52.562172
-47.404972
-44.037544
-19.859106
-4.512699
-3.715425
2.931886
-17.482346
-21.715815
-3.345702
-31.009127
-24.606838
-8.220481
-22.478237
-14.276920
-32.352062
-9.362946
-23.240589
-71.657257
-51.286304
-30.273193
-12.355673
-11.353198
-28.899910
-24.101171
-22.177805
-34.422539
-21.938091
-60.469646
-42.105999
-22.584070
-20.114069
-15.635117
-22.240700
-39.572720
-28.183477
-58.697414
-43.816963
-23.010365
-27.105392
-16.511385
-26.249727
-25.004131
-41.635052
-33.446754
-15.784111
-46.946091
-44.199860
-22.326719
-20.618454
-14.500473
-15.573181
-46.966621
-57.225674
-39.572598
-63.606869
-19.861330
-16.578503
-10.578634
-25.545948
-24.993925
-26.613110
-45.283566
-27.612282
-38.444237
-54.568005
-24.085297
-38.948891
-22.098009
-31.694088
-30.955744
-42.908169
-41.330368
-42.561752
-33.702641
-14.358166
-8.949450
-17.899685
-1.995647
-20.280230
-17.408085
-15.042790
-28.163918
-30.742519
-17.929953
-16.823570
-6.667573
-16.375401
-21.862186
-37.412132
-64.909256
-79.177872
-49.470875
-20.695251
-22.158686
-3.560611
-4.396575
-19.412785
-26.601723
-9.834918
-35.506985
-21.815002
-16.151674
-19.823879
-10.898890
-20.883617
-12.832854
-31.267408
-28.653090
-55.614689
-25.835571
-34.010883
-11.311159
-16.810518
-18.642801
-35.585518
-34.566273
-13.325553
-29.182531
-38.400402
-14.925933
-18.304438
-25.723770
-21.192595
-46.360996
-47.193966
-53.315655
-68.870178
-9.216310
-34.727848
-14.250836
-10.084008
-36.165245
-51.617245
-40.595055
-55.632828
-37.368423
-40.107574
-13.504332
-29.145781
-26.370468
-28.186069
-26.953699
-30.080530
-36.633484
-59.208305
-30.253265
-25.571234
-11.600137
-10.859399
-43.603947
-42.179256
-40.439980
-31.419596
-52.507385
-36.559418
-24.038462
-34.877556
-31.047596
-30.799374
-38.418907
-30.204697
-65.915283
-68.903847
-32.883217
-17.311352
-22.635609
-17.844326
-15.568347
-20.516602
-24.025276
-13.109874
-40.921501
-27.254532
-26.078465
-31.005299
-5.581675
-9.276029
-11.555940
-13.680931
-38.848145
-42.891758
-31.005424
-16.945583
-10.816390
-25.619267
-35.902317
-40.891479
-32.081963
-46.734325
-26.195999
-37.364349
-15.718690
-30.295494
-19.134418
-16.507729
-27.110729
-43.029945
-53.533073
-64.109154
-28.173649
-34.812965
-14.007102
-16.205311
-42.909733
-41.733196
-58.549076
-59.134239
-25.886475
-53.077110
-14.425039
-52.703796
-32.799145
-25.412930
-21.897339
-22.845036
-12.297637
-44.696236
-38.135242
-30.375141
-11.597869
-12.353986
-14.028781
-17.436901
-28.722721
-6.602432
-28.229088
-11.820434
-12.101896
-8.686486
-14.451133
-29.982155
-1.445068
-14.925834
-58.569038
-55.953453
-25.217644
-10.511415
-27.418306
-5.800485
-6.010927
-17.755775
-9.034073
0.837707
-20.762590
-6.232269
-11.280559
-25.423643
-6.478166
-4.738909
-7.753256
-35.975456
-70.918213
-56.311417
-28.840670
-27.561762
-14.056628
-22.624039
-29.124506
-26.436184
-23.060093
6.332485
-32.198250
-8.323750
-13.129159
-20.829214
-24.471632
-9.412438
-57.565594
-59.931862
-54.702309
-99.005318
-24.301792
-8.661468
-16.539082
-23.859770
-43.456497
-55.767849
-18.121733
-4.017589
-42.352100
-4.895429
-15.603391
-23.597208
-32.871258
-13.251699
-35.523712
-40.310318
-38.495148
-44.871670
-10.856367
-19.777664
-13.897060
-17.494299
-20.554249
-0.101837
-8.042971
2.452042
-20.613903
-16.156330
-24.424042
-23.072636
-18.663084
-25.924910
-15.478258
-39.227203
-47.017578
-71.755325
-28.423176
-14.956776
-43.473969
-30.972166
-22.608393
-28.676468
-32.828964
-22.154606
-43.502277
-37.162937
-33.387100
-40.504089
-10.122972
-13.932825
-27.096937
-31.888189
-97.296295
-62.665764
-22.727537
-33.939289
-19.750463
-56.281380
-56.423141
-56.876789
-57.438213
-65.079308
-38.252434
-54.080814
-27.341774
-38.603634
-30.960848
-26.531708
-85.412895
-62.558517
-66.378548
-83.958817
-8.672222
-35.187859
-22.032858
-40.720860
-90.382370
-45.039276
-59.197777
-88.924622
-31.651533
-39.482262
-27.294920
-22.690601
-41.357643
-31.618746
-41.948372
-27.961950
-24.778143
-43.221653
-7.926819
-32.106487
-19.677286
-38.948269
-49.173462
-27.301603
-60.931385
-27.900091
-44.484863
-36.463745
-35.407528
-24.728807
-22.986794
-36.979191
-20.399323
-29.561007
-36.996689
-47.792774
-24.862213
-16.313753
-27.350441
-16.582008
-14.474402
-19.904205
-20.750029
-10.724936
-28.736713
-18.470663
-18.155603
-28.712843
-12.853397
-10.373464
-17.465374
-35.393723
-52.785297
-48.987598
-29.519588
-11.160133
-11.857697
-27.734266
-36.676914
-38.826344
-33.373165
-40.886513
-27.908108
-30.899313
-18.515615
-31.774790
-36.714439
-20.395189
-59.426605
-58.782761
-33.724403
-70.380386
-26.596760
-34.743065
-18.095715
-30.248602
-57.449505
-41.191753
-47.999744
-41.115864
-30.204945
-24.162834
-19.836847
-38.248089
-32.552540
-37.881546
-32.148762
-34.605000
-15.032442
-42.431091
-34.997299
-32.014534
-15.352723
-19.459051
-22.913330
-15.560130
-14.604084
-13.117671
-18.131948
-6.068696
-20.764162
-13.495310
-15.510502
-30.448793
-22.104395
-30.269735
-53.693947
-48.215195
-14.364071
-9.962189
-24.989294
-15.786736
-13.160308
-19.653652
-21.528015
-12.384057
-43.174202
-24.294046
-19.038401
-31.192457
-14.382121
-1.469167
-22.619040
-36.858959
-75.643730
-55.283260
-23.399496
-20.296787
-17.828300
-40.000191
-41.842251
-55.960899
-48.408138
-43.817257
-42.520615
-28.345686
-16.478106
-30.681242
-36.832447
-18.013649
-76.039612
-58.011280
-50.291008
-81.400879
-20.905067
-10.161695
-19.703764
-36.487827
-72.826889
-39.191647
-58.606163
-34.350368
-46.305538
-36.453514
-17.604792
-38.980518
-25.898809
-29.358700
-29.241755
-35.128098
-49.818851
-59.406620
-31.514761
-11.934122
-17.590950
-32.158440
-46.199104
-40.791046
-46.723690
-31.963434
-58.371140
-45.104744
-32.846405
-36.893730
-22.411512
-32.655235
-40.367821
-39.655014
-51.129173
-48.870571
-16.426989
-12.763288
-29.037130
-19.066645
-13.005701
-19.793991
-20.585636
-10.547792
-30.608555
-20.671350
-19.308212
-22.950991
-4.888412
-10.025828
-10.947135
-14.686761
-41.100010
-41.736530
-17.444469
-24.729237
-11.025195
-16.055330
-27.832348
-32.436829
-23.693342
-7.006206
-30.585978
-28.494440
-16.413181
-19.409512
-9.311274
-11.063643
-26.585072
-29.891853
-50.629097
-74.239738
-27.528149
-22.514610
-14.855099
-12.748956
-21.462839
-45.178162
-36.996895
-23.557520
-43.630848
-49.411854
-15.657003
-47.986443
-15.031502
-15.061795
-11.400579
-11.932130
-25.580988
-45.285187
-36.586720
-29.198650
-9.961731
-8.406966
-4.897480
-5.585872
-6.489988
4.969818
-27.308067
-7.197336
-12.956985
-2.127736
-2.919894
-4.743270
13.616011
-12.119357
-41.685230
-60.587383
-28.623215
-21.633698
-17.732069
-24.106176
-19.677767
-22.775919
-30.706842
-17.372133
-30.801588
-24.634626
-21.747015
-25.707352
-6.109633
-13.748571
-15.824602
-29.602371
-28.332258
-44.364246
-19.037939
-36.572716
-20.170473
-28.554960
-33.811085
-47.602413
-41.761478
-45.650600
-30.434988
-41.688244
-23.240402
-23.400494
-27.329750
-19.150743
-22.487814
-51.673321
-47.764835
-62.234146
-27.125677
-37.777020
-19.272963
-26.701178
-43.346947
-38.010273
-41.156998
-40.997124
-41.599648
-24.950960
-26.524052
-12.817210
-16.083309
-31.499870
-22.058399
-29.944502
-48.495140
-55.544731
-43.482666
-21.207672
-17.955620
-22.880354
-38.034733
-44.364887
-39.501381
-32.559166
-41.227039
-33.603432
-26.742380
-33.018227
-27.547647
-28.988033
-31.156939
-28.265213
-34.389252
-36.919136
-39.507751
-11.116144
-11.833544
-5.045947
-6.418027
-30.124884
-25.619223
-12.984494
-33.151360
-20.126965
-17.212105
-37.659393
-13.343429
-14.860333
-15.750046
-44.384121
-48.256935
-30.511236
-18.448774
-39.591766
-7.371414
-15.058914
-20.299229
-22.833628
-26.216482
-16.402414
-25.711874
-7.233369
-10.236725
-21.885221
-33.106400
-5.938013
-34.789433
-33.666908
-20.039425
-55.437077
-17.379581
-17.488968
-7.071425
-11.579739
-44.428345
-48.166016
-40.953533
-34.711922
-46.612587
-22.986557
-11.613014
-32.810497
-23.935577
-21.942623
-28.570063
-27.101700
-22.301178
-16.062840
-12.150127
-14.063995
1.222726
-3.914961
-11.330619
0.824386
-21.727993
1.756959
-27.294312
-19.815134
-19.558107
-16.668669
-5.278837
-16.683861
-0.997947
-11.652230
-51.876278
-74.806000
-37.365414
-20.891615
-20.636930
-18.908325
-16.313173
-25.510456
-31.732677
-13.758993
-27.094408
-18.935188
-14.460231
-21.236122
-12.486390
-23.483694
-17.120878
-32.589367
-35.719711
-45.043915
-26.965616
-45.497314
-19.476336
-30.572908
-25.644506
-38.276554
-36.159084
-35.647892
-28.945017
-37.656223
-17.502230
-15.885316
-34.315762
-25.430943
-34.793125
-50.747509
-34.310890
-71.303177
-21.531719
-37.412502
-21.844326
-31.846296
-59.692074
-43.599079
-23.862598
-48.866634
-26.983656
-41.411129
-20.303185
-33.102703
-30.831276
-26.176748
-34.556015
-33.843536
-30.778116
-52.585602
-22.794086
-31.117855
-21.633364
-25.655138
-46.362614
-32.275185
-29.807444
-28.754536
-32.743999
-31.082151
-25.754345
-31.881008
-30.239843
-26.476595
-36.599358
-36.714813
-63.453583
-55.579006
-51.568745
-17.932261
-22.387766
-2.945264
-5.050802
-13.597713
-12.667736
-5.233485
-19.528185
6.518673
-13.446092
-31.509188
-8.285143
-19.505407
-9.733297
-31.262074
-67.365143
-46.803768
-29.878298
-25.281391
-14.548248
-25.885242
-37.436920
-43.391857
-27.383095
-21.030266
-14.517817
19.623432
-4.191919
-26.503780
-34.146881
-9.955677
-55.645203
-57.720509
-40.812035
-68.893105
-21.417637
-16.156885
-15.150566
-28.438061
-59.486168
-52.292446
-19.298599
-0.089677
-18.008001
34.857594
-7.828613
-2.198310
-24.452824
-24.564159
-37.202023
-27.428167
-19.689297
-39.668560
-37.350986
-17.879566
-12.579369
-24.608658
-28.404564
-24.429775
-16.958315
-15.886362
-14.377740
-3.677076
-24.944668
-18.440231
-24.003277
-30.894150
-29.804512
-23.076384
-45.429966
-55.088707
-39.097607
-13.556514
-20.545721
-31.736635
-23.463846
-23.632162
-29.145021
-14.217978
-36.573860
-26.131809
-15.650103
-14.697187
-5.343471
-17.125399
-17.748257
-36.875553
-35.897747
-49.003189
-11.863483
-35.899155
-21.931713
-38.531715
-39.058338
-45.480980
-36.650623
-18.698929
-31.898830
-44.136513
-24.855030
-18.265242
-10.332282
-17.167070
-41.817657
-57.444126
-40.705063
-48.339725
-11.642471
-31.383495
-24.302547
-35.908192
-47.001801
-40.492249
-43.874596
-45.595493
-39.051826
-46.432106
-25.254513
-26.851851
-12.871654
-17.911552
-22.187183
-33.777851
-29.233517
-43.952129
-17.384491
-22.294004
-20.858437
-29.093456
-36.839375
-37.033920
-38.106121
-26.256252
-37.861683
-33.451408
-31.050280
-25.368244
-23.371172
-27.797636
-21.956415
-38.443550
-40.791996
-68.724503
-31.746401
-17.114128
-22.105204
-23.099638
-16.751795
-26.451349
-29.937391
-18.342876
-25.319019
-22.096674
-15.870577
-30.108105
-6.246844
-16.380421
-12.981600
-37.415413
-11.143774
-42.279003
-17.022861
-31.393042
-18.820850
-23.820362
-30.337872
-39.825443
-37.759434
-36.956886
-27.819345
-44.629059
-21.207188
-19.972824
-31.342178
-19.475731
-22.420343
-39.507561
-40.743618
-48.139854
-18.384609
-43.632671
-21.686392
-27.015615
-28.142776
-49.530712
-46.564426
-50.629471
-38.638386
-53.053852
-24.559799
-39.423500
-28.337671
-31.879148
-17.589060
-28.642752
-52.999584
-44.137928
-32.887188
-27.528141
-18.014730
-22.446188
-27.779097
-32.519398
-28.228514
-22.263773
-26.303188
-23.942013
-31.209370
-22.989597
-21.238367
-16.543369
-19.115786
-26.494041
-54.799065
-49.316586
-15.235228
-13.473610
-22.441748
-24.818346
-25.306290
-20.797621
-22.595665
-14.610719
-47.139713
-27.547544
-23.603445
-26.069805
-11.058344
-6.001614
-25.332403
-24.818481
-46.038502
-43.888817
-18.552134
-24.847340
-14.822745
-40.267509
-42.015823
-44.085884
-38.204811
-37.723190
-44.161469
-21.758842
-17.444756
-31.150019
-27.792028
-12.335160
-62.211056
-59.376816
-40.335365
-59.204681
-17.712008
-6.297404
-14.311818
-35.042915
-53.704510
-29.865423
-54.753387
-32.967110
-37.015472
-38.275146
-18.074772
-46.038601
-31.085089
-21.797319
-31.412983
-38.043667
-39.139069
-49.035267
-28.502611
-5.626339
-12.152434
-27.365219
-32.773693
-18.898127
-34.971081
-17.515114
-44.377197
-32.280098
-21.356613
-29.237078
-13.774037
-24.581926
-21.993240
-41.718620
-48.209743
-44.411087
-10.965933
-13.225110
-23.027433
-23.511435
-22.587511
-19.973879
-21.539461
-14.933015
-33.169361
-23.848433
-22.171425
-37.513081
-6.667886
-5.628570
-17.899637
-15.157990
-34.637882
-32.287556
-15.636404
-20.665010
-12.167766
-27.772463
-35.203674
-16.595463
-24.535358
-21.841278
-23.838156
-24.563747
-13.890464
-17.246960
-5.979373
-8.632549
-33.142570
-37.979061
-17.258747
-31.841349
-4.797086
-9.058796
-17.362688
-20.220669
-33.055447
-26.156128
-35.304661
-27.442310
-22.003300
-33.575142
-13.534934
-25.320850
3.088994
-10.651990
-12.470288
-25.874598
-10.283773
-47.010662
-31.978926
-15.275332
-12.860515
-20.177588
-10.450459
-37.657410
-14.484656
-28.474585
-31.352436
-15.410596
-16.038906
-7.738121
-11.958451
-15.290747
-27.322285
-27.462656
-48.944569
-57.258419
-17.693007
-17.046936
-21.137281
-22.024767
-20.627258
-18.683935
-24.672163
-12.539404
-30.977968
-23.274570
-20.730764
-23.592361
-7.297726
-8.451408
-14.812714
-24.788586
-34.995613
-35.763515
-23.877941
-33.651371
-12.469257
-32.124538
-31.005703
-31.212347
-34.204662
-47.163277
-31.941208
-37.220200
-19.445320
-21.155941
-28.430609
-20.378553
-29.900549
-53.127525
-32.744175
-50.285381
-25.735683
-30.357164
-16.490503
-29.629194
-62.829723
-27.026388
-36.472404
-55.280457
-25.620420
-46.631268
-22.286541
-43.716164
-32.320236
-20.052689
-25.935854
-37.603142
-39.761829
-53.213444
-35.085293
-26.591875
-16.494345
-22.543293
-36.374504
-20.562334
-19.021570
-22.826925
-25.210461
-23.236242
-18.793451
-21.831062
-17.922644
-17.233082
-23.833044
-33.911350
-56.272774
-47.030506
-22.768629
-5.787568
-22.004559
-25.605921
-22.327936
-26.144712
-24.381042
-12.657291
-48.636513
-29.094633
-15.964811
-31.654070
-12.523863
-18.872702
-20.587902
-24.267921
-69.848129
-41.070995
-17.340847
-41.037918
-5.683794
-20.612221
-26.088297
1.404132
-21.174784
0.108393
-49.192154
-35.610954
-17.120199
-23.949314
-9.081240
-11.779376
-44.759109
-35.636356
-53.875782
-101.304848
-25.372374
-25.297729
-9.261707
-21.551346
-45.631050
-26.447636
-51.207031
-38.657181
-51.899609
-53.717308
-16.715855
-54.906582
-39.808102
-24.113819
-20.460144
-30.422701
-56.863647
-31.842714
-27.120886
-26.473091
0.828265
1.963951
10.187742
1.451559
-3.279125
11.870123
-22.907597
-14.490171
2.757388
-3.745280
2.714686
-8.242357
8.435506
-30.483227
12.727387
-38.512955
9.731873
-16.823854
-29.866796
-26.442623
-20.481651
-21.654655
-17.650938
-16.945492
-10.944700
-23.999323
-26.068726
-31.293898
-14.207644
-6.339351
-27.470860
-40.693596
-51.564716
-39.447464
-11.958283
-41.804394
-20.991426
-36.812416
-41.912300
-29.962641
-41.495964
-67.983391
-35.357071
-29.070421
-24.176275
-43.565556
-44.691578
-15.698231
-48.865154
-45.930874
-33.729637
-71.075798
-14.606119
-19.988033
-21.940294
-34.508797
-58.285099
-41.507786
-33.964584
-25.895027
-49.210503
-30.164740
-26.849632
-23.724575
-20.306759
-23.697037
-34.701359
-36.867573
-43.398994
-53.747860
-31.221725
-17.167877
-16.240248
-29.437382
-29.120893
-31.473146
-29.562950
-24.992558
-45.514725
-38.761280
-35.960701
-32.632984
-29.010220
-33.231419
-37.256485
-45.466568
-54.359184
-60.811123
-50.850941
-19.723982
-33.189144
-20.813051
-15.435191
-29.733149
-29.846329
-17.589190
-26.190981
-20.538347
-16.419676
-31.875547
-11.745244
-20.421427
-17.679487
-46.325371
-60.504189
-49.308022
-26.788675
-45.369797
-23.472765
-32.323666
-35.780575
-52.678726
-40.617317
-45.770840
-25.527895
-35.750637
-17.561436
-30.678461
-42.394489
-17.710550
-41.751022
-52.328541
-49.788197
-74.123543
-22.328959
-46.994492
-23.725601
-28.515577
-38.977528
-60.346039
-20.307144
-13.842288
-38.678043
-6.101547
-18.680611
2.140975
-13.981724
-33.460663
-34.624058
-29.655972
-43.578060
-30.468655
-22.543402
-36.829327
-20.393936
-22.726830
-16.997929
-21.339275
-32.480904
-6.489819
-24.606001
-25.911180
-27.575359
-24.910841
-20.330954
-22.924694
-13.868912
-26.731689
-55.446568
-50.845879
-23.762041
-13.509918
-22.327984
-22.966061
-18.621405
-27.446978
-30.986603
-19.395344
-37.191132
-27.934963
-16.087370
-34.290539
-19.443357
-21.110153
-26.532953
-39.223209
-75.548500
-51.304691
-17.847744
-25.092594
-20.201641
-33.220547
-37.609264
-35.009033
-44.938194
-34.593674
-38.952377
-42.798409
-21.341393
-33.160038
-35.805573
-24.590248
-57.020561
-45.164715
-50.643963
-69.508049
-9.307445
-32.623112
-21.375658
-32.685394
-31.202700
-38.634205
-42.009716
-31.572548
-35.088333
-36.952461
-21.600870
-32.433434
-25.460373
-38.641384
-30.873230
-26.526676
-30.629684
-45.721832
-25.234571
-23.606636
-18.187897
-27.509787
-23.181925
-32.485920
-41.954472
-23.877121
-39.813007
-31.079594
-28.431030
-33.202827
-22.149817
-29.975800
-32.177540
-43.928501
-36.490120
-33.971142
-37.646469
-13.394871
-25.721228
-17.501846
-18.516464
-25.370539
-29.481361
-14.030722
-34.562466
-18.417555
-15.681150
-33.779652
-8.973542
-17.625332
-16.302980
-41.254238
-69.909218
-47.896397
-22.712139
-23.741907
-13.351267
-30.380606
-35.829109
-43.251102
-35.664299
-22.439541
-26.960592
-7.009054
-10.836576
-20.285492
-29.812193
-17.051338
-49.599415
-44.021088
-10.584616
-45.264771
-8.423162
-3.651035
-17.444696
-26.996632
-57.159878
-46.273788
-32.519032
-32.038490
-27.346819
-15.193008
-8.752469
-26.718552
-27.058289
-18.434095
-27.609228
-39.625210
-14.404107
-37.837360
3.137800
-16.422213
-14.309224
-21.386051
-31.131458
-20.851952
-17.648514
-19.047520
-20.386299
-19.515451
-22.350441
-15.460897
-16.289875
-9.929554
-18.781347
-25.075272
-52.856461
-54.246201
-39.053364
-20.713581
-17.791235
-18.709116
-17.531738
-21.943457
-26.078756
-14.835695
-42.377666
-26.737356
-7.754138
-0.859718
-13.779379
-21.234777
-24.678635
-44.509480
-12.697271
-45.008904
-24.658144
-37.457638
-12.569529
-25.504360
-19.947609
-27.923826
-30.729109
-28.503580
-40.819641
-34.328430
-19.182884
-24.471937
-42.627911
-20.330008
-36.809811
-39.380657
-28.628628
-64.229378
-21.362333
-33.866638
-14.303841
-28.773046
-40.543106
-33.654430
-28.149837
-38.164936
-44.905949
-31.884871
-21.789385
-25.659718
-36.606709
-28.340078
-40.789532
-36.263603
-36.901390
-39.895172
-2.694501
-28.674244
-12.000002
-17.455242
-27.448416
-13.463234
-15.747234
-18.988544
-22.989073
-22.125677
-19.286770
-20.139730
-20.166611
-6.275875
-26.998629
-35.946121
-42.856785
-49.043659
-23.341206
-16.575344
-19.783836
-22.744614
-18.673252
-22.705517
-21.167000
-13.437947
-35.262997
-26.656048
-14.375725
-13.127729
-13.651691
-16.824123
-24.334103
-40.138050
-59.497459
-44.998524
-13.773968
-34.379646
-16.506538
-29.629589
-38.378208
-27.565369
-37.199028
-33.475269
-36.489063
-31.588573
-21.943836
-33.355972
-36.115940
-16.554924
-50.514381
-40.510567
-48.397121
-86.329338
-18.218281
-21.779797
-18.921473
-33.393528
-57.505119
-43.183540
-36.570660
-36.557411
-46.616631
-32.939438
-25.335648
-24.135269
-32.649666
-27.238838
-36.590466
-33.750870
-46.961636
-54.236126
-27.999453
-17.994797
-14.063478
-23.291872
-28.347574
-27.753595
-29.527006
-24.258821
-32.348747
-32.532780
-30.085838
-25.209595
-22.497538
-27.369381
-31.233210
-39.599667
-35.332413
-46.983997
-28.301149
-17.349749
-15.126421
-12.261749
-11.421170
1.744238
-12.809178
-8.443565
-28.299376
-16.579638
-21.658014
-19.464046
-9.401027
-16.406975
-18.448095
-9.273609
-59.001736
-47.355747
-23.604408
-25.499268
-11.741139
-25.532747
-31.639093
-37.316040
-28.212776
-53.246925
-40.496834
-22.061789
-20.315491
-33.161892
-36.780884
-15.661643
-52.463444
-55.939079
-37.013958
-68.720222
-19.957575
-32.809731
-10.978225
-35.626431
-58.384377
-42.518440
-30.148035
-26.489408
-32.248734
-13.444478
-21.159306
-21.935209
-34.414917
-40.518551
-37.392414
-33.910591
-22.027235
-37.844463
-32.558212
-31.610209
-16.625084
-25.324497
-23.445282
-32.298378
-12.712627
-21.919685
-24.584465
-12.384751
-18.183142
-12.374049
-24.679903
-33.378216
-31.376446
-40.022655
-17.744431
-43.535793
-22.090088
-16.271151
-24.859400
-19.110722
-16.862915
-18.703964
-20.243233
-19.322750
-19.952118
-20.529087
-18.712736
-21.255060
-14.631179
-19.955002
-23.890934
-40.177101
-38.342903
-37.078632
-25.516056
-24.256975
-16.700378
-31.382378
-29.893515
-30.348139
-31.059725
-53.628502
-36.664688
-31.169626
-22.599237
-32.907459
-35.259232
-17.515430
-45.742577
-43.179596
-32.422718
-70.891899
-21.220078
-30.997385
-21.034147
-32.042088
-46.685909
-35.302589
-17.520374
-29.702932
-40.733688
-21.572010
-24.002993
-7.810688
-25.387751
-33.071968
-31.342625
-32.854210
-29.076023
-43.982147
-34.260159
-28.001194
-15.374875
-20.053089
-28.543531
-24.032286
-22.958878
-22.443552
-34.862362
-19.507578
-27.354563
-23.752884
-20.193398
-28.116484
-25.265100
-36.067032
-135.017883
-99.726494
-48.785976
-11.993394
-48.562965
-34.435253
-24.926197
-33.807995
-29.781286
-21.248810
-62.541523
-41.384029
-29.373549
-41.952827
-5.156766
-8.190575
-25.725185
-53.853596
-106.501411
-63.324810
-27.131664
-43.230721
-20.627827
-49.083672
-45.267532
-47.383007
-27.035629
-42.316216
-39.411221
-65.593193
-29.868668
-18.466885
-12.735627
-17.540686
-51.650764
-94.853615
-113.938858
-159.742844
-21.310478
-47.636421
-24.748125
-34.812347
-47.413296
-44.919319
-19.816820
-53.891541
-48.922241
-44.058033
-32.292236
-1.991364
-17.387318
-39.165203
-40.717342
-37.941326
-102.293472
-57.364887
-55.332001
-40.581940
-18.816900
-29.695194
-11.562666
-19.101896
-34.715939
-6.611583
-44.116974
-42.952236
-34.403744
-16.555058
-4.417829
-21.995543
-12.883458
-40.973682
32.855904
-37.730888
-6.526278
-16.585705
5.200872
8.802160
4.376945
5.235992
-16.703163
-3.443281
-13.928813
-5.785959
-11.020203
-7.072777
-0.806691
-0.406543
-13.691428
-4.757773
50.272564
-13.639915
21.392765
-40.363762
13.458117
6.253368
27.852852
3.517173
18.330433
-21.378365
18.386938
24.739223
5.565536
8.037580
-8.041950
18.010820
-8.442677
-4.534669
72.613342
-39.628677
14.209145
-1.174681
12.374245
9.436960
-24.140213
-8.403022
9.448101
-9.764410
5.514631
6.888161
7.603275
12.049940
-5.796006
-0.623180
-0.901256
14.846090
42.906002
-53.993031
-26.186108
0.523792
12.026608
11.551488
-5.604526
2.453610
0.059164
-4.128954
5.594584
2.624384
0.310025
4.555459
8.716776
14.982304
-2.515354
16.063446
