-0.693116
0.419877
-0.626509
0.186521
0.220310
2.042971
2.330167
1.427411
2.157647
1.654386
1.237319
1.628988
0.854021
0.462354
1.224398
1.257476
1.885048
2.559954
-0.552241
0.353402
-0.710402
0.082755
0.343846
2.129452
2.013339
0.805728
1.847289
1.533881
0.981028
1.647467
0.818281
0.117192
0.923577
0.958078
1.668731
2.380475
-0.370788
0.292107
-0.528328
-0.058079
0.324546
1.828609
1.572561
0.270340
1.531569
1.349169
0.746379
1.502184
0.925875
-0.056123
0.356859
0.391554
1.036095
1.601355
-0.219672
0.230968
-0.182295
-0.164554
0.110706
1.159001
0.883237
-0.313460
1.006133
0.964695
0.486099
1.286452
0.966846
-0.115082
-0.199236
-0.234207
0.352967
0.819355
-0.978069
0.297554
-0.336709
0.142257
-0.259726
0.435711
0.725645
-0.374512
0.297712
0.300472
-0.010100
-0.176361
0.009219
0.102828
0.228064
0.227693
0.106921
-0.103902
-0.923184
0.301532
-0.388913
0.248926
-0.036243
0.624525
0.719629
-0.520350
-0.056988
-0.142080
-0.390456
-0.432747
-0.190629
0.085840
0.088579
0.003994
-0.187943
-0.299646
-0.756289
0.292939
-0.390436
0.430142
0.164977
0.657566
0.594060
-0.677341
-0.443838
-0.520073
-0.590977
-0.556300
-0.326587
0.087409
-0.166692
-0.338400
-0.490793
-0.592786
-0.599032
0.332136
-0.368297
0.703239
0.353930
0.604206
0.341489
-0.872184
-0.852388
-0.688781
-0.537268
-0.447788
-0.334553
0.088425
-0.385354
-0.501916
-0.566492
-0.585948
-0.163325
-0.078844
0.497371
0.679439
0.699755
0.242366
-0.117571
0.276130
0.364503
0.671242
0.402764
0.599768
0.402625
0.270045
0.139166
-0.031217
0.416263
0.348739
-0.195219
-0.201313
0.517949
0.649522
0.533274
-0.003751
-0.342248
0.383541
0.456509
0.842187
0.560383
0.730992
0.484937
0.262049
0.006119
-0.298616
0.283570
0.290550
-0.243690
-0.244353
0.554026
0.563772
0.280990
-0.138615
-0.406610
0.599726
0.548134
0.900382
0.665720
0.790968
0.592698
0.332041
0.077095
-0.425328
0.239909
0.303937
-0.223641
-0.254943
0.583980
0.379685
-0.006403
-0.247379
-0.417445
0.742589
0.532386
0.799419
0.597841
0.677880
0.630611
0.402751
0.266080
-0.447495
0.258943
0.353059
0.122589
-0.849976
-0.274061
-0.614761
-0.724672
-0.993674
-0.703117
-0.078530
-0.632761
-0.200975
-0.349530
-0.221267
-0.005338
-0.133913
-0.228344
-0.492822
-0.663431
-0.360186
0.185158
-0.702200
-0.080581
-0.507725
-0.733174
-0.712176
-0.392469
-0.043104
-0.433064
-0.017713
-0.008006
0.082572
0.191859
0.059435
-0.142150
-0.428247
-0.419538
0.009612
0.182870
-0.558928
-0.004113
-0.420682
-0.664055
-0.291099
-0.063160
0.010298
-0.167290
0.132739
0.225406
0.313574
0.354699
0.205346
-0.000560
-0.168416
-0.008083
0.391376
0.167782
-0.360383
-0.019896
-0.289071
-0.408428
0.168795
0.202036
0.067093
0.008646
0.183553
0.402095
0.517314
0.516594
0.275805
0.101196
0.069191
0.258133
0.553391
-0.510494
-0.077446
0.071066
0.426629
-0.050425
-0.874320
-0.597261
-0.855920
0.299560
0.486153
-0.920262
0.714098
0.643263
-0.672030
0.395295
-0.202036
-0.406273
0.052792
-0.434053
-0.117108
0.211362
0.602649
-0.007199
-0.473190
-0.514075
-0.511461
0.633532
0.563030
-1.150489
0.467638
0.665086
-0.449192
0.597164
-0.142499
-0.306783
0.398006
-0.362876
-0.201287
0.436211
0.713896
0.044539
-0.093458
-0.578028
-0.557199
0.714392
0.493377
-1.230300
0.248514
0.720122
-0.300758
0.536150
-0.277101
-0.245682
0.591551
-0.309517
-0.198788
0.792881
0.912776
0.272280
0.316305
-0.600528
-0.787401
0.582944
0.407709
-1.024567
0.249732
0.961685
-0.167949
0.425989
-0.340747
-0.096242
0.737975
0.358998
-0.036666
-0.430785
-1.638622
-2.180744
-1.905461
-1.419781
-0.768944
-0.563912
0.100487
0.178531
-0.113496
-0.185446
-0.452388
-1.447957
-1.325354
-0.449354
-0.165477
0.371668
0.248366
-0.062082
-1.518425
-2.021045
-1.230643
-0.732330
-0.214337
0.014185
0.363573
0.750094
0.363874
0.231971
0.120454
-0.964806
-0.808594
0.395041
0.633897
0.354029
0.286671
0.415668
-1.270680
-1.404240
-0.308540
0.167986
0.466969
0.398260
0.140988
0.847289
0.413880
0.437895
0.469351
-0.638721
-0.735880
0.664033
0.675292
0.451208
0.469279
0.702310
-0.902979
-0.559257
0.318711
0.402462
0.238345
0.111478
-0.156507
0.677704
0.306057
0.421358
0.348132
-0.588298
-0.861784
0.558665
0.572408
-0.000085
-0.000085
-0.000085
-0.000085
-0.000085
-0.000085
-0.000085
-0.000085
-0.000085
-0.000085
-0.000085
-0.000085
-0.000085
-0.000085
-0.000085
-0.000085
-0.000085
-0.000085
-0.000085
-0.000085
-0.000085
-0.000085
-0.000085
-0.000085
-0.000085
-0.000085
-0.000085
-0.000085
-0.000085
-0.000085
-0.000085
-0.000085
-0.000085
-0.000085
-0.000085
-0.000085
-0.000085
-0.000085
-0.000085
-0.000085
-0.000085
-0.000085
-0.000085
-0.000085
-0.000085
-0.000085
-0.000085
-0.000085
-0.000085
-0.000085
-0.000085
-0.000085
-0.000085
-0.000085
-0.000085
-0.000085
-0.000085
-0.000085
-0.000085
-0.000085
-0.000085
-0.000085
-0.000085
-0.000085
-0.000085
-0.000085
-0.000085
-0.000085
-0.000085
-0.000085
-0.000085
-0.000085
-0.013191
-1.215407
-1.135294
-1.562060
-1.861486
-1.663501
-0.774733
-1.397898
-1.988946
-2.490727
-1.821958
-1.151137
-0.835008
-1.123120
-1.386004
-1.591472
-1.371191
-0.595941
0.491626
-0.237610
-1.085033
-1.423815
-1.927353
-1.590968
-0.572640
-1.432545
-2.203410
-2.301113
-1.379591
-0.612268
-0.143387
-0.460522
-1.390441
-1.374013
-1.289513
-0.014697
0.654235
0.397367
-1.073693
-1.342358
-1.962570
-1.186228
-0.340431
-1.320217
-2.139929
-1.907383
-1.240489
-0.410189
-0.026390
-0.102015
-1.094084
-0.730398
-0.641910
0.779081
0.437391
0.377281
-0.955325
-1.274922
-1.772851
-0.295562
0.291404
-0.953937
-1.799996
-1.278195
-0.941267
-0.158431
-0.002303
-0.031385
-0.697075
-0.152342
-0.222504
0.955679
-0.000117
-0.000117
-0.000117
-0.000117
-0.000117
-0.000117
-0.000117
-0.000117
-0.000117
-0.000117
-0.000117
-0.000117
-0.000117
-0.000117
-0.000117
-0.000117
-0.000117
-0.000117
-0.000117
-0.000117
-0.000117
-0.000117
-0.000117
-0.000117
-0.000117
-0.000117
-0.000117
-0.000117
-0.000117
-0.000117
-0.000117
-0.000117
-0.000117
-0.000117
-0.000117
-0.000117
-0.000117
-0.000117
-0.000117
-0.000117
-0.000117
-0.000117
-0.000117
-0.000117
-0.000117
-0.000117
-0.000117
-0.000117
-0.000117
-0.000117
-0.000117
-0.000117
-0.000117
-0.000117
-0.000117
-0.000117
-0.000117
-0.000117
-0.000117
-0.000117
-0.000117
-0.000117
-0.000117
-0.000117
-0.000117
-0.000117
-0.000117
-0.000117
-0.000117
-0.000117
-0.000117
-0.000117
-0.000164
-0.000164
-0.000164
-0.000164
-0.000164
-0.000164
-0.000164
-0.000164
-0.000164
-0.000164
-0.000164
-0.000164
-0.000164
-0.000164
-0.000164
-0.000164
-0.000164
-0.000164
-0.000164
-0.000164
-0.000164
-0.000164
-0.000164
-0.000164
-0.000164
-0.000164
-0.000164
-0.000164
-0.000164
-0.000164
-0.000164
-0.000164
-0.000164
-0.000164
-0.000164
-0.000164
-0.000164
-0.000164
-0.000164
-0.000164
-0.000164
-0.000164
-0.000164
-0.000164
-0.000164
-0.000164
-0.000164
-0.000164
-0.000164
-0.000164
-0.000164
-0.000164
-0.000164
-0.000164
-0.000164
-0.000164
-0.000164
-0.000164
-0.000164
-0.000164
-0.000164
-0.000164
-0.000164
-0.000164
-0.000164
-0.000164
-0.000164
-0.000164
-0.000164
-0.000164
-0.000164
-0.000164
-0.436255
0.325595
0.299127
0.117489
0.335077
0.161338
0.545538
-0.147687
0.109958
-0.238339
-0.478599
0.229209
0.281991
0.098617
0.319721
-0.250061
-0.109015
-0.148306
-0.511979
0.174463
0.190530
0.385201
0.683116
0.208975
0.560478
-0.229381
-0.147629
-0.672667
-0.810949
-0.066113
-0.025306
0.028511
0.419120
-0.084294
-0.100480
-0.234219
-0.567290
-0.019942
0.063994
0.626386
0.924265
0.189233
0.407978
-0.587166
-0.498934
-0.903742
-0.922527
-0.271990
-0.230063
-0.144694
0.239018
-0.047640
-0.245577
-0.379479
-0.637593
-0.165412
-0.028415
0.769177
1.012330
0.112813
0.217140
-1.076044
-0.805834
-0.857147
-0.813740
-0.308936
-0.238787
-0.358698
0.075998
0.151463
-0.266686
-0.351770
-1.155250
-1.421557
-0.546473
-0.296791
-0.488382
-0.435498
-0.807881
-0.896309
-0.531377
-0.580491
-0.589569
-0.071189
-0.129286
-0.549258
-0.626535
-0.728821
0.005423
-0.594010
-1.115432
-1.164249
-0.356736
-0.099859
-0.588661
-0.702161
-1.182642
-1.254771
-0.491314
-0.497574
-0.354287
0.013967
-0.054587
-0.604575
-0.739889
-1.030505
-0.149568
-0.667404
-1.059981
-0.698494
-0.230325
0.166952
-0.554785
-0.758441
-1.242153
-1.272491
-0.332349
-0.336956
-0.268640
0.034485
0.024535
-0.516902
-0.529240
-0.966065
-0.095724
-0.542305
-0.905131
-0.172424
-0.063723
0.383376
-0.376877
-0.555470
-0.926087
-1.031698
-0.184684
-0.183546
-0.250369
-0.046209
0.040879
-0.338781
-0.283775
-0.837294
-0.268651
-0.636542
-0.552451
1.114735
1.020510
0.157976
-0.110041
-0.339991
-0.341706
1.255441
1.804637
1.260677
0.608444
0.930976
0.147466
-0.256441
0.830021
1.021453
0.877951
-0.195133
-0.584572
0.781317
1.275270
0.503046
-0.027375
-0.309245
-0.781112
0.501902
0.677105
-0.149068
-0.435633
-0.343863
-0.707962
-0.550193
0.296026
0.214899
0.413719
-1.053875
-0.727121
0.413420
1.396927
0.761364
-0.115487
-0.412368
-1.062383
-0.381158
-0.403394
-1.270333
-1.082243
-1.348438
-1.442316
-0.815007
-0.260312
-0.782589
-0.161352
-1.524774
-0.898994
-0.059690
1.003475
0.713060
-0.505794
-0.879777
-1.464097
-1.284364
-1.109089
-1.546205
-1.543696
-2.102067
-2.029234
-1.185500
-0.692629
-1.391781
-0.212445
-1.086972
-0.000001
-0.000001
-0.000001
-0.000001
-0.000001
-0.000001
-0.000001
-0.000001
-0.000001
-0.000001
-0.000001
-0.000001
-0.000001
-0.000001
-0.000001
-0.000001
-0.000001
-0.000001
-0.000001
-0.000001
-0.000001
-0.000001
-0.000001
-0.000001
-0.000001
-0.000001
-0.000001
-0.000001
-0.000001
-0.000001
-0.000001
-0.000001
-0.000001
-0.000001
-0.000001
-0.000001
-0.000001
-0.000001
-0.000001
-0.000001
-0.000001
-0.000001
-0.000001
-0.000001
-0.000001
-0.000001
-0.000001
-0.000001
-0.000001
-0.000001
-0.000001
-0.000001
-0.000001
-0.000001
-0.000001
-0.000001
-0.000001
-0.000001
-0.000001
-0.000001
-0.000001
-0.000001
-0.000001
-0.000001
-0.000001
-0.000001
-0.000001
-0.000001
-0.000001
-0.000001
-0.000001
-0.000001
-0.448782
-0.599398
-0.633371
0.025740
-0.569165
-2.246377
-2.310714
-0.897864
-0.874369
-0.665328
0.362173
0.353457
-0.545369
-0.525621
-0.452387
-0.117760
-0.638512
-1.227924
-0.567385
-0.694749
-0.750187
-0.096250
-0.593398
-2.269831
-2.156551
-0.228489
-0.066181
-0.213214
0.563013
0.608204
-0.335138
-0.320398
-0.317216
0.064894
-0.485499
-1.031965
-0.677926
-0.731732
-0.750018
-0.281028
-0.670135
-2.068415
-1.821864
0.470194
0.679257
0.179394
0.788619
0.781793
-0.198706
-0.097399
-0.163912
0.197572
-0.259550
-0.755842
-0.705654
-0.606880
-0.577593
-0.436397
-0.579279
-1.578390
-1.258717
1.087242
1.164206
0.409875
1.069946
0.977108
0.057308
0.155011
-0.037601
0.220499
-0.017401
-0.530825
-0.000014
-0.000014
-0.000014
-0.000014
-0.000014
-0.000014
-0.000014
-0.000014
-0.000014
-0.000014
-0.000014
-0.000014
-0.000014
-0.000014
-0.000014
-0.000014
-0.000014
-0.000014
-0.000014
-0.000014
-0.000014
-0.000014
-0.000014
-0.000014
-0.000014
-0.000014
-0.000014
-0.000014
-0.000014
-0.000014
-0.000014
-0.000014
-0.000014
-0.000014
-0.000014
-0.000014
-0.000014
-0.000014
-0.000014
-0.000014
-0.000014
-0.000014
-0.000014
-0.000014
-0.000014
-0.000014
-0.000014
-0.000014
-0.000014
-0.000014
-0.000014
-0.000014
-0.000014
-0.000014
-0.000014
-0.000014
-0.000014
-0.000014
-0.000014
-0.000014
-0.000014
-0.000014
-0.000014
-0.000014
-0.000014
-0.000014
-0.000014
-0.000014
-0.000014
-0.000014
-0.000014
-0.000014
-0.000111
-0.000111
-0.000111
-0.000111
-0.000111
-0.000111
-0.000111
-0.000111
-0.000111
-0.000111
-0.000111
-0.000111
-0.000111
-0.000111
-0.000111
-0.000111
-0.000111
-0.000111
-0.000111
-0.000111
-0.000111
-0.000111
-0.000111
-0.000111
-0.000111
-0.000111
-0.000111
-0.000111
-0.000111
-0.000111
-0.000111
-0.000111
-0.000111
-0.000111
-0.000111
-0.000111
-0.000111
-0.000111
-0.000111
-0.000111
-0.000111
-0.000111
-0.000111
-0.000111
-0.000111
-0.000111
-0.000111
-0.000111
-0.000111
-0.000111
-0.000111
-0.000111
-0.000111
-0.000111
-0.000111
-0.000111
-0.000111
-0.000111
-0.000111
-0.000111
-0.000111
-0.000111
-0.000111
-0.000111
-0.000111
-0.000111
-0.000111
-0.000111
-0.000111
-0.000111
-0.000111
-0.000111
-0.000196
-0.000196
-0.000196
-0.000196
-0.000196
-0.000196
-0.000196
-0.000196
-0.000196
-0.000196
-0.000196
-0.000196
-0.000196
-0.000196
-0.000196
-0.000196
-0.000196
-0.000196
-0.000196
-0.000196
-0.000196
-0.000196
-0.000196
-0.000196
-0.000196
-0.000196
-0.000196
-0.000196
-0.000196
-0.000196
-0.000196
-0.000196
-0.000196
-0.000196
-0.000196
-0.000196
-0.000196
-0.000196
-0.000196
-0.000196
-0.000196
-0.000196
-0.000196
-0.000196
-0.000196
-0.000196
-0.000196
-0.000196
-0.000196
-0.000196
-0.000196
-0.000196
-0.000196
-0.000196
-0.000196
-0.000196
-0.000196
-0.000196
-0.000196
-0.000196
-0.000196
-0.000196
-0.000196
-0.000196
-0.000196
-0.000196
-0.000196
-0.000196
-0.000196
-0.000196
-0.000196
-0.000196
1.028604
0.356633
-0.569353
-0.073322
-0.246413
-1.103049
-1.344417
-0.529564
-0.175039
-0.014297
-0.305829
-0.399706
-0.523360
-0.132294
-0.112514
-0.143378
-0.055262
0.398886
0.878368
0.388477
-0.517334
-0.018227
-0.343656
-0.882494
-1.089899
-0.271521
0.309733
0.020184
-0.429674
-0.531865
-0.322146
0.234329
0.421507
0.137526
0.238322
0.705767
0.672912
0.282720
-0.401503
0.068144
-0.300824
-0.605801
-0.925071
-0.439757
0.362777
-0.176779
-0.533820
-0.663565
-0.124635
0.291531
0.586219
0.110724
0.197567
0.730788
0.411934
0.196945
-0.261624
0.124795
-0.225800
-0.490698
-0.850699
-0.891372
0.119107
-0.324874
-0.429696
-0.497168
0.236407
0.123654
0.570428
-0.045539
0.229026
0.925679
-0.082769
0.223470
0.377833
0.206099
0.077038
-0.304650
-0.358013
0.347474
0.316510
0.045508
0.250215
0.262582
0.346098
0.095981
-0.675263
-0.237447
-0.388272
-0.369374
-0.057068
0.197804
0.362615
0.269802
0.147844
-0.262447
-0.287107
0.217334
0.183177
-0.155890
-0.032841
-0.013572
0.081725
-0.188332
-0.685358
-0.430680
-0.551978
-0.414486
-0.031843
0.118948
0.318768
0.257025
0.104340
-0.372007
-0.267230
-0.005684
-0.031076
-0.256779
-0.172797
-0.155530
-0.049671
-0.400625
-0.759813
-0.533068
-0.675373
-0.463956
-0.063380
-0.009413
0.188709
0.134175
-0.010253
-0.625537
-0.346437
-0.301371
-0.314793
-0.322108
-0.325325
-0.240280
-0.128901
-0.515886
-0.798540
-0.521324
-0.674847
-0.446863
-0.533715
0.539749
-0.574214
-0.228258
0.329179
0.655340
-0.532439
-0.969603
-0.047135
-0.433176
0.164296
0.180826
-0.376031
-0.538361
-0.384644
-0.894253
-0.155983
-0.516407
-0.722472
0.070902
-0.674383
0.092858
0.447128
-0.212623
-1.533102
-1.349090
-0.581754
-0.919238
-0.160832
-0.103474
-0.699922
-0.643629
-0.387067
-1.018995
-0.274822
-0.915802
-0.815661
-0.296968
-0.762983
0.091946
0.325000
-1.008253
-2.178811
-1.409720
-1.059639
-1.197731
-0.318470
-0.306130
-0.805580
-0.655525
-0.386614
-0.980159
-0.484552
-1.263884
-0.739394
-0.548415
-0.971732
-0.183493
-0.007076
-1.923617
-2.722280
-1.356409
-1.436737
-1.306100
-0.451243
-0.540539
-0.915061
-0.677082
-0.282936
-0.857692
-0.517137
-1.252147
-0.447370
0.320100
0.314907
0.211537
-0.879014
-1.271790
-1.625273
-0.872782
-0.878808
-0.538388
-0.624414
-0.866152
-0.165623
-0.154412
-0.108260
-0.216994
-0.974639
-0.284531
-0.414509
0.581522
0.718226
0.396738
-1.024387
-0.878158
-0.885717
-0.257402
-0.360445
-0.281471
-0.614108
-0.764225
0.006531
0.439987
0.686054
0.310389
-0.107571
0.491525
-0.290688
0.799986
0.705980
0.235423
-1.121586
-0.446285
-0.168489
0.126329
-0.266154
-0.197213
-0.638019
-0.712786
0.061802
0.850189
1.206582
0.620917
0.583799
0.826320
-0.110992
0.845222
0.284206
-0.137376
-1.053397
-0.410489
-0.012398
0.023418
-0.399499
-0.026700
-0.547129
-0.602327
0.083910
0.924363
1.283890
0.695126
0.951548
0.901709
0.000173
0.000173
0.000173
0.000173
0.000173
0.000173
0.000173
0.000173
0.000173
0.000173
0.000173
0.000173
0.000173
0.000173
0.000173
0.000173
0.000173
0.000173
0.000173
0.000173
0.000173
0.000173
0.000173
0.000173
0.000173
0.000173
0.000173
0.000173
0.000173
0.000173
0.000173
0.000173
0.000173
0.000173
0.000173
0.000173
0.000173
0.000173
0.000173
0.000173
0.000173
0.000173
0.000173
0.000173
0.000173
0.000173
0.000173
0.000173
0.000173
0.000173
0.000173
0.000173
0.000173
0.000173
0.000173
0.000173
0.000173
0.000173
0.000173
0.000173
0.000173
0.000173
0.000173
0.000173
0.000173
0.000173
0.000173
0.000173
0.000173
0.000173
0.000173
0.000173
1.408162
0.230034
0.383033
-0.350357
-0.665301
-0.779234
-0.125123
0.286001
-0.063914
-0.538801
-0.432866
-0.199916
-0.246231
-0.779372
-0.155868
-0.037160
-0.389835
-0.272447
1.413300
0.171553
0.371928
-0.334742
-0.850830
-0.830348
-0.000691
0.106191
-0.257059
-0.518246
-0.463760
-0.473218
-0.371938
-0.818708
-0.217320
-0.071233
-0.336217
-0.122186
1.421895
0.095398
0.244724
-0.384332
-1.012214
-0.842381
0.066743
-0.105152
-0.393978
-0.486244
-0.464537
-0.664354
-0.460966
-0.843986
-0.385055
-0.127486
-0.364052
-0.091882
1.357907
-0.015444
0.037594
-0.496335
-1.196464
-0.948891
-0.069876
-0.409114
-0.486809
-0.433455
-0.499044
-0.804936
-0.544931
-0.881060
-0.587035
-0.160415
-0.429228
-0.157990
-0.898374
-1.221119
-1.200011
-0.795310
-1.162516
-1.784824
-2.240201
-1.520846
-2.067494
-1.229194
-0.000789
-0.128023
-0.812647
-1.028251
-1.593063
-1.373918
-0.782202
-1.091379
-0.810478
-1.283761
-1.034910
-0.801062
-1.176834
-2.071420
-2.273130
-1.083980
-1.806070
-0.639153
0.962803
0.616120
-0.305286
-0.596298
-1.467743
-1.381608
-0.291732
-1.008563
-0.828499
-1.294824
-0.945918
-0.902827
-1.250251
-2.181114
-2.101111
-0.522376
-1.346520
-0.212405
1.403242
0.901967
-0.136335
-0.213651
-0.963277
-0.995958
0.224358
-0.751729
-0.925907
-1.352109
-0.825851
-0.865606
-1.136968
-2.020990
-1.726445
0.049970
-0.806086
-0.071434
1.505830
1.013954
-0.110894
0.091658
-0.419412
-0.635726
0.194186
-0.807194
-0.000249
-0.000249
-0.000249
-0.000249
-0.000249
-0.000249
-0.000249
-0.000249
-0.000249
-0.000249
-0.000249
-0.000249
-0.000249
-0.000249
-0.000249
-0.000249
-0.000249
-0.000249
-0.000249
-0.000249
-0.000249
-0.000249
-0.000249
-0.000249
-0.000249
-0.000249
-0.000249
-0.000249
-0.000249
-0.000249
-0.000249
-0.000249
-0.000249
-0.000249
-0.000249
-0.000249
-0.000249
-0.000249
-0.000249
-0.000249
-0.000249
-0.000249
-0.000249
-0.000249
-0.000249
-0.000249
-0.000249
-0.000249
-0.000249
-0.000249
-0.000249
-0.000249
-0.000249
-0.000249
-0.000249
-0.000249
-0.000249
-0.000249
-0.000249
-0.000249
-0.000249
-0.000249
-0.000249
-0.000249
-0.000249
-0.000249
-0.000249
-0.000249
-0.000249
-0.000249
-0.000249
-0.000249
-0.924466
0.135284
-0.086433
0.264291
-0.150536
0.053975
-0.735574
-0.048227
0.902686
0.178553
0.525085
0.887995
0.404503
0.292993
0.159713
0.233865
0.316563
-0.208660
-0.815256
0.107979
-0.217379
0.298595
-0.027479
0.514379
-0.171279
0.479637
1.264001
0.238922
0.228366
0.637589
0.134181
0.436343
0.780117
0.541112
0.353728
-0.075986
-0.691649
0.097016
-0.375588
0.248392
0.017112
0.568515
0.031839
0.525192
1.225751
0.209666
0.197800
0.518727
0.050437
0.414782
0.885380
0.397250
0.241083
0.013564
-0.651226
0.140890
-0.408628
0.248932
0.083458
0.445735
0.140237
0.483910
0.959439
0.229281
0.472000
0.634205
0.170435
0.377461
0.773242
0.267805
0.239733
0.251317
-0.021342
0.318155
-0.107281
0.327052
0.385787
0.437963
0.618272
0.916410
0.918488
0.154153
0.824294
1.036101
0.049823
0.378777
-0.593902
-0.437518
-0.102849
0.050419
-0.295710
0.184823
-0.249430
0.271470
0.191623
0.210223
0.398612
0.628807
0.908763
0.043373
0.566158
0.739385
-0.078233
0.247691
-0.635253
-0.402765
-0.162699
-0.060708
-0.527232
0.043868
-0.379374
0.106791
0.030516
-0.005851
0.227913
0.328240
0.794650
-0.046676
0.342062
0.419586
-0.125691
0.095016
-0.570270
-0.227625
-0.261670
-0.188842
-0.677573
-0.057582
-0.498307
-0.033084
-0.060183
-0.245367
0.058064
0.136960
0.694222
-0.042725
0.267325
0.141356
-0.066857
-0.015165
-0.438442
-0.069218
-0.285771
-0.251967
-1.011043
0.725194
-0.561308
0.555331
0.060922
-0.195636
-0.297905
0.093335
0.055911
-0.529455
0.129762
0.946369
0.083577
0.058888
-0.119467
-0.339026
1.151333
-0.348054
-0.940172
0.627485
-0.461531
0.463147
-0.060930
-0.491844
-0.695960
-0.090700
-0.209538
-0.728163
-0.061439
0.834106
0.036723
0.038983
-0.187708
-0.586733
0.741520
-0.538897
-0.894947
0.514590
-0.386016
0.347498
-0.208775
-0.646771
-0.959806
-0.256798
-0.409239
-0.821300
-0.178682
0.674712
-0.083934
0.039611
-0.144553
-0.688738
0.480135
-0.621984
-0.895750
0.458238
-0.372878
0.170919
-0.536197
-0.693659
-1.155110
-0.345845
-0.545695
-0.892829
-0.410558
0.355282
-0.315801
0.004468
-0.106941
-0.656388
0.345579
-0.589930
-0.000087
-0.000087
-0.000087
-0.000087
-0.000087
-0.000087
-0.000087
-0.000087
-0.000087
-0.000087
-0.000087
-0.000087
-0.000087
-0.000087
-0.000087
-0.000087
-0.000087
-0.000087
-0.000087
-0.000087
-0.000087
-0.000087
-0.000087
-0.000087
-0.000087
-0.000087
-0.000087
-0.000087
-0.000087
-0.000087
-0.000087
-0.000087
-0.000087
-0.000087
-0.000087
-0.000087
-0.000087
-0.000087
-0.000087
-0.000087
-0.000087
-0.000087
-0.000087
-0.000087
-0.000087
-0.000087
-0.000087
-0.000087
-0.000087
-0.000087
-0.000087
-0.000087
-0.000087
-0.000087
-0.000087
-0.000087
-0.000087
-0.000087
-0.000087
-0.000087
-0.000087
-0.000087
-0.000087
-0.000087
-0.000087
-0.000087
-0.000087
-0.000087
-0.000087
-0.000087
-0.000087
-0.000087
-0.324350
0.344806
0.379051
0.188723
0.175372
1.123181
0.674034
-0.741765
-0.329740
-0.036909
-0.237379
0.401291
0.929683
0.349748
-0.086707
-0.604124
0.854921
0.925457
-0.374203
0.321763
0.237565
0.247216
0.543373
1.590041
0.872505
-0.717367
-0.370724
0.015192
-0.294785
0.631240
1.089025
0.439008
-0.041519
-0.692311
0.980436
1.184177
-0.434913
0.326879
-0.090955
0.289469
0.872192
1.877207
0.895868
-0.665344
-0.272741
0.197332
-0.387945
0.764305
1.268099
0.351160
-0.129504
-0.801736
0.861999
1.243652
-0.448614
0.353078
-0.397224
0.373082
1.113003
2.017297
0.876964
-0.511195
-0.050706
0.517376
-0.271227
0.972735
1.551380
0.231436
-0.159185
-0.705101
0.705044
1.227789
-0.265009
0.452551
-1.836245
-1.101120
-0.965051
-1.843458
-1.750787
-1.714350
-1.198189
0.199589
-0.217850
-0.475965
0.000914
-0.685129
0.182305
0.547237
-1.369948
-1.486801
-0.791708
-0.461468
-2.106965
-0.740262
-0.473112
-0.753291
-0.116966
0.424577
0.213576
1.369788
0.102855
-0.447326
0.132360
0.307836
1.418972
1.714564
-0.253654
-0.933701
-1.233531
-1.557966
-2.136670
-0.740266
-0.409412
0.266891
1.388063
1.775848
1.025030
1.292110
0.023541
-0.761897
-0.166383
0.815149
1.737732
1.383622
-0.033148
-0.821812
-1.421933
-2.188845
-2.084637
-1.163428
-0.905753
-0.025119
1.198613
1.287630
0.988023
0.880824
-0.249899
-1.147219
-0.825540
0.387110
1.199427
0.438608
-0.020549
-0.243522
0.272144
0.400138
-0.108790
-0.537887
-0.337962
-0.679582
-0.744133
-0.581162
-0.359003
0.072405
1.308017
0.868806
0.838876
0.252919
-0.162266
-0.066118
0.053940
0.271948
0.086801
0.314239
-0.265003
-0.395273
-0.402877
-0.927517
-0.880364
-0.761037
-0.338519
0.079102
1.501204
0.934508
0.924671
0.261565
-0.015496
-0.002308
0.060583
0.229667
-0.150131
0.212184
-0.447691
-0.343967
-0.444825
-1.013926
-0.878928
-0.694382
-0.138350
0.134151
1.494446
0.879422
0.871581
0.281697
0.200693
0.240826
0.080520
0.224207
-0.318204
0.156033
-0.577609
-0.307332
-0.469636
-1.075034
-0.879459
-0.576512
-0.001131
0.209482
1.318442
0.755130
0.719329
0.286018
0.385462
0.502269
0.053690
0.209561
-1.082913
-1.075362
-1.768217
-2.703475
-1.871327
-1.152059
-1.719808
-1.278332
-0.623083
-0.387797
-0.608465
0.020608
-0.957837
-1.373091
-1.599136
-1.980109
-0.299988
0.149370
-0.735022
0.020182
-1.072225
-2.540307
-1.616999
-1.012903
-1.646269
-1.096580
-0.273464
-0.358246
-0.046747
0.937567
0.004626
-1.171274
-1.605387
-2.152050
-0.475557
-0.145724
-0.401045
0.635064
-0.518995
-1.879056
-1.195673
-0.695864
-1.258108
-0.851672
-0.040547
-0.535868
0.049921
1.188678
0.376786
-1.010485
-1.235650
-1.921539
-0.504581
-0.608723
0.035216
1.456895
-0.105076
-0.754949
-0.313607
-0.112844
-0.878524
-0.581441
-0.115340
-0.946664
0.100424
1.117740
0.455149
-0.832694
-0.829370
-1.549460
-0.452102
-0.914882
-0.000276
-0.000276
-0.000276
-0.000276
-0.000276
-0.000276
-0.000276
-0.000276
-0.000276
-0.000276
-0.000276
-0.000276
-0.000276
-0.000276
-0.000276
-0.000276
-0.000276
-0.000276
-0.000276
-0.000276
-0.000276
-0.000276
-0.000276
-0.000276
-0.000276
-0.000276
-0.000276
-0.000276
-0.000276
-0.000276
-0.000276
-0.000276
-0.000276
-0.000276
-0.000276
-0.000276
-0.000276
-0.000276
-0.000276
-0.000276
-0.000276
-0.000276
-0.000276
-0.000276
-0.000276
-0.000276
-0.000276
-0.000276
-0.000276
-0.000276
-0.000276
-0.000276
-0.000276
-0.000276
-0.000276
-0.000276
-0.000276
-0.000276
-0.000276
-0.000276
-0.000276
-0.000276
-0.000276
-0.000276
-0.000276
-0.000276
-0.000276
-0.000276
-0.000276
-0.000276
-0.000276
-0.000276
-0.127074
-0.990116
-0.902005
-0.972843
-0.807642
-2.004984
-1.777118
-1.983992
-1.538251
-0.772822
0.153938
-0.200299
-0.705592
-0.630774
-0.613922
-0.621687
-0.882204
-1.520328
-0.187378
-0.536691
-0.314851
-0.599794
-0.509806
-1.653636
-0.992115
-1.089159
-1.000505
-0.925166
0.655349
-0.008361
-0.333865
0.019042
-0.308936
-0.408346
-0.237201
-0.810962
-0.058847
0.086752
0.264949
-0.365566
-0.183036
-0.841275
0.177362
0.016087
-0.595574
-1.251283
0.831750
-0.252443
-0.352424
0.473914
-0.096041
-0.509963
-0.027884
-0.467731
0.158452
0.603619
0.416380
-0.304796
0.065814
-0.179597
0.633090
0.052919
-0.609591
-1.253440
0.794346
-0.514268
-0.487669
0.400019
-0.115786
-0.762878
0.019495
-0.093555
-0.467112
-0.522860
0.048895
-0.781805
-1.223567
-1.258057
-1.701546
-1.865558
-1.920198
-0.839536
-0.346361
-0.415864
-0.578547
-1.308557
-2.239167
-1.211082
-1.112046
-0.963988
-0.492276
-0.906878
0.168381
-0.475371
-0.973358
-1.223295
-1.691617
-1.528135
-1.754089
-0.622442
-0.356586
-0.727190
-1.112860
-1.445953
-1.826556
-0.705877
-0.945888
-1.388910
-0.536350
-1.160179
0.154257
-0.125371
-0.771834
-1.299103
-1.657020
-1.058587
-1.500148
-0.476848
-0.289253
-0.876360
-1.394967
-1.306182
-1.358433
-0.331981
-0.865171
-1.726499
-0.609880
-1.109463
0.143498
0.232473
-0.526179
-1.321000
-1.473979
-0.588850
-1.204351
-0.397026
-0.094523
-0.806121
-1.299761
-0.909969
-0.968955
-0.185631
-0.805187
-1.706042
-0.437325
1.109775
0.859537
0.829792
-0.694051
-1.019874
-0.102460
-1.009589
-0.422326
-0.532128
-0.751704
-0.638252
0.498320
-0.809322
-0.760628
-0.759017
-0.657678
-0.364623
-0.414881
0.838463
0.609092
1.106042
-0.477155
-0.854184
0.142775
-0.961720
-0.714554
-0.579150
-0.645873
-0.731357
0.434539
-0.544723
-0.473050
-0.465570
-0.501529
-0.232611
-0.323859
0.509002
0.250814
0.937960
-0.257758
-0.553721
0.447878
-0.614496
-0.688008
-0.406533
-0.406591
-0.595106
0.394121
-0.104907
0.223407
0.158483
-0.116228
-0.008361
-0.265933
0.188945
-0.188401
0.489389
0.011988
-0.031252
0.664129
-0.428221
-0.476196
-0.079925
-0.110752
-0.243565
0.371420
0.241070
0.922780
0.699272
0.219279
0.331934
-0.000000
-0.000000
-0.000000
-0.000000
-0.000000
-0.000000
-0.000000
-0.000000
-0.000000
-0.000000
-0.000000
-0.000000
-0.000000
-0.000000
-0.000000
-0.000000
-0.000000
-0.000000
-0.000000
-0.000000
-0.000000
-0.000000
-0.000000
-0.000000
-0.000000
-0.000000
-0.000000
-0.000000
-0.000000
-0.000000
-0.000000
-0.000000
-0.000000
-0.000000
-0.000000
-0.000000
-0.000000
-0.000000
-0.000000
-0.000000
-0.000000
-0.000000
-0.000000
-0.000000
-0.000000
-0.000000
-0.000000
-0.000000
-0.000000
-0.000000
-0.000000
-0.000000
-0.000000
-0.000000
-0.000000
-0.000000
-0.000000
-0.000000
-0.000000
-0.000000
-0.000000
-0.000000
-0.000000
-0.000000
-0.000000
-0.000000
-0.000000
-0.000000
-0.000000
-0.000000
-0.000000
-0.000000
-0.877222
0.513360
-0.642295
-1.482924
-1.834278
-1.422923
-0.773758
-0.924257
-1.154133
-0.903776
-1.002355
-0.729706
-0.360589
-0.420667
-1.047552
-1.120706
-1.000347
-0.470413
-1.189700
0.416981
-0.638139
-1.507760
-1.537245
-0.439464
0.384226
-0.084065
-0.256482
-0.436797
-0.984282
-0.479837
0.075330
-0.025331
-0.302812
-0.292386
-0.182730
0.141102
-1.353483
0.489937
-0.804235
-1.382218
-1.133293
0.199615
1.202939
0.596801
0.137026
-0.257918
-1.051974
-0.455371
0.172595
0.149670
-0.085426
0.142046
0.187603
0.413681
-1.335437
0.629563
-1.023168
-1.182376
-0.917387
0.288578
1.330783
0.709838
0.128804
-0.025705
-1.068741
-0.480196
0.077968
-0.065689
-0.298260
0.284436
0.321210
0.367694
-0.000405
-0.000405
-0.000405
-0.000405
-0.000405
-0.000405
-0.000405
-0.000405
-0.000405
-0.000405
-0.000405
-0.000405
-0.000405
-0.000405
-0.000405
-0.000405
-0.000405
-0.000405
-0.000405
-0.000405
-0.000405
-0.000405
-0.000405
-0.000405
-0.000405
-0.000405
-0.000405
-0.000405
-0.000405
-0.000405
-0.000405
-0.000405
-0.000405
-0.000405
-0.000405
-0.000405
-0.000405
-0.000405
-0.000405
-0.000405
-0.000405
-0.000405
-0.000405
-0.000405
-0.000405
-0.000405
-0.000405
-0.000405
-0.000405
-0.000405
-0.000405
-0.000405
-0.000405
-0.000405
-0.000405
-0.000405
-0.000405
-0.000405
-0.000405
-0.000405
-0.000405
-0.000405
-0.000405
-0.000405
-0.000405
-0.000405
-0.000405
-0.000405
-0.000405
-0.000405
-0.000405
-0.000405
-2.310555
5.716759
-3.088976
-1.663481
-1.904918
-1.491292
-2.430807
1.519858
2.700144
-0.274524
1.776703
0.625889
-1.009341
-1.337027
-1.096818
-1.295895
0.253242
-2.182410
-2.190012
5.816458
-3.479449
-1.617843
-2.080380
-1.957102
-2.923682
1.209009
2.228637
-0.667240
1.143156
-0.168801
-1.618607
-1.612403
-1.487827
-1.681373
0.007721
-2.597486
-2.089562
6.151138
-3.824793
-1.682275
-2.623435
-2.677544
-3.557152
1.002326
1.478017
-1.149212
0.598472
-0.793512
-2.141699
-1.859328
-1.947390
-2.110380
-0.251856
-2.961483
-2.079561
6.715872
-3.946230
-1.569653
-2.726076
-3.116022
-4.100926
0.774735
0.765937
-1.348381
0.525184
-1.052537
-2.413921
-1.922947
-2.309394
-2.479383
-0.324939
-2.896685
-1.616056
0.121361
0.255248
0.852787
0.527104
1.332891
0.857770
0.431289
0.912163
0.292565
-0.270613
-0.251662
0.722272
0.714841
0.664719
0.465145
-0.183472
0.411334
-1.753481
-0.343184
0.286015
1.100609
0.515601
1.328269
1.022399
0.384621
0.649205
-0.137381
-0.825797
-0.781913
0.347874
0.708619
0.949828
0.517448
-0.215964
0.147305
-1.637775
-0.604413
0.148641
1.138249
0.490273
1.015961
1.145389
0.205014
0.272406
-0.309878
-0.994685
-1.119669
0.014592
0.563911
1.163058
0.523398
-0.144426
0.100165
-1.420548
-0.733889
-0.155055
0.820099
0.316969
0.532824
1.010807
-0.124009
-0.129348
-0.118711
-0.879298
-1.345182
-0.361985
0.286204
1.048191
0.473562
-0.050542
0.276174
-0.112642
0.332017
-0.594961
-0.009793
-0.483117
-0.709063
-0.772936
-0.063941
0.520670
-0.219162
0.431819
-0.079502
-0.497147
-0.494128
-0.379681
-0.366792
-0.092165
-0.704460
-0.131268
0.320189
-0.701029
-0.105092
-0.526316
-0.708904
-0.819015
0.156905
0.486979
-0.112983
0.313564
-0.207882
-0.545916
-0.475398
-0.411511
-0.316454
-0.113817
-0.724546
-0.102619
0.343093
-0.827118
-0.236275
-0.615848
-0.743509
-0.895758
0.451750
0.426974
-0.062481
0.250681
-0.262897
-0.586424
-0.386259
-0.425248
-0.272773
-0.067862
-0.591748
-0.058958
0.361258
-0.895003
-0.355056
-0.749283
-0.779528
-0.940178
0.745231
0.468107
-0.070036
0.197346
-0.297299
-0.609498
-0.239323
-0.423089
-0.293041
0.004797
-0.455987
-1.077095
-1.449267
-1.623397
-1.614862
-2.090961
-3.181006
-3.885019
-2.593986
-2.311422
-1.158651
-1.746997
-1.585362
-1.861251
-0.392387
-0.684968
-0.684200
-1.086586
-0.998584
-1.205744
-1.379086
-1.593464
-1.853285
-2.123935
-3.181660
-3.810968
-1.491200
-0.626806
-0.189030
-0.987475
-0.983249
-1.384334
-0.073443
-0.150309
-0.191469
-0.497839
-0.890488
-1.371072
-1.482256
-1.246163
-1.866659
-2.233381
-3.069872
-3.237355
-0.383713
0.735540
0.217646
-0.243208
-0.553740
-0.942231
0.215174
0.300657
0.068651
-0.272974
-1.346618
-1.286364
-1.131831
-0.433865
-1.414096
-1.535029
-2.453301
-2.097412
0.292814
1.406682
0.071715
0.617389
-0.126076
-0.441898
0.354697
0.354846
-0.105160
-0.498305
-1.971563
-0.369842
0.193524
-0.182374
0.657341
-0.503150
0.340989
-0.110775
0.120453
0.478464
0.275378
0.744699
0.159105
0.227723
0.114785
0.030300
-0.291083
0.591982
0.171025
-0.314835
0.205591
-0.164486
0.657598
-0.531811
0.312664
-0.261613
0.343406
0.563088
0.388225
0.816410
0.215002
0.133134
0.171611
0.153919
-0.261855
0.693061
0.213104
-0.256203
0.264804
-0.158091
0.623185
-0.529033
0.326222
-0.374045
0.622348
0.663752
0.390116
0.820435
0.297220
0.065782
0.301717
0.271012
-0.223143
0.780158
0.271246
-0.202162
0.269167
-0.167126
0.542378
-0.612453
0.336327
-0.484873
0.878870
0.746785
0.348079
0.724368
0.306666
-0.029612
0.413722
0.345513
-0.257686
0.756237
0.304243
-0.916375
-0.104258
-0.344634
0.547924
0.776959
1.171711
1.330269
-0.654544
-0.709424
0.469968
0.283206
-0.350681
-0.062454
-0.171626
-0.467341
0.194441
0.939895
0.891948
-1.257094
-0.409426
-0.919602
0.160997
0.545371
1.100942
0.889920
-1.068530
-1.310370
0.137572
0.060377
-0.740779
-0.374250
-0.069391
-0.430586
-0.163715
0.870849
0.790487
-1.501999
-0.600124
-1.273815
-0.123471
0.352069
0.921574
0.331298
-1.665355
-1.727300
-0.055280
-0.240062
-1.005172
-0.271119
-0.060820
-0.486808
-0.741054
0.466864
0.452207
-1.557007
-0.602713
-1.473398
-0.291732
0.252187
0.674062
-0.093955
-2.042482
-1.832905
-0.136388
-0.519637
-1.205089
-0.067592
-0.078695
-0.515755
-1.222852
-0.071725
0.162984
-0.000460
-0.000460
-0.000460
-0.000460
-0.000460
-0.000460
-0.000460
-0.000460
-0.000460
-0.000460
-0.000460
-0.000460
-0.000460
-0.000460
-0.000460
-0.000460
-0.000460
-0.000460
-0.000460
-0.000460
-0.000460
-0.000460
-0.000460
-0.000460
-0.000460
-0.000460
-0.000460
-0.000460
-0.000460
-0.000460
-0.000460
-0.000460
-0.000460
-0.000460
-0.000460
-0.000460
-0.000460
-0.000460
-0.000460
-0.000460
-0.000460
-0.000460
-0.000460
-0.000460
-0.000460
-0.000460
-0.000460
-0.000460
-0.000460
-0.000460
-0.000460
-0.000460
-0.000460
-0.000460
-0.000460
-0.000460
-0.000460
-0.000460
-0.000460
-0.000460
-0.000460
-0.000460
-0.000460
-0.000460
-0.000460
-0.000460
-0.000460
-0.000460
-0.000460
-0.000460
-0.000460
-0.000460
0.491932
1.110562
-1.378734
-1.882634
-2.238528
-2.308797
-2.066006
-2.428237
-2.479530
-1.584127
-0.971478
-0.800302
-1.045597
-1.490767
-1.708752
-1.913365
-1.616239
-1.378205
0.959293
2.073592
-0.941482
-1.431761
-1.627646
-2.535155
-2.479485
-1.575250
-1.668377
-0.760200
-0.178506
-0.138820
-0.603676
-1.264377
-1.417916
-1.132475
-1.182664
-1.191435
0.773058
1.860118
-0.527582
-0.957210
-1.230530
-2.515302
-2.322536
-0.255907
-0.506210
-0.082535
0.284262
0.251717
-0.372175
-0.594088
-0.635256
0.063050
-0.469119
-0.894898
0.332965
0.818147
-0.312773
-1.084944
-1.591679
-2.318134
-1.700095
1.117535
0.525751
-0.012662
0.111956
-0.136889
-0.642367
-0.016137
-0.128448
0.648633
-0.303257
-1.072212
1.254052
-0.003338
-0.771403
-0.358987
0.041886
0.714803
0.966778
0.995182
-0.236769
-0.485638
-0.311772
-0.445032
-0.639219
-0.155479
0.054352
-0.037553
-0.136470
0.124616
1.060891
-0.210558
-0.886269
-0.417529
0.062353
0.838277
1.232806
0.854471
-0.522083
-0.502382
-0.461248
-0.492363
-0.670587
-0.254221
-0.254303
0.013258
-0.056453
-0.080595
0.917395
-0.368259
-0.774110
-0.403597
0.135436
0.911793
1.230533
0.375019
-0.860318
-0.695799
-0.617275
-0.536224
-0.679213
-0.371051
-0.663178
-0.165972
-0.181655
-0.524208
0.777574
-0.369356
-0.563195
-0.224622
0.235148
0.943926
0.868369
-0.064363
-1.017287
-0.821366
-0.660527
-0.429332
-0.599457
-0.409688
-0.870912
-0.323182
-0.168222
-0.724657
0.190339
0.518348
-0.348182
-0.603350
-0.937490
-1.249532
0.288433
0.769279
0.622970
0.828610
0.540528
0.116342
0.047967
0.391040
0.012375
1.074273
-0.107101
-0.228335
0.050878
0.050158
-0.524759
-0.627597
-0.913889
-1.196297
0.811114
0.971849
0.667881
0.717008
0.516775
0.145686
0.115393
0.800712
0.148466
0.830578
-0.439279
-0.203717
0.117918
-0.166715
-0.613740
-0.677350
-0.950100
-1.159543
1.192713
0.971818
0.500242
0.455457
0.352639
0.032578
0.031100
0.761971
0.114496
0.479517
-0.833989
-0.438221
0.036475
-0.484413
-0.782778
-0.914708
-1.297439
-1.641610
0.853089
0.441935
-0.018458
0.147691
-0.134346
-0.328773
-0.386173
0.203361
-0.146044
0.242934
-0.936958
-0.499889
-0.093877
-1.436321
-1.306156
-2.018202
-1.706243
-1.846809
-1.393297
-1.556067
-0.793825
0.416934
0.582415
1.212533
1.066735
-0.096719
-1.010972
-0.774390
0.136219
-0.038716
0.335013
-0.514118
-0.567433
-1.467981
-1.097692
-1.286453
-1.125548
-0.330109
0.652719
1.182830
1.864895
2.255282
1.531286
0.511882
-0.397479
-0.350043
0.278860
0.330067
0.812809
0.474332
0.223397
-0.812835
-0.678308
-0.661697
-0.572501
1.067564
1.657236
1.204212
2.308296
2.396077
1.395619
0.845091
0.286697
0.003709
0.428068
0.510963
1.134241
0.953371
0.731197
-0.581362
-0.939306
-0.597535
-0.568818
1.587988
1.729169
0.646400
1.957914
1.796872
0.732339
0.658043
0.663465
0.117173
0.288552
0.641463
-0.110575
0.932517
-0.470532
0.181310
-0.057735
0.465209
0.267160
-0.496975
-0.661628
-0.500870
0.857445
0.471005
0.381632
0.100512
-0.639810
-0.429027
0.217641
-0.122792
-0.515183
0.350303
-0.959384
0.357826
-0.005473
0.391450
0.284189
-0.342562
-0.816401
-0.834278
0.554726
0.201457
-0.050306
0.149553
-0.218112
-0.143722
0.230410
0.072831
-0.876736
-0.202819
-1.361370
0.188962
-0.235970
0.095533
0.004217
-0.370152
-0.840804
-0.922208
0.379273
0.117267
-0.274106
0.047880
-0.077177
-0.031867
0.019495
0.054545
-1.066488
-0.568871
-1.694104
-0.297522
-0.647922
-0.463429
-0.592349
-0.592326
-0.891410
-0.795794
0.134225
0.036906
-0.423537
-0.083485
0.017060
0.072711
-0.103241
0.090780
0.706458
-0.003266
-0.082360
-1.057918
-0.963069
-2.045925
-2.163409
-1.274583
-0.431565
-0.126953
0.200585
0.100866
0.135395
0.115150
0.830757
0.087021
0.312101
-0.302252
0.828176
0.506852
0.120293
-1.222977
-0.897154
-1.092710
-1.046165
-0.616743
0.505723
0.135885
0.394890
0.366042
0.461131
0.598478
0.998405
0.099688
0.807039
0.475770
0.871356
0.788555
0.089231
-1.263388
-0.480569
0.017194
-0.024181
-0.214191
1.039657
0.286317
0.531061
0.422163
0.469806
0.600633
0.668767
-0.232284
0.827395
0.904808
0.809851
0.845802
-0.122412
-0.988375
0.159937
0.842438
0.436166
-0.097071
1.099842
0.562178
0.697861
0.621618
0.512785
0.210533
0.072611
-0.576175
0.842844
1.224314
-1.389652
-0.427776
-0.548146
-0.067085
0.052427
-0.017286
-0.479735
0.049744
-0.229157
-0.207501
0.280098
-0.144553
-0.812428
0.031114
0.115096
-0.043101
-0.329406
-0.270494
-1.334753
-0.377620
-0.548096
-0.140472
0.007392
-0.136696
-0.737420
-0.055802
-0.214533
-0.139473
0.272216
0.005022
-0.770048
-0.067193
0.020191
-0.126890
-0.402931
-0.436679
-1.306615
-0.307921
-0.488479
-0.174922
-0.090829
-0.215655
-0.903375
-0.124257
-0.174699
-0.130319
0.134322
0.042887
-0.787344
-0.175430
0.003406
-0.188665
-0.352272
-0.430700
-1.271912
-0.253195
-0.424636
-0.259630
-0.176157
-0.176625
-0.881350
-0.088091
-0.087745
-0.160922
-0.013711
-0.011000
-0.806122
-0.306641
0.045962
-0.305759
-0.365299
-0.402083
-0.436747
-0.543300
0.291437
0.826325
0.336138
-0.133711
-0.261494
-0.152805
-0.047058
-0.022240
0.969291
0.805659
0.702729
0.826454
1.190949
0.698943
1.465953
0.424323
-0.413950
-0.641445
0.217812
0.848512
0.190690
-0.154739
-0.254186
-0.034953
-0.027866
-0.126750
0.884552
0.876782
0.658253
1.005207
1.019782
0.674982
1.722404
0.503898
-0.408699
-0.831794
0.091256
0.712832
-0.091605
-0.116555
-0.098027
-0.057327
0.173454
0.029945
0.824604
0.931584
0.596369
1.037550
0.882313
0.636072
1.728848
0.570882
-0.352001
-0.901917
-0.001171
0.587782
-0.270719
-0.010378
0.199547
-0.186436
0.336829
0.358299
0.894193
1.045678
0.564510
0.979241
0.822258
0.712232
1.587724
0.671661
-0.000196
-0.000196
-0.000196
-0.000196
-0.000196
-0.000196
-0.000196
-0.000196
-0.000196
-0.000196
-0.000196
-0.000196
-0.000196
-0.000196
-0.000196
-0.000196
-0.000196
-0.000196
-0.000196
-0.000196
-0.000196
-0.000196
-0.000196
-0.000196
-0.000196
-0.000196
-0.000196
-0.000196
-0.000196
-0.000196
-0.000196
-0.000196
-0.000196
-0.000196
-0.000196
-0.000196
-0.000196
-0.000196
-0.000196
-0.000196
-0.000196
-0.000196
-0.000196
-0.000196
-0.000196
-0.000196
-0.000196
-0.000196
-0.000196
-0.000196
-0.000196
-0.000196
-0.000196
-0.000196
-0.000196
-0.000196
-0.000196
-0.000196
-0.000196
-0.000196
-0.000196
-0.000196
-0.000196
-0.000196
-0.000196
-0.000196
-0.000196
-0.000196
-0.000196
-0.000196
-0.000196
-0.000196
0.778754
1.592355
-0.309866
-1.648483
-1.891453
-1.736666
-0.544830
-0.735556
-1.206860
-0.567862
-0.673032
-0.974344
-0.769434
-0.775987
-1.156233
-0.678941
-0.951955
-1.278211
0.691724
1.701204
-0.009269
-1.464222
-1.341635
-1.191994
0.060282
-0.688111
-1.511446
-0.623471
-0.492655
-0.805327
-0.459941
-0.485949
-1.485185
-0.969542
-0.628484
-0.697116
0.361077
0.940775
0.141355
-1.353760
-1.055740
-0.787347
0.429917
-0.514703
-1.570387
-0.715243
-0.578538
-0.905924
-0.509081
-0.491622
-1.825307
-1.208848
-0.711487
-0.613133
-0.023668
-0.043371
-0.004411
-1.421904
-1.201575
-0.754087
0.298992
-0.644769
-1.632354
-0.807328
-0.813692
-1.119561
-0.748356
-0.809516
-2.027178
-1.132938
-0.938102
-0.740836
-0.000134
-0.000134
-0.000134
-0.000134
-0.000134
-0.000134
-0.000134
-0.000134
-0.000134
-0.000134
-0.000134
-0.000134
-0.000134
-0.000134
-0.000134
-0.000134
-0.000134
-0.000134
-0.000134
-0.000134
-0.000134
-0.000134
-0.000134
-0.000134
-0.000134
-0.000134
-0.000134
-0.000134
-0.000134
-0.000134
-0.000134
-0.000134
-0.000134
-0.000134
-0.000134
-0.000134
-0.000134
-0.000134
-0.000134
-0.000134
-0.000134
-0.000134
-0.000134
-0.000134
-0.000134
-0.000134
-0.000134
-0.000134
-0.000134
-0.000134
-0.000134
-0.000134
-0.000134
-0.000134
-0.000134
-0.000134
-0.000134
-0.000134
-0.000134
-0.000134
-0.000134
-0.000134
-0.000134
-0.000134
-0.000134
-0.000134
-0.000134
-0.000134
-0.000134
-0.000134
-0.000134
-0.000134
-0.000386
-0.000386
-0.000386
-0.000386
-0.000386
-0.000386
-0.000386
-0.000386
-0.000386
-0.000386
-0.000386
-0.000386
-0.000386
-0.000386
-0.000386
-0.000386
-0.000386
-0.000386
-0.000386
-0.000386
-0.000386
-0.000386
-0.000386
-0.000386
-0.000386
-0.000386
-0.000386
-0.000386
-0.000386
-0.000386
-0.000386
-0.000386
-0.000386
-0.000386
-0.000386
-0.000386
-0.000386
-0.000386
-0.000386
-0.000386
-0.000386
-0.000386
-0.000386
-0.000386
-0.000386
-0.000386
-0.000386
-0.000386
-0.000386
-0.000386
-0.000386
-0.000386
-0.000386
-0.000386
-0.000386
-0.000386
-0.000386
-0.000386
-0.000386
-0.000386
-0.000386
-0.000386
-0.000386
-0.000386
-0.000386
-0.000386
-0.000386
-0.000386
-0.000386
-0.000386
-0.000386
-0.000386
-0.000004
-0.000004
-0.000004
-0.000004
-0.000004
-0.000004
-0.000004
-0.000004
-0.000004
-0.000004
-0.000004
-0.000004
-0.000004
-0.000004
-0.000004
-0.000004
-0.000004
-0.000004
-0.000004
-0.000004
-0.000004
-0.000004
-0.000004
-0.000004
-0.000004
-0.000004
-0.000004
-0.000004
-0.000004
-0.000004
-0.000004
-0.000004
-0.000004
-0.000004
-0.000004
-0.000004
-0.000004
-0.000004
-0.000004
-0.000004
-0.000004
-0.000004
-0.000004
-0.000004
-0.000004
-0.000004
-0.000004
-0.000004
-0.000004
-0.000004
-0.000004
-0.000004
-0.000004
-0.000004
-0.000004
-0.000004
-0.000004
-0.000004
-0.000004
-0.000004
-0.000004
-0.000004
-0.000004
-0.000004
-0.000004
-0.000004
-0.000004
-0.000004
-0.000004
-0.000004
-0.000004
-0.000004
0.099519
1.710480
-0.043474
0.325223
0.358384
0.122574
-0.006523
0.118688
0.258916
0.023258
0.257524
0.077111
-0.010375
-0.057582
0.129920
0.377798
0.396686
-0.090850
0.121472
1.659781
-0.162005
0.247500
0.265704
-0.086249
-0.217739
-0.093765
0.208312
0.131463
0.424695
0.083664
-0.007204
-0.064586
0.067942
0.332228
0.385903
-0.158716
0.196277
1.645100
-0.274138
0.128370
0.145801
-0.217835
-0.314238
-0.093709
0.303227
0.230839
0.522270
0.111239
-0.021253
-0.054084
0.094023
0.302025
0.400964
-0.160397
0.177485
1.625808
-0.333476
-0.014595
0.060942
-0.261337
-0.311608
0.031253
0.400417
0.238873
0.575787
0.152047
-0.032188
-0.041954
0.051053
0.226784
0.318279
-0.123820
-0.287212
0.046802
0.090711
0.177815
0.126673
-0.312547
-0.527185
-0.210121
-0.277824
0.149707
1.076322
0.761057
-0.012510
0.365200
-0.167579
0.497714
0.007827
-0.177184
-0.311420
0.058219
0.068990
0.151742
0.116122
-0.439072
-0.645838
-0.581620
-0.495175
0.136398
0.983032
0.726326
0.063612
0.231569
-0.428089
0.434925
-0.045660
-0.257050
-0.420525
0.014811
-0.049536
0.042160
0.028181
-0.460228
-0.591915
-0.648581
-0.469557
0.202477
0.854597
0.577056
0.006270
0.103412
-0.539398
0.484391
-0.054249
-0.285275
-0.562030
-0.073988
-0.215357
-0.074539
-0.053166
-0.516683
-0.497403
-0.622501
-0.417741
0.209191
0.724016
0.341675
-0.080652
-0.050672
-0.566435
0.450249
-0.088050
-0.338227
-0.219712
0.928486
-0.002002
0.108006
0.767876
2.158384
1.779375
1.454143
1.308004
1.349783
2.641554
2.091330
0.905065
0.950431
0.416535
0.336728
2.046103
1.365407
-0.069075
0.920672
-0.167840
0.387347
0.780555
1.932619
1.122116
0.985260
0.699126
0.651873
1.997320
1.423647
0.342843
0.575429
-0.044163
-0.071666
1.378820
0.492448
-0.090495
0.656430
-0.410658
0.429765
0.458604
1.115014
0.185844
0.295964
0.188202
0.150271
1.481975
0.940134
0.024497
0.105923
-0.528039
-0.589326
0.451373
-0.620247
-0.281674
0.067561
-0.791413
0.164692
-0.596377
-0.327716
-1.019251
-0.093290
-0.024120
-0.088365
0.931129
0.331782
-0.307909
-0.171729
-0.636632
-0.752317
0.020849
-1.059426
-0.512725
-0.682019
-0.734528
-1.534522
-1.299537
0.086077
0.563513
0.329959
0.779585
-0.005376
-0.396385
-0.521347
-0.643430
0.211485
-0.346992
-1.105656
-1.661321
0.143298
-0.209581
-0.051777
-0.278524
-1.148028
-1.147004
-0.027269
0.167333
-0.028622
0.591556
0.216084
-0.148007
-0.594647
-0.525593
-0.041064
-0.584870
-0.979751
-1.467946
0.162755
-0.121435
0.309036
0.275081
-0.565973
-0.961428
-0.193897
0.006285
-0.118562
0.302245
0.252115
-0.303106
-0.898191
-0.520332
-0.237011
-0.489654
-0.505237
-0.936386
-0.021119
-0.199662
0.184072
0.889796
0.039378
-0.440008
-0.143328
0.082996
-0.377894
-0.338659
0.011229
-0.462394
-1.225505
-0.645687
-0.480852
-0.519642
-0.483671
-0.738502
-0.447158
0.000648
0.000648
0.000648
0.000648
0.000648
0.000648
0.000648
0.000648
0.000648
0.000648
0.000648
0.000648
0.000648
0.000648
0.000648
0.000648
0.000648
0.000648
0.000648
0.000648
0.000648
0.000648
0.000648
0.000648
0.000648
0.000648
0.000648
0.000648
0.000648
0.000648
0.000648
0.000648
0.000648
0.000648
0.000648
0.000648
0.000648
0.000648
0.000648
0.000648
0.000648
0.000648
0.000648
0.000648
0.000648
0.000648
0.000648
0.000648
0.000648
0.000648
0.000648
0.000648
0.000648
0.000648
0.000648
0.000648
0.000648
0.000648
0.000648
0.000648
0.000648
0.000648
0.000648
0.000648
0.000648
0.000648
0.000648
0.000648
0.000648
0.000648
0.000648
0.000648
-0.000019
-0.000019
-0.000019
-0.000019
-0.000019
-0.000019
-0.000019
-0.000019
-0.000019
-0.000019
-0.000019
-0.000019
-0.000019
-0.000019
-0.000019
-0.000019
-0.000019
-0.000019
-0.000019
-0.000019
-0.000019
-0.000019
-0.000019
-0.000019
-0.000019
-0.000019
-0.000019
-0.000019
-0.000019
-0.000019
-0.000019
-0.000019
-0.000019
-0.000019
-0.000019
-0.000019
-0.000019
-0.000019
-0.000019
-0.000019
-0.000019
-0.000019
-0.000019
-0.000019
-0.000019
-0.000019
-0.000019
-0.000019
-0.000019
-0.000019
-0.000019
-0.000019
-0.000019
-0.000019
-0.000019
-0.000019
-0.000019
-0.000019
-0.000019
-0.000019
-0.000019
-0.000019
-0.000019
-0.000019
-0.000019
-0.000019
-0.000019
-0.000019
-0.000019
-0.000019
-0.000019
-0.000019
-1.553192
-0.467173
-0.086708
0.863708
-0.898838
-0.854949
0.246812
-0.166546
-0.393194
-0.414652
-1.301587
-2.311160
-1.544385
-0.107423
0.199209
0.041686
-1.035738
-1.180689
-1.395492
-0.993505
-0.708383
0.183375
-1.085686
-1.077384
-0.259876
-1.431158
-1.755405
-1.167432
-1.657561
-2.134904
-1.713696
-1.156069
-1.267227
-0.950341
-0.884776
-0.258809
-1.135120
-1.217942
-1.354145
-0.917233
-1.332285
-1.286252
-1.358284
-2.084118
-2.798989
-1.547447
-1.502443
-1.440616
-1.369170
-2.143253
-2.909807
-1.852147
-0.862048
-0.109763
-0.954169
-1.284276
-2.131057
-1.842599
-1.697774
-1.733574
-2.398696
-2.404594
-3.289838
-1.865859
-1.461485
-0.582622
-1.116030
-2.615326
-3.612815
-2.174452
-0.805598
-0.199319
