-79.535065
-51.235683
-33.960777
-39.395103
-13.669451
-21.311295
-42.897846
-30.782471
-25.119522
-36.034866
-37.593407
-48.882202
-19.897745
-36.304287
-27.572905
-23.827475
-41.040855
-50.276661
-58.664413
-39.108444
-37.677647
-31.418528
-18.340384
-26.768847
-43.031876
-40.111038
-33.371128
-31.979910
-38.734810
-36.260174
-25.551834
-34.587368
-25.868610
-29.921200
-41.884369
-48.034008
-75.554611
-45.864403
-37.594200
-33.174835
-19.218866
-30.323492
-43.150826
-32.066971
-24.250362
-38.894657
-43.124382
-43.364582
-28.028328
-33.923195
-27.316326
-29.355795
-37.474159
-50.665630
-68.671295
-49.563766
-49.714645
-37.650414
-16.884912
-25.664581
-39.469986
-37.369587
-32.242996
-26.300629
-41.423096
-38.381672
-21.727530
-30.790859
-25.578440
-28.556795
-38.923359
-51.326664
-65.843353
-41.098709
-38.386471
-27.518394
-21.984919
-31.023542
-39.367020
-34.047092
-19.112274
-39.303566
-50.001419
-44.722748
-29.355347
-37.718163
-24.168570
-23.945925
-45.691082
-61.071850
-48.484112
-32.237251
-27.438858
-35.580601
-22.032949
-28.687252
-45.975853
-35.222271
-22.112387
-46.494110
-30.265503
-43.537182
-25.875717
-38.053692
-26.297058
-33.415585
-43.519890
-47.061119
-51.323830
-51.184986
-37.930016
-31.031706
-18.943399
-27.407619
-41.509331
-29.388252
-24.071537
-34.866413
-45.950459
-41.913486
-25.862295
-39.265594
-26.314974
-25.594126
-35.895340
-47.990753
-57.741173
-47.274952
-16.271740
-37.547874
-22.839287
-30.041494
-40.460007
-28.392511
-27.350922
-41.476837
-31.256786
-42.818062
-25.758343
-31.883663
-29.164961
-30.491657
-45.066650
-33.015022
-79.409622
-53.602631
-33.527317
-32.747746
-17.084259
-28.585390
-38.904079
-27.004108
-29.535042
-36.703308
-39.975567
-40.360062
-26.298855
-35.047142
-30.535280
-27.099606
-37.162319
-42.140461
-47.738903
-29.301069
-41.084190
-28.180117
-19.722240
-30.512094
-44.280743
-37.033714
-33.190849
-39.329617
-46.195343
-34.411247
-25.720558
-41.164928
-22.808533
-28.999153
-42.709305
-54.783058
-44.732136
-47.022243
-23.430763
-39.472401
-18.806677
-20.009827
-37.171432
-22.674938
-18.539162
-39.274055
-29.759050
-41.536636
-19.351984
-36.006718
-26.807182
-30.839693
-33.372509
-37.096302
-56.587967
-37.540272
-37.615505
-31.276186
-16.762461
-20.340818
-44.975132
-40.988518
-27.058376
-49.820309
-41.855885
-33.622021
-20.369743
-39.583569
-27.232452
-33.253231
-31.161701
-43.798882
-64.998718
-46.816059
-45.602730
-38.285091
-21.538904
-20.328178
-38.862526
-41.286339
-37.988983
-29.719849
-43.696373
-34.018482
-21.538040
-37.214367
-29.192974
-32.495552
-40.397617
-50.066082
-51.066780
-33.793976
-27.066784
-23.502392
-17.159595
-21.865683
-35.076454
-36.793587
-34.261013
-26.922306
-40.795631
-30.746174
-20.774441
-33.141457
-25.482140
-18.224915
-30.975355
-47.851921
-62.303596
-45.423431
-41.309185
-38.380543
-20.692064
-26.635729
-45.390804
-35.675617
-31.565599
-38.845646
-53.245415
-49.072830
-29.520508
-45.621338
-32.322231
-34.335697
-42.431694
-56.703457
-84.305939
-54.461456
-45.041565
-34.754189
-20.130590
-22.945227
-33.034191
-34.734749
-28.255209
-15.087664
-40.981785
-43.210152
-25.654509
-35.825256
-16.386162
-30.536203
-46.971973
-59.226650
-67.952408
-40.918720
-38.668221
-30.041225
-21.497215
-22.204514
-41.901768
-31.745125
-25.841675
-35.735088
-33.302719
-31.337042
-21.932299
-41.234051
-27.499727
-33.035740
-28.342813
-57.389263
-71.386292
-41.213459
-34.706795
-37.023346
-17.037220
-28.132187
-41.944847
-31.145580
-33.667484
-45.687515
-38.347095
-44.890137
-26.997149
-43.382778
-29.488968
-31.986139
-37.547993
-34.143272
-54.483917
-23.731628
-37.950680
-30.854378
-18.254936
-28.171429
-41.978729
-35.306908
-27.920467
-43.834015
-42.329330
-38.180820
-24.026466
-37.077217
-28.059723
-27.850740
-36.412697
-39.037689
-72.290833
-43.036510
-34.285393
-31.699406
-17.641891
-28.294094
-24.525843
-12.045259
-20.045435
-13.414406
-38.536789
-39.008194
-22.437685
-38.119640
-11.731747
-19.296505
-30.555771
-41.103489
-72.849655
-59.217598
-39.190464
-35.798004
-21.777950
-26.729031
-47.329712
-42.418186
-37.346684
-44.370041
-49.502010
-39.197243
-26.784891
-40.997314
-35.795723
-32.970783
-45.180065
-52.620762
-68.812637
-42.166828
-45.834869
-44.365719
-23.639536
-33.580311
-48.880646
-36.297729
-36.903145
-40.743759
-55.221088
-50.933861
-30.803442
-49.555641
-28.761133
-33.710556
-44.060005
-50.789124
-52.584019
-37.085121
-24.749346
-26.613983
-19.670084
-23.045925
-33.737335
-34.898605
-26.677847
-32.195995
-33.796074
-24.680595
-19.803236
-28.408972
-23.195154
-23.632391
-33.135620
-35.742825
-53.542175
-37.086533
-45.380039
-32.934601
-20.657137
-31.053679
-44.658768
-33.657696
-27.307243
-37.202229
-39.556026
-41.181286
-28.526737
-40.074745
-32.477917
-27.779921
-38.974678
-58.883636
-60.396111
-51.922188
-22.688160
-29.752178
-17.505581
-24.457333
-40.929569
-27.191774
-20.364695
-34.035446
-30.999599
-33.477337
-20.291809
-28.711353
-25.412273
-18.806986
-37.084892
-50.639233
-78.461189
-39.043201
-37.318848
-39.567089
-18.517042
-26.253769
-44.240265
-27.253181
-19.461863
-41.656052
-42.109600
-44.746258
-20.980019
-39.040306
-29.028496
-26.485645
-37.045017
-47.026577
-49.621864
-44.748272
-35.541580
-34.839779
-19.494474
-24.463133
-47.230850
-33.716736
-26.612631
-34.596989
-48.403309
-40.213226
-24.358816
-34.347446
-26.899488
-22.426901
-42.091000
-57.812069
-60.913151
-46.147968
-18.933620
-38.539272
-20.329527
-27.328192
-45.906338
-38.653423
-30.988352
-41.598305
-36.332092
-39.832821
-26.007961
-35.311604
-27.713921
-29.383015
-43.899666
-42.943546
-91.689095
-62.929367
-33.489944
-37.553089
-21.241964
-27.035000
-46.961838
-34.903049
-24.531952
-44.551327
-40.506035
-47.880810
-26.426441
-37.623352
-30.268526
-30.488005
-42.383831
-39.761120
-57.304146
-51.832062
-20.731001
-26.720919
-17.909542
-26.398708
-42.296810
-27.252102
-27.087034
-31.661026
-30.164762
-29.672169
-20.222973
-27.807449
-23.010998
-22.906796
-34.386951
-39.749222
-63.147717
-43.892826
-33.139194
-42.814487
-19.750372
-27.587780
-44.708218
-42.103531
-34.202469
-45.918518
-43.655567
-56.391464
-26.721874
-46.383568
-30.743042
-34.274502
-45.322433
-50.130386
-40.836750
-60.499996
-16.015087
-20.726658
-14.666492
-21.250954
-25.976685
-27.458454
-27.479750
-20.791996
-42.107273
-40.371311
-28.108452
-14.421381
0.000563
-7.129169
-27.540842
-22.069229
-42.813461
-68.880325
-24.933914
-27.955776
-22.561260
-26.840204
-35.747879
-33.318726
-32.084995
-28.623941
-33.055462
-29.574284
-30.041386
-23.947950
-18.298500
-22.157761
-40.576439
-36.004501
-65.274124
-63.950073
-27.919846
-20.988874
-19.330994
-31.087267
-31.568066
-22.116238
-37.100918
-34.089336
-39.060993
-36.510242
-20.434887
-27.806137
-18.800312
-25.705877
-44.478970
-38.587521
-37.905663
-54.489120
-19.364395
-29.804487
-6.748024
-6.268864
-4.382717
-12.536791
-25.570011
-21.856720
-39.360458
-33.840786
-14.295467
-29.412588
-21.312113
-20.542349
-11.974652
-6.737272
-42.747719
-46.031464
-23.890099
-30.820910
-13.484481
-7.201046
-4.544057
-26.575619
-28.773188
-17.318390
-38.029709
-33.831551
-17.175217
-25.920322
-24.279259
-23.244053
-23.108044
-27.656507
-68.204872
-60.517822
-22.168373
-28.577406
-14.515589
-28.882965
-35.507263
-22.420555
-47.429321
-34.115311
-39.012058
-38.427155
-18.008417
-34.331417
-27.778839
-23.255386
-32.140633
-37.030685
-46.459000
-63.130844
-34.546135
-36.101814
-17.046772
-12.608724
-15.203175
-21.776615
-32.900311
-18.718330
-33.559685
-30.766100
-14.263601
-25.651043
-16.379166
-19.514318
-17.309341
-20.964113
-47.943760
-44.406918
-14.351109
-24.671072
-11.829321
-27.428720
-31.579845
-24.217403
-23.886536
-37.249004
-38.887360
-48.708908
-27.012087
-24.360125
-22.074074
-24.944908
-36.895927
-32.883568
-72.473961
-58.886864
-36.104965
-24.933758
-5.870808
-9.350279
-12.546856
-27.764833
-32.925751
-12.756781
-32.848972
-34.764290
-11.778255
-28.256790
-11.256166
-21.501289
-16.475220
-27.523422
-52.814411
-50.317974
-26.711884
-17.599434
-11.848166
-24.648819
-19.023720
-27.676548
-32.640236
-20.094320
-43.505974
-42.904099
-21.731510
-24.126245
-14.725292
-21.470840
-34.839317
-41.432365
-45.877872
-65.717758
-28.694004
-28.751305
-14.830204
-10.328633
-25.702141
-37.198700
-35.550758
-27.553223
-38.641331
-34.220600
-17.155100
-25.537914
-23.510181
-25.265415
-31.141615
-34.686649
-42.648537
-55.150246
-32.549381
-24.861259
-14.764243
-18.005722
-27.102295
-30.144547
-35.844757
-31.395218
-30.308266
-32.379105
-17.081022
-30.672770
-17.991592
-20.294710
-15.502269
-23.620436
-55.671173
-64.035461
-22.304119
-16.628078
-17.977768
-17.444649
-24.786545
-25.015411
-14.564716
1.401161
-28.981712
-8.901945
-16.109287
-23.230675
-20.621035
-13.331989
-29.080204
-43.861210
-58.867638
-65.400391
-16.937439
-29.047604
-26.233644
-41.730671
-54.646843
-39.473534
-52.599087
-51.014656
-39.472778
-41.797440
-30.857830
-31.631783
-26.357065
-27.265617
-43.714382
-37.992416
-34.634708
-52.397964
-28.993965
-23.557871
-18.164145
-23.505983
-32.878540
-28.870607
-29.181755
-26.461245
-26.245428
-19.900375
-19.318056
-28.057756
-24.407719
-24.774748
-32.786285
-39.762802
-57.361885
-61.076488
-22.545849
-13.088697
-20.028078
-31.108297
-43.507141
-38.899311
-43.816505
-30.628778
-47.592873
-33.549500
-21.491926
-34.436989
-24.881224
-20.374187
-42.067055
-42.413338
-42.109818
-52.533005
-24.496582
-22.301445
-16.219788
-14.069474
-16.799591
-25.748713
-21.941465
-9.035425
-33.033363
-26.443745
-16.083845
-23.118671
-8.037770
-10.223634
-8.829193
-17.157524
-41.569366
-55.682625
-29.567375
-29.297775
-18.782782
-25.560667
-33.717632
-38.188374
-38.281677
-34.144756
-36.015816
-31.219315
-24.563463
-23.735821
-19.267586
-23.346806
-22.881939
-34.871353
-31.246696
-34.732571
-21.871559
-20.565218
-6.263414
-8.899891
-20.619055
-25.075035
-28.629307
-15.585468
-33.192535
-17.540506
-14.654987
-27.255947
-18.916061
-14.856208
-20.026873
-29.201239
-38.171249
-60.934673
-27.164207
-33.729824
-20.897739
-26.745667
-37.003090
-34.915321
-30.390451
-31.757011
-28.941769
-32.271172
-19.504997
-25.526287
-26.968317
-25.391994
-30.767344
-38.473808
-47.830017
-52.736111
-35.053917
-19.312527
-16.166487
-20.469307
-32.594612
-33.427948
-19.076937
-10.559947
-16.607935
14.330656
-12.602823
-19.662878
-22.722031
-21.229849
-33.096260
-34.871784
-37.816574
-49.095940
-19.997013
-25.783293
-21.909605
-33.817501
-36.590839
-36.659828
-36.944092
-26.192165
-36.346550
-37.537960
-24.202480
-21.295631
-12.979645
-20.000414
-25.927378
-41.635269
-36.419743
-50.820324
-25.010265
-29.916996
-20.156796
-24.095451
-25.752886
-37.081726
-35.622440
-32.048252
-29.519985
-35.930401
-23.211735
-28.123505
-21.791265
-21.069668
-18.026697
-33.014942
-45.078003
-50.361336
-20.000494
-12.561173
-15.932186
-31.873497
-38.450081
-28.411764
-37.631237
-25.704033
-43.173462
-29.965408
-20.119896
-33.123875
-20.927376
-16.179005
-35.237419
-40.989395
-27.597536
-38.887661
-15.844587
-14.556063
-16.354599
-22.920538
-25.324272
-25.095720
-23.966036
-23.172796
-27.590813
-24.349480
-16.408932
-21.954752
-5.379179
-10.050964
-22.708694
-26.618576
-39.111546
-49.130188
-25.597980
-26.911837
-16.647846
-26.580448
-37.709297
-24.371250
-28.592699
-34.452515
-28.437515
-32.590569
-20.314020
-27.573881
-21.492804
-16.528934
-23.620541
-37.357651
-59.215084
-55.312263
-23.150684
-24.649076
-9.030448
-16.451384
-20.964886
-12.434164
-25.010494
-9.833988
-43.158966
-33.228268
-11.760869
-28.563810
-14.674629
-15.752064
-19.342913
-30.202553
-28.991491
-50.696022
-12.013564
-23.946041
-22.259691
-31.800304
-37.449986
-31.149555
-30.668610
-33.954117
-35.256752
-30.498940
-28.263834
-32.804253
-27.054050
-19.741508
-37.073463
-42.239651
-52.057407
-53.677834
-30.627995
-37.229401
-25.195362
-26.094782
-26.797806
-41.024296
-30.812923
-20.923035
-28.750731
-22.075428
-20.059269
-21.330969
-22.113104
-23.629333
-26.980869
-38.760395
-53.067181
-54.345116
-19.037951
-23.708065
-20.523294
-29.095448
-27.653822
-33.394032
-39.972244
-27.359673
-37.761211
-34.691357
-21.865166
-33.271709
-25.714781
-28.579395
-36.651070
-38.710773
-32.847015
-41.242416
-16.410992
-14.302507
-17.706604
-24.066284
-35.659225
-33.936844
-28.828300
-21.889069
-27.314043
-15.033768
-14.405159
-24.061148
-20.533474
-15.760079
-28.073244
-37.493954
-32.770935
-50.844913
-21.942087
-30.178024
-14.166151
-22.610443
-26.367718
-24.246237
-25.176235
-25.123188
-37.773083
-28.769085
-17.003294
-17.782776
-28.295151
-19.045185
-32.319153
-39.024963
-49.428253
-58.651913
-20.833227
-22.682396
-17.318830
-27.264900
-35.726040
-30.302004
-31.115925
-26.932362
-37.679359
-30.929211
-22.935261
-23.957142
-26.228708
-21.996817
-35.668041
-38.499790
-38.343838
-50.226109
-26.105335
-26.817238
-13.617718
-24.686356
-31.222481
-27.597155
-20.970654
-27.524897
-31.407352
-16.117664
-20.328987
-21.733799
-26.319183
-26.491348
-34.920101
-34.786484
-29.396519
-48.872116
-25.771595
-24.881676
-19.492201
-25.647068
-30.496468
-27.096745
-22.945553
-31.274433
-33.053215
-23.194574
-23.167381
-21.431522
-23.867889
-24.664722
-31.560308
-38.069485
-114.437897
-95.039757
-38.140030
-35.860619
-28.188955
-37.006615
-32.292423
-36.303055
-27.837418
-31.017036
-48.747990
-48.496872
-31.484550
-19.741533
-9.924384
-21.723001
-32.744186
-56.905556
49.661953
-36.248127
0.722381
-14.400088
10.764960
9.010994
0.621265
0.700939
2.783634
-9.678753
3.891835
7.116452
0.614659
4.392551
-1.481968
7.990850
-6.387679
5.404274
