1.362866
1.557561
1.654909
1.265518
0.778781
1.946951
2.044299
1.849604
1.849604
1.654909
1.752256
1.849604
1.752256
0.973476
1.460213
1.849604
1.752256
1.557561
1.070823
0.389390
0.681433
0.681433
1.849604
3.017775
2.141646
1.265518
1.752256
0.973476
1.460213
1.362866
2.920427
1.460213
0.973476
1.460213
0.876128
0.973476
1.070823
0.194695
0.584085
0.681433
2.044299
2.238994
0.876128
0.778781
1.070823
2.238994
2.044299
1.168171
2.920427
1.168171
1.752256
1.265518
1.362866
0.876128
1.070823
0.876128
1.070823
1.362866
2.628384
2.628384
1.070823
0.681433
1.168171
0.876128
0.973476
0.584085
1.460213
1.070823
0.876128
1.265518
0.973476
0.681433
2.044299
1.654909
1.557561
1.557561
1.460213
1.070823
1.460213
1.557561
1.557561
1.557561
1.557561
1.752256
1.557561
0.876128
0.584085
1.265518
1.265518
1.362866
2.238994
3.407165
3.017775
3.796555
2.531037
2.141646
2.238994
3.601860
2.628384
3.504512
2.725732
3.893903
2.238994
2.823079
2.823079
3.115122
3.115122
3.601860
1.557561
4.185946
3.115122
4.185946
2.725732
2.336342
3.601860
3.017775
3.115122
2.336342
1.946951
3.893903
2.336342
3.699208
1.946951
3.504512
2.725732
3.115122
1.265518
1.946951
2.336342
2.531037
1.557561
1.946951
2.433689
3.309817
2.238994
3.017775
2.920427
3.796555
3.115122
2.531037
3.115122
2.628384
3.115122
3.212470
0.000000
0.000000
0.000000
0.000000
0.000000
0.000000
0.000000
0.000000
0.000000
0.000000
0.000000
0.000000
0.000000
0.000000
0.000000
0.000000
0.000000
0.000000
0.000000
0.000000
0.000000
0.000000
0.000000
0.000000
0.000000
0.000000
0.000000
0.000000
0.000000
0.000000
0.000000
0.000000
0.000000
0.000000
0.000000
0.000000
0.000000
0.000000
0.000000
0.000000
0.000000
0.000000
0.000000
0.000000
0.000000
0.000000
0.000000
0.000000
0.000000
0.000000
0.000000
0.000000
0.000000
0.000000
0.000000
0.000000
0.000000
0.000000
0.000000
0.000000
0.000000
0.000000
0.000000
0.000000
0.000000
0.000000
0.000000
0.000000
0.000000
0.000000
0.000000
0.000000
0.000000
0.000000
0.000000
0.000000
0.000000
0.000000
0.000000
0.000000
0.000000
0.000000
0.000000
0.000000
0.000000
0.000000
0.000000
0.000000
0.000000
0.000000
0.000000
0.000000
0.000000
0.000000
0.000000
0.000000
0.000000
0.000000
0.000000
0.000000
0.000000
0.000000
0.000000
0.000000
0.000000
0.000000
0.000000
0.000000
0.000000
0.000000
0.000000
0.000000
0.000000
0.000000
0.000000
0.000000
0.000000
0.000000
0.000000
0.000000
0.000000
0.000000
0.000000
0.000000
0.000000
0.000000
0.000000
0.000000
0.000000
0.000000
0.000000
0.000000
0.000000
0.000000
0.000000
0.000000
0.000000
0.000000
0.000000
0.000000
0.000000
0.000000
0.000000
0.000000
0.292043
0.584085
0.486738
0.292043
0.876128
0.681433
0.389390
0.778781
0.584085
0.778781
0.584085
0.486738
0.292043
0.876128
1.460213
0.778781
0.876128
0.973476
0.292043
0.778781
1.460213
0.389390
0.389390
0.194695
0.876128
0.486738
0.486738
0.486738
0.876128
0.194695
0.000000
0.876128
0.876128
0.194695
0.778781
0.681433
1.362866
0.486738
1.557561
0.389390
0.194695
0.194695
0.973476
1.070823
0.778781
0.584085
0.778781
0.389390
0.000000
0.389390
0.876128
0.292043
0.000000
0.973476
0.973476
0.681433
0.681433
0.194695
0.000000
0.000000
0.194695
0.681433
0.389390
0.584085
0.778781
0.584085
0.292043
0.292043
0.681433
0.584085
0.389390
0.973476
0.000000
0.000000
0.000000
0.000000
0.000000
0.000000
0.000000
0.000000
0.000000
0.000000
0.000000
0.000000
0.000000
0.000000
0.000000
0.000000
0.000000
0.000000
0.000000
0.000000
0.000000
0.000000
0.000000
0.000000
0.000000
0.000000
0.000000
0.000000
0.000000
0.000000
0.000000
0.000000
0.000000
0.000000
0.000000
0.000000
0.000000
0.000000
0.000000
0.000000
0.000000
0.000000
0.000000
0.000000
0.000000
0.000000
0.000000
0.000000
0.000000
0.000000
0.000000
0.000000
0.000000
0.000000
0.000000
0.000000
0.000000
0.000000
0.000000
0.000000
0.000000
0.000000
0.000000
0.000000
0.000000
0.000000
0.000000
0.000000
0.000000
0.000000
0.000000
0.000000
0.486738
0.389390
0.389390
0.194695
0.389390
1.070823
0.681433
0.486738
0.584085
0.292043
0.486738
0.486738
0.876128
0.584085
0.389390
0.486738
0.292043
0.194695
0.194695
0.000000
0.000000
0.389390
0.876128
0.778781
0.194695
0.584085
0.194695
0.486738
0.292043
0.389390
0.876128
0.097348
0.292043
0.292043
0.097348
0.292043
0.292043
0.000000
0.097348
0.389390
0.876128
0.681433
0.097348
0.097348
0.000000
0.486738
0.194695
0.389390
0.778781
0.097348
0.292043
0.389390
0.292043
0.000000
0.681433
0.389390
0.681433
0.778781
0.973476
0.876128
0.389390
0.584085
0.681433
0.292043
0.584085
0.194695
0.486738
0.389390
0.389390
0.584085
0.194695
0.389390
1.070823
0.584085
0.584085
0.486738
1.265518
0.097348
0.194695
0.486738
0.292043
0.389390
0.486738
0.681433
0.486738
0.778781
0.097348
0.292043
0.097348
0.292043
0.973476
0.292043
2.141646
2.531037
0.973476
0.584085
0.584085
2.628384
0.973476
1.654909
1.362866
2.823079
0.778781
1.654909
0.584085
2.238994
0.486738
2.628384
0.973476
0.876128
2.044299
2.044299
1.265518
1.070823
1.946951
1.168171
2.336342
1.362866
0.778781
2.725732
0.778781
2.628384
0.194695
2.725732
0.389390
2.044299
1.168171
0.681433
1.460213
2.044299
0.584085
0.681433
0.486738
1.752256
0.876128
0.973476
1.946951
1.362866
1.752256
1.168171
1.168171
1.557561
1.070823
2.336342
0.000000
0.097348
0.194695
0.194695
0.194695
0.097348
0.000000
0.000000
0.000000
0.000000
0.097348
0.000000
0.000000
0.292043
0.097348
0.000000
0.000000
0.097348
0.292043
0.389390
0.681433
0.194695
0.194695
0.000000
0.389390
0.000000
0.681433
0.389390
0.681433
0.097348
0.000000
0.681433
0.876128
0.097348
0.584085
0.097348
0.486738
0.194695
0.584085
0.194695
0.097348
0.097348
0.973476
0.584085
0.681433
0.097348
0.584085
0.097348
0.000000
0.973476
0.876128
0.000000
0.681433
0.486738
0.389390
0.681433
0.486738
0.097348
0.000000
0.000000
0.876128
0.194695
0.584085
0.486738
0.389390
0.584085
0.292043
0.973476
0.486738
0.389390
0.584085
0.292043
0.876128
0.876128
0.876128
1.070823
0.778781
0.876128
1.070823
0.973476
1.070823
0.876128
0.973476
1.070823
1.168171
0.681433
0.486738
0.973476
0.973476
1.070823
0.778781
0.681433
0.876128
0.681433
0.876128
0.973476
0.876128
0.778781
0.681433
0.876128
0.973476
0.876128
1.168171
0.973476
0.778781
0.973476
0.584085
0.973476
0.876128
0.486738
1.362866
0.778781
0.876128
1.070823
0.778781
0.486738
0.681433
1.265518
0.876128
0.876128
1.070823
1.070823
0.778781
0.973476
0.681433
0.973476
0.681433
0.973476
0.973476
0.681433
0.584085
0.973476
0.681433
0.389390
0.778781
0.584085
0.778781
0.486738
0.584085
0.778781
0.389390
0.778781
0.681433
0.778781
0.000000
0.000000
0.000000
0.000000
0.000000
0.000000
0.000000
0.000000
0.000000
0.000000
0.000000
0.000000
0.000000
0.000000
0.000000
0.000000
0.000000
0.000000
0.000000
0.000000
0.000000
0.000000
0.000000
0.000000
0.000000
0.000000
0.000000
0.000000
0.000000
0.000000
0.000000
0.000000
0.000000
0.000000
0.000000
0.000000
0.000000
0.000000
0.000000
0.000000
0.000000
0.000000
0.000000
0.000000
0.000000
0.000000
0.000000
0.000000
0.000000
0.000000
0.000000
0.000000
0.000000
0.000000
0.000000
0.000000
0.000000
0.000000
0.000000
0.000000
0.000000
0.000000
0.000000
0.000000
0.000000
0.000000
0.000000
0.000000
0.000000
0.000000
0.000000
0.000000
0.876128
1.557561
1.168171
2.141646
1.265518
0.292043
0.486738
1.265518
0.973476
2.044299
0.778781
0.973476
0.486738
2.238994
2.725732
1.946951
3.699208
2.920427
0.778781
0.778781
0.097348
1.752256
0.778781
0.584085
1.362866
0.486738
0.292043
0.194695
0.584085
0.292043
0.194695
0.778781
0.486738
0.486738
1.070823
0.292043
0.876128
0.292043
0.292043
0.194695
0.389390
0.389390
0.389390
1.654909
0.097348
0.486738
0.681433
0.194695
0.097348
0.097348
0.097348
0.778781
0.292043
0.973476
0.681433
0.681433
0.486738
0.097348
0.000000
0.097348
0.876128
0.778781
0.194695
1.557561
0.000000
1.265518
1.265518
0.584085
1.070823
0.097348
1.654909
0.194695
0.778781
1.654909
1.362866
2.238994
1.557561
0.292043
0.194695
1.460213
0.681433
2.336342
0.876128
1.168171
0.194695
2.044299
3.212470
1.849604
3.991250
3.504512
0.486738
1.070823
0.486738
1.654909
1.168171
0.681433
1.265518
0.778781
0.486738
0.194695
0.681433
0.486738
0.097348
0.876128
0.292043
0.778781
0.973476
0.486738
0.876128
0.486738
0.584085
0.292043
0.389390
0.389390
0.584085
1.557561
0.584085
0.778781
0.973476
0.389390
0.097348
0.194695
0.194695
0.681433
0.389390
1.168171
0.584085
0.778781
0.584085
0.194695
0.000000
0.097348
0.389390
1.265518
0.000000
1.654909
0.097348
1.168171
1.849604
0.292043
1.557561
0.097348
1.654909
0.389390
1.070823
1.168171
1.168171
1.265518
0.973476
0.584085
0.876128
1.168171
1.168171
1.362866
1.070823
1.070823
0.681433
0.486738
0.681433
0.876128
1.168171
1.168171
1.362866
3.309817
2.433689
1.557561
1.168171
1.168171
2.433689
1.362866
2.531037
1.752256
2.044299
1.849604
1.070823
2.531037
2.336342
1.362866
2.920427
1.752256
1.654909
3.212470
2.433689
2.044299
1.168171
1.168171
2.920427
2.238994
2.336342
1.070823
1.946951
1.849604
1.168171
2.531037
2.238994
1.362866
1.946951
2.238994
0.486738
1.460213
1.362866
0.876128
0.681433
0.876128
1.654909
1.946951
1.362866
2.044299
1.557561
2.238994
1.460213
1.654909
2.141646
1.460213
2.044299
1.849604
0.681433
1.070823
1.070823
0.876128
0.584085
0.778781
1.168171
1.070823
1.362866
1.265518
1.070823
0.876128
0.973476
1.168171
1.070823
1.362866
1.654909
1.265518
0.876128
1.168171
1.557561
0.389390
0.778781
1.557561
2.823079
0.486738
2.628384
0.681433
1.654909
0.876128
1.460213
2.531037
1.362866
0.681433
1.557561
0.584085
1.654909
0.681433
1.362866
0.389390
0.778781
1.265518
2.044299
0.778781
1.849604
1.168171
2.141646
0.778781
1.460213
2.336342
2.433689
0.584085
1.265518
1.168171
1.070823
1.168171
0.973476
0.486738
0.973476
1.168171
1.265518
0.876128
1.168171
0.876128
1.070823
0.681433
0.778781
1.168171
1.168171
1.070823
0.778781
1.070823
0.000000
0.000000
0.000000
0.000000
0.000000
0.000000
0.000000
0.000000
0.000000
0.000000
0.000000
0.000000
0.000000
0.000000
0.000000
0.000000
0.000000
0.000000
0.000000
0.000000
0.000000
0.000000
0.000000
0.000000
0.000000
0.000000
0.000000
0.000000
0.000000
0.000000
0.000000
0.000000
0.000000
0.000000
0.000000
0.000000
0.000000
0.000000
0.000000
0.000000
0.000000
0.000000
0.000000
0.000000
0.000000
0.000000
0.000000
0.000000
0.000000
0.000000
0.000000
0.000000
0.000000
0.000000
0.000000
0.000000
0.000000
0.000000
0.000000
0.000000
0.000000
0.000000
0.000000
0.000000
0.000000
0.000000
0.000000
0.000000
0.000000
0.000000
0.000000
0.000000
0.000000
0.000000
0.000000
0.000000
0.000000
0.000000
0.000000
0.000000
0.000000
0.000000
0.000000
0.000000
0.000000
0.000000
0.000000
0.000000
0.000000
0.000000
0.000000
0.000000
0.000000
0.000000
0.000000
0.000000
0.000000
0.000000
0.000000
0.000000
0.000000
0.000000
0.000000
0.000000
0.000000
0.000000
0.000000
0.000000
0.000000
0.000000
0.000000
0.000000
0.000000
0.000000
0.000000
0.000000
0.000000
0.000000
0.000000
0.000000
0.000000
0.000000
0.000000
0.000000
0.000000
0.000000
0.000000
0.000000
0.000000
0.000000
0.000000
0.000000
0.000000
0.000000
0.000000
0.000000
0.000000
0.000000
0.000000
0.000000
0.000000
0.000000
0.000000
0.000000
1.752256
1.752256
1.752256
1.654909
1.168171
1.362866
1.460213
1.362866
1.654909
1.362866
1.557561
1.362866
1.265518
0.778781
0.584085
1.362866
1.070823
1.265518
1.946951
3.309817
2.725732
2.531037
2.336342
1.946951
2.433689
2.725732
2.823079
3.212470
2.725732
2.920427
2.141646
2.725732
3.309817
2.044299
3.309817
2.823079
1.557561
3.601860
2.725732
3.309817
2.531037
2.141646
3.407165
2.725732
2.628384
2.044299
2.141646
2.920427
2.141646
3.212470
2.628384
2.336342
2.725732
2.628384
0.778781
1.946951
2.141646
2.044299
1.752256
1.752256
2.531037
2.823079
2.336342
2.725732
2.628384
3.407165
2.531037
2.725732
2.920427
2.531037
2.920427
2.823079
0.000000
0.000000
0.000000
0.000000
0.000000
0.000000
0.000000
0.000000
0.000000
0.000000
0.000000
0.000000
0.000000
0.000000
0.000000
0.000000
0.000000
0.000000
0.000000
0.000000
0.000000
0.000000
0.000000
0.000000
0.000000
0.000000
0.000000
0.000000
0.000000
0.000000
0.000000
0.000000
0.000000
0.000000
0.000000
0.000000
0.000000
0.000000
0.000000
0.000000
0.000000
0.000000
0.000000
0.000000
0.000000
0.000000
0.000000
0.000000
0.000000
0.000000
0.000000
0.000000
0.000000
0.000000
0.000000
0.000000
0.000000
0.000000
0.000000
0.000000
0.000000
0.000000
0.000000
0.000000
0.000000
0.000000
0.000000
0.000000
0.000000
0.000000
0.000000
0.000000
0.000000
0.000000
0.000000
0.486738
0.486738
0.000000
0.000000
0.000000
0.097348
0.097348
0.097348
0.194695
0.194695
0.584085
0.486738
0.389390
0.778781
0.778781
0.000000
0.097348
0.000000
0.000000
0.000000
0.000000
0.000000
0.000000
0.000000
0.000000
0.000000
0.000000
0.000000
0.097348
0.000000
0.000000
0.097348
0.000000
0.000000
0.097348
0.000000
0.000000
0.000000
0.000000
0.000000
0.000000
0.000000
0.000000
0.000000
0.000000
0.000000
0.000000
0.000000
0.000000
0.000000
0.000000
0.000000
0.000000
0.000000
0.000000
0.000000
0.000000
0.000000
0.097348
0.000000
0.097348
0.000000
0.000000
0.000000
0.000000
0.097348
0.000000
0.000000
0.000000
0.000000
0.000000
0.000000
0.000000
0.000000
0.000000
0.000000
0.000000
0.000000
0.000000
0.000000
0.000000
0.000000
0.000000
0.000000
0.000000
0.000000
0.000000
0.000000
0.000000
0.000000
0.000000
0.000000
0.000000
0.000000
0.000000
0.000000
0.000000
0.000000
0.000000
0.000000
0.000000
0.000000
0.000000
0.000000
0.000000
0.000000
0.000000
0.000000
0.000000
0.000000
0.000000
0.000000
0.000000
0.000000
0.000000
0.000000
0.000000
0.000000
0.000000
0.000000
0.000000
0.000000
0.000000
0.000000
0.000000
0.000000
0.000000
0.000000
0.000000
0.000000
0.000000
0.000000
0.000000
0.000000
0.000000
0.000000
0.000000
0.000000
0.000000
0.000000
0.000000
0.973476
1.265518
1.168171
1.070823
0.973476
0.584085
0.389390
0.584085
0.778781
0.876128
0.778781
0.681433
0.681433
0.973476
0.778781
0.681433
0.778781
0.778781
0.778781
0.292043
0.292043
1.460213
1.265518
0.097348
0.194695
1.265518
0.292043
1.460213
0.778781
0.194695
0.194695
0.389390
0.973476
0.292043
0.973476
1.070823
0.486738
0.681433
0.292043
1.460213
1.168171
0.778781
0.681433
0.876128
0.292043
0.097348
0.000000
0.292043
0.194695
0.292043
0.097348
0.292043
1.070823
0.292043
0.681433
1.265518
1.557561
1.265518
0.973476
0.389390
1.265518
2.141646
1.070823
1.946951
1.362866
2.044299
2.044299
1.752256
2.336342
1.265518
1.946951
1.265518
0.194695
0.194695
0.194695
0.097348
0.292043
0.194695
0.097348
0.097348
0.194695
0.097348
0.194695
0.097348
0.097348
0.292043
0.097348
0.194695
0.000000
0.097348
0.584085
0.292043
0.292043
0.389390
0.292043
0.097348
0.097348
0.389390
0.194695
0.292043
0.389390
0.389390
0.097348
0.097348
0.292043
0.292043
0.097348
0.292043
0.292043
0.292043
0.292043
0.292043
0.389390
0.292043
0.097348
0.584085
0.389390
0.097348
0.097348
0.292043
0.097348
0.292043
0.097348
0.389390
0.097348
0.486738
0.389390
0.389390
0.292043
0.389390
0.097348
0.097348
0.486738
0.389390
0.389390
0.389390
0.292043
0.292043
0.292043
0.389390
0.292043
0.389390
0.389390
0.389390
0.194695
0.194695
0.292043
0.292043
0.292043
0.292043
0.194695
0.194695
0.097348
0.097348
0.097348
0.097348
0.097348
0.292043
0.194695
0.097348
0.194695
0.194695
0.292043
0.000000
0.194695
0.000000
0.000000
0.000000
0.000000
0.000000
0.097348
0.000000
0.097348
0.000000
0.000000
0.194695
0.097348
0.097348
0.000000
0.000000
0.292043
0.000000
0.194695
0.000000
0.000000
0.097348
0.194695
0.000000
0.097348
0.000000
0.097348
0.000000
0.000000
0.194695
0.097348
0.000000
0.097348
0.097348
0.389390
0.292043
0.194695
0.097348
0.194695
0.000000
0.292043
0.000000
0.292043
0.000000
0.194695
0.000000
0.000000
0.389390
0.000000
0.194695
0.097348
0.097348
0.389390
0.486738
0.486738
1.070823
0.973476
0.389390
0.389390
0.681433
0.486738
0.876128
0.584085
0.681433
0.584085
0.681433
0.681433
0.584085
0.973476
0.876128
0.486738
0.194695
0.778781
0.778781
0.194695
0.000000
0.097348
0.389390
0.292043
0.292043
0.584085
0.778781
0.097348
0.486738
0.292043
0.778781
0.194695
0.584085
0.292043
0.389390
0.681433
0.681433
0.389390
0.194695
0.389390
0.876128
0.681433
0.292043
0.292043
0.681433
0.000000
0.778781
0.000000
0.778781
0.097348
0.973476
0.292043
0.194695
0.389390
0.486738
0.000000
0.000000
0.486738
0.292043
0.292043
0.486738
0.292043
0.681433
0.584085
0.486738
0.194695
0.389390
0.681433
0.389390
0.000000
0.000000
0.000000
0.000000
0.000000
0.000000
0.000000
0.000000
0.000000
0.000000
0.000000
0.000000
0.000000
0.000000
0.000000
0.000000
0.000000
0.000000
0.000000
0.000000
0.000000
0.000000
0.000000
0.000000
0.000000
0.000000
0.000000
0.000000
0.000000
0.000000
0.000000
0.000000
0.000000
0.000000
0.000000
0.000000
0.000000
0.000000
0.000000
0.000000
0.000000
0.000000
0.000000
0.000000
0.000000
0.000000
0.000000
0.000000
0.000000
0.000000
0.000000
0.000000
0.000000
0.000000
0.000000
0.000000
0.000000
0.000000
0.000000
0.000000
0.000000
0.000000
0.000000
0.000000
0.000000
0.000000
0.000000
0.000000
0.000000
0.000000
0.000000
0.000000
0.000000
0.000000
0.000000
0.000000
0.000000
0.000000
0.000000
0.000000
0.000000
0.000000
0.000000
0.000000
0.000000
0.000000
0.000000
0.000000
0.000000
0.000000
0.000000
0.000000
0.000000
0.000000
0.000000
0.000000
0.000000
0.000000
0.000000
0.000000
0.000000
0.000000
0.000000
0.000000
0.000000
0.000000
0.000000
0.000000
0.000000
0.000000
0.000000
0.000000
0.000000
0.000000
0.000000
0.000000
0.000000
0.000000
0.000000
0.000000
0.000000
0.000000
0.000000
0.000000
0.000000
0.000000
0.000000
0.000000
0.000000
0.000000
0.000000
0.000000
0.000000
0.000000
0.000000
0.000000
0.000000
0.000000
0.000000
0.000000
0.000000
0.000000
0.000000
0.000000
0.000000
0.000000
0.000000
0.000000
0.000000
0.000000
0.000000
0.000000
0.000000
0.000000
0.000000
0.000000
0.000000
0.000000
0.000000
0.000000
0.000000
0.000000
0.000000
0.000000
0.000000
0.000000
0.000000
0.000000
0.000000
0.000000
0.000000
0.000000
0.000000
0.000000
0.000000
0.000000
0.000000
0.000000
0.000000
0.000000
0.000000
0.000000
0.000000
0.000000
0.000000
0.000000
0.000000
0.000000
0.000000
0.000000
0.000000
0.000000
0.000000
0.000000
0.000000
0.000000
0.000000
0.000000
0.000000
0.000000
0.000000
0.000000
0.000000
0.000000
0.000000
0.000000
0.000000
0.000000
0.000000
0.000000
0.000000
0.000000
0.000000
0.000000
0.000000
0.000000
10.026799
12.265793
12.655184
7.593110
5.256769
12.655184
12.363141
12.460488
12.460488
12.460488
13.044574
12.655184
11.876403
5.256769
7.203720
11.779056
10.708232
8.469238
8.663934
3.601860
6.814330
8.955976
16.451738
22.097897
15.965001
13.823354
13.141921
11.389665
14.018049
15.478263
22.779329
12.557836
10.026799
13.336617
7.885153
8.663934
6.424939
1.460213
4.672683
8.079848
17.327868
18.593386
7.593110
9.150671
9.832104
18.106647
15.672958
13.726007
22.292593
12.363141
14.504787
14.115396
11.584360
8.955976
6.230244
5.354116
7.593110
11.876403
17.425215
18.106647
9.540061
7.203720
9.248018
9.540061
9.053324
9.345366
15.575610
10.708232
7.982501
11.389665
9.929452
6.814330
0.000000
0.000000
0.000000
0.000000
0.000000
0.000000
0.000000
0.000000
0.000000
0.000000
0.000000
0.000000
0.000000
0.000000
0.000000
0.000000
0.000000
0.000000
0.000000
0.000000
0.000000
0.000000
0.000000
0.000000
0.000000
0.000000
0.000000
0.000000
0.000000
0.000000
0.000000
0.000000
0.000000
0.000000
0.000000
0.000000
0.000000
0.000000
0.000000
0.000000
0.000000
0.000000
0.000000
0.000000
0.000000
0.000000
0.000000
0.000000
0.000000
0.000000
0.000000
0.000000
0.000000
0.000000
0.000000
0.000000
0.000000
0.000000
0.000000
0.000000
0.000000
0.000000
0.000000
0.000000
0.000000
0.000000
0.000000
0.000000
0.000000
0.000000
0.000000
0.000000
0.486738
0.778781
0.778781
0.973476
0.778781
0.194695
0.389390
0.778781
0.389390
0.973476
0.486738
0.584085
0.292043
0.778781
1.265518
0.778781
1.654909
1.557561
0.486738
0.681433
0.194695
0.486738
0.778781
0.584085
0.973476
0.486738
0.681433
0.194695
0.486738
0.194695
0.486738
0.778781
0.292043
0.389390
0.681433
0.292043
0.389390
0.389390
0.292043
0.097348
0.292043
0.584085
0.486738
0.584085
0.486738
0.194695
0.876128
0.194695
0.486738
0.486738
0.486738
0.194695
0.681433
0.584085
0.389390
0.584085
0.584085
0.194695
0.194695
0.389390
0.486738
0.778781
0.389390
0.876128
0.389390
0.389390
0.876128
0.389390
0.876128
0.292043
0.584085
0.486738
0.584085
0.389390
0.486738
0.486738
0.584085
0.194695
0.194695
0.389390
0.389390
0.486738
0.389390
0.292043
0.292043
0.584085
0.292043
0.194695
0.292043
0.292043
0.778781
0.194695
0.097348
1.070823
0.486738
0.097348
0.194695
0.681433
0.194695
1.070823
0.292043
0.000000
0.000000
0.389390
0.486738
0.389390
0.486738
0.584085
0.194695
0.486738
0.097348
1.070823
0.389390
0.389390
0.584085
0.486738
0.097348
0.097348
0.097348
0.097348
0.000000
0.097348
0.000000
0.097348
0.876128
0.194695
0.584085
0.876128
0.778781
0.486738
0.389390
0.097348
1.168171
1.168171
0.778781
1.168171
0.778781
1.265518
0.876128
1.362866
1.362866
0.681433
1.168171
0.681433
0.778781
0.876128
0.876128
1.362866
1.654909
0.778781
0.778781
1.557561
0.778781
1.946951
1.168171
1.654909
1.070823
1.265518
2.238994
1.265518
2.336342
2.141646
0.486738
0.194695
0.584085
1.168171
0.876128
0.973476
0.292043
0.681433
0.389390
0.292043
0.778781
1.265518
0.681433
0.681433
0.292043
1.362866
0.194695
0.584085
0.292043
0.097348
0.584085
0.778781
0.973476
0.584085
0.194695
1.265518
1.070823
0.584085
0.778781
1.070823
0.584085
0.876128
0.194695
0.973476
0.389390
1.362866
0.681433
0.486738
0.681433
0.584085
0.194695
0.292043
0.389390
0.486738
0.194695
0.681433
0.194695
0.778781
1.362866
0.292043
0.486738
0.194695
0.973476
0.292043
0.000000
0.000000
0.000000
0.000000
0.000000
0.000000
0.000000
0.000000
0.000000
0.000000
0.000000
0.000000
0.000000
0.000000
0.000000
0.000000
0.000000
0.000000
0.000000
0.000000
0.000000
0.000000
0.000000
0.000000
0.000000
0.000000
0.000000
0.000000
0.000000
0.000000
0.000000
0.000000
0.000000
0.000000
0.000000
0.000000
0.000000
0.000000
0.000000
0.000000
0.000000
0.000000
0.000000
0.000000
0.000000
0.000000
0.000000
0.000000
0.000000
0.000000
0.000000
0.000000
0.000000
0.000000
0.000000
0.000000
0.000000
0.000000
0.000000
0.000000
0.000000
0.000000
0.000000
0.000000
0.000000
0.000000
0.000000
0.000000
0.000000
0.000000
0.000000
0.000000
0.584085
0.681433
0.778781
0.584085
0.778781
0.584085
0.292043
0.486738
0.389390
0.584085
0.584085
0.292043
0.194695
0.389390
0.778781
0.292043
0.389390
0.778781
1.070823
1.168171
2.044299
0.778781
0.778781
0.194695
0.778781
0.292043
1.265518
1.070823
1.654909
0.486738
0.194695
0.973476
1.460213
0.681433
0.973476
0.681433
1.557561
0.973476
1.849604
0.778781
0.584085
0.584085
1.654909
1.557561
1.752256
0.778781
1.362866
0.584085
0.194695
1.460213
1.752256
0.194695
1.362866
1.460213
1.460213
1.752256
1.654909
0.973476
1.168171
0.389390
1.946951
0.973476
1.557561
1.557561
1.460213
1.752256
1.168171
2.238994
1.654909
1.362866
1.654909
1.168171
0.000000
0.000000
0.000000
0.000000
0.000000
0.000000
0.000000
0.000000
0.000000
0.000000
0.000000
0.000000
0.000000
0.000000
0.000000
0.000000
0.000000
0.000000
0.000000
0.000000
0.000000
0.000000
0.000000
0.000000
0.000000
0.000000
0.000000
0.000000
0.000000
0.000000
0.000000
0.000000
0.000000
0.000000
0.000000
0.000000
0.000000
0.000000
0.000000
0.000000
0.000000
0.000000
0.000000
0.000000
0.000000
0.000000
0.000000
0.000000
0.000000
0.000000
0.000000
0.000000
0.000000
0.000000
0.000000
0.000000
0.000000
0.000000
0.000000
0.000000
0.000000
0.000000
0.000000
0.000000
0.000000
0.000000
0.000000
0.000000
0.000000
0.000000
0.000000
0.000000
0.000000
0.000000
0.000000
0.000000
0.000000
0.000000
0.000000
0.000000
0.000000
0.000000
0.000000
0.000000
0.000000
0.000000
0.000000
0.000000
0.000000
0.000000
0.000000
0.000000
0.000000
0.000000
0.000000
0.000000
0.000000
0.000000
0.000000
0.000000
0.000000
0.000000
0.000000
0.000000
0.000000
0.000000
0.000000
0.000000
0.000000
0.000000
0.000000
0.000000
0.000000
0.000000
0.000000
0.000000
0.000000
0.000000
0.000000
0.000000
0.000000
0.000000
0.000000
0.000000
0.000000
0.000000
0.000000
0.000000
0.000000
0.000000
0.000000
0.000000
0.000000
0.000000
0.000000
0.000000
0.000000
0.000000
0.000000
0.000000
0.000000
0.000000
0.000000
0.000000
0.000000
0.000000
0.000000
0.000000
0.000000
0.000000
0.000000
0.000000
0.000000
0.000000
0.000000
0.000000
0.000000
0.000000
0.000000
0.000000
0.000000
0.000000
0.000000
0.000000
0.000000
0.000000
0.000000
0.000000
0.000000
0.000000
0.000000
0.000000
0.000000
0.000000
0.000000
0.000000
0.000000
0.000000
0.000000
0.000000
0.000000
0.000000
0.000000
0.000000
0.000000
0.000000
0.000000
0.000000
0.000000
0.000000
0.000000
0.000000
0.000000
0.000000
0.000000
0.000000
0.000000
0.000000
0.000000
0.000000
0.000000
0.000000
0.000000
0.000000
0.000000
0.000000
0.000000
0.000000
0.000000
0.000000
0.000000
0.000000
0.000000
0.000000
0.000000
0.000000
0.000000
0.000000
0.000000
0.000000
0.000000
0.000000
0.000000
0.000000
0.000000
0.000000
0.000000
0.000000
0.000000
0.000000
0.000000
0.000000
0.000000
0.000000
0.000000
0.000000
0.000000
0.000000
0.000000
0.000000
0.000000
0.000000
0.000000
0.000000
0.000000
0.000000
0.000000
0.000000
0.000000
0.000000
0.000000
0.000000
0.000000
0.000000
0.000000
0.000000
0.000000
0.000000
0.000000
0.000000
0.000000
0.000000
0.000000
0.000000
0.000000
0.000000
0.000000
0.000000
0.000000
0.000000
0.000000
0.000000
0.000000
0.000000
0.000000
0.000000
0.000000
0.000000
0.000000
0.000000
0.000000
0.000000
0.000000
0.000000
0.000000
0.000000
0.000000
0.000000
0.000000
0.000000
0.000000
0.000000
0.000000
0.000000
0.000000
0.000000
0.000000
0.000000
0.000000
0.000000
0.000000
0.000000
0.000000
0.000000
0.000000
0.000000
0.000000
0.000000
0.000000
0.000000
0.000000
0.000000
0.000000
0.000000
0.000000
0.000000
0.000000
0.000000
0.000000
0.000000
0.000000
0.000000
0.000000
0.000000
0.000000
0.000000
0.000000
0.000000
0.000000
0.000000
0.000000
0.000000
0.000000
0.000000
0.000000
0.000000
0.000000
0.000000
0.000000
0.000000
0.000000
0.000000
0.000000
0.000000
0.000000
0.000000
0.000000
0.000000
0.000000
0.000000
0.000000
0.000000
0.000000
0.000000
0.000000
0.000000
0.000000
0.000000
0.000000
0.000000
0.194695
0.292043
0.292043
0.292043
0.389390
0.292043
0.000000
0.097348
0.097348
0.097348
0.097348
0.097348
0.097348
0.292043
0.097348
0.097348
0.194695
0.194695
0.389390
0.292043
0.194695
0.292043
0.292043
0.000000
0.000000
0.486738
0.000000
0.389390
0.194695
0.097348
0.000000
0.097348
0.389390
0.097348
0.292043
0.389390
0.097348
0.292043
0.194695
0.292043
0.389390
0.194695
0.097348
0.389390
0.000000
0.097348
0.097348
0.097348
0.000000
0.097348
0.000000
0.097348
0.194695
0.292043
0.097348
0.194695
0.292043
0.194695
0.000000
0.000000
0.194695
0.486738
0.292043
0.486738
0.292043
0.292043
0.486738
0.389390
0.486738
0.194695
0.389390
0.389390
0.681433
0.389390
0.292043
0.681433
0.876128
0.097348
0.097348
0.389390
0.194695
0.486738
0.292043
0.486738
0.389390
0.584085
0.389390
0.292043
0.584085
0.584085
0.778781
0.292043
1.362866
1.362866
0.486738
0.292043
0.194695
1.265518
0.486738
0.681433
0.973476
1.557561
0.389390
0.778781
0.389390
1.362866
0.097348
1.265518
0.584085
0.486738
1.265518
0.973476
0.584085
0.584085
0.876128
1.070823
1.265518
0.876128
0.584085
1.557561
0.292043
1.460213
0.097348
1.654909
0.292043
1.557561
0.778781
0.486738
0.778781
1.070823
0.097348
0.292043
0.681433
0.584085
0.681433
0.681433
0.876128
0.778781
0.778781
0.778781
0.292043
0.876128
0.778781
1.070823
0.000000
0.000000
0.000000
0.000000
0.000000
0.000000
0.000000
0.000000
0.000000
0.000000
0.000000
0.000000
0.000000
0.000000
0.000000
0.000000
0.000000
0.000000
0.000000
0.000000
0.000000
0.000000
0.000000
0.000000
0.000000
0.000000
0.000000
0.000000
0.000000
0.000000
0.000000
0.000000
0.000000
0.000000
0.000000
0.000000
0.000000
0.000000
0.000000
0.000000
0.000000
0.000000
0.000000
0.000000
0.000000
0.000000
0.000000
0.000000
0.000000
0.000000
0.000000
0.000000
0.000000
0.000000
0.000000
0.000000
0.000000
0.000000
0.000000
0.000000
0.000000
0.000000
0.000000
0.000000
0.000000
0.000000
0.000000
0.000000
0.000000
0.000000
0.000000
0.000000
0.292043
0.194695
0.194695
0.194695
0.292043
0.097348
0.097348
0.194695
0.097348
0.097348
0.097348
0.097348
0.097348
0.194695
0.194695
0.097348
0.097348
0.389390
0.681433
0.778781
0.973476
0.194695
0.194695
0.097348
0.681433
0.097348
0.778781
0.389390
0.876128
0.097348
0.000000
0.778781
0.584085
0.389390
0.486738
0.486738
0.778781
0.584085
1.168171
0.097348
0.097348
0.292043
0.876128
0.486738
0.876128
0.292043
0.876128
0.097348
0.000000
0.876128
0.876128
0.097348
0.584085
0.778781
0.292043
0.973476
0.876128
0.097348
0.194695
0.000000
0.778781
0.389390
0.681433
0.584085
0.778781
0.194695
0.097348
0.778781
0.486738
0.584085
0.486738
0.778781
0.486738
0.778781
0.876128
1.070823
0.876128
0.681433
0.681433
0.973476
0.778781
1.168171
0.778781
0.876128
0.681433
0.778781
1.070823
0.876128
1.265518
1.168171
0.389390
0.876128
0.681433
0.389390
0.486738
0.681433
1.168171
0.486738
1.070823
0.389390
0.681433
0.389390
0.584085
1.168171
0.681433
0.486738
0.876128
0.486738
0.778781
0.584085
0.681433
0.486738
0.486738
0.486738
0.876128
0.681433
0.778781
0.486738
0.973476
0.389390
0.584085
0.778781
0.876128
0.292043
0.486738
0.681433
0.389390
0.486738
0.486738
0.194695
0.292043
0.389390
0.389390
0.778781
0.292043
0.778781
0.486738
0.486738
0.681433
0.389390
0.876128
0.389390
0.681433
0.681433
0.000000
0.000000
0.000000
0.000000
0.000000
0.000000
0.000000
0.000000
0.000000
0.000000
0.000000
0.000000
0.000000
0.000000
0.000000
0.000000
0.000000
0.000000
0.000000
0.000000
0.000000
0.000000
0.000000
0.000000
0.000000
0.000000
0.000000
0.000000
0.000000
0.000000
0.000000
0.000000
0.000000
0.000000
0.000000
0.000000
0.000000
0.000000
0.000000
0.000000
0.000000
0.000000
0.000000
0.000000
0.000000
0.000000
0.000000
0.000000
0.000000
0.000000
0.000000
0.000000
0.000000
0.000000
0.000000
0.000000
0.000000
0.000000
0.000000
0.000000
0.000000
0.000000
0.000000
0.000000
0.000000
0.000000
0.000000
0.000000
0.000000
0.000000
0.000000
0.000000
0.000000
0.000000
0.000000
0.000000
0.000000
0.000000
0.000000
0.000000
0.000000
0.000000
0.000000
0.000000
0.000000
0.000000
0.000000
0.000000
0.000000
0.000000
0.000000
0.000000
0.000000
0.000000
0.000000
0.000000
0.000000
0.000000
0.000000
0.000000
0.000000
0.000000
0.000000
0.000000
0.000000
0.000000
0.000000
0.000000
0.000000
0.000000
0.000000
0.000000
0.000000
0.000000
0.000000
0.000000
0.000000
0.000000
0.000000
0.000000
0.000000
0.000000
0.000000
0.000000
0.000000
0.000000
0.000000
0.000000
0.000000
0.000000
0.000000
0.000000
0.000000
0.000000
0.000000
0.000000
0.000000
0.000000
0.000000
0.000000
0.000000
0.000000
0.000000
0.000000
0.194695
0.097348
0.097348
0.097348
0.194695
0.000000
0.097348
0.000000
0.097348
0.000000
0.097348
0.000000
0.000000
0.194695
0.000000
0.097348
0.000000
0.097348
0.292043
0.097348
0.194695
0.292043
0.194695
0.097348
0.194695
0.486738
0.000000
0.389390
0.194695
0.292043
0.000000
0.194695
0.292043
0.097348
0.194695
0.389390
0.194695
0.194695
0.292043
0.194695
0.292043
0.194695
0.194695
0.292043
0.194695
0.292043
0.000000
0.292043
0.000000
0.292043
0.000000
0.292043
0.097348
0.194695
0.194695
0.194695
0.292043
0.389390
0.097348
0.000000
0.292043
0.389390
0.292043
0.292043
0.389390
0.292043
0.292043
0.292043
0.292043
0.389390
0.194695
0.486738
0.389390
0.194695
0.097348
0.000000
0.486738
0.486738
0.000000
0.292043
0.097348
0.194695
0.194695
0.292043
0.097348
0.000000
0.389390
0.194695
0.097348
0.097348
0.292043
0.097348
0.292043
0.486738
0.681433
0.194695
0.000000
0.778781
0.000000
0.584085
0.097348
0.876128
0.097348
0.097348
0.194695
0.486738
0.000000
0.389390
0.097348
0.097348
0.389390
0.584085
0.486738
0.097348
0.000000
0.292043
0.097348
0.778781
0.000000
0.973476
0.097348
0.292043
0.292043
0.584085
0.000000
0.194695
0.486738
0.194695
0.292043
0.486738
0.194695
0.097348
0.097348
0.292043
0.194695
0.194695
0.194695
0.292043
0.292043
0.097348
0.389390
0.292043
0.194695
0.097348
0.000000
0.000000
0.000000
0.000000
0.000000
0.000000
0.000000
0.000000
0.000000
0.000000
0.000000
0.000000
0.000000
0.000000
0.000000
0.000000
0.000000
0.000000
0.000000
0.000000
0.000000
0.000000
0.000000
0.000000
0.000000
0.000000
0.000000
0.000000
0.000000
0.000000
0.000000
0.000000
0.000000
0.000000
0.000000
0.000000
0.000000
0.000000
0.000000
0.000000
0.000000
0.000000
0.000000
0.000000
0.000000
0.000000
0.000000
0.000000
0.000000
0.000000
0.000000
0.000000
0.000000
0.000000
0.000000
0.000000
0.000000
0.000000
0.000000
0.000000
0.000000
0.000000
0.000000
0.000000
0.000000
0.000000
0.000000
0.000000
0.000000
0.000000
0.000000
0.000000
0.194695
0.584085
0.486738
0.681433
0.389390
0.000000
0.292043
0.584085
0.584085
0.973476
0.584085
0.486738
0.292043
0.681433
0.876128
0.681433
1.168171
0.876128
0.194695
0.389390
0.389390
0.194695
0.097348
0.194695
0.973476
0.097348
0.681433
0.000000
0.292043
0.194695
0.000000
0.876128
0.389390
0.097348
0.486738
0.097348
0.584085
0.194695
0.292043
0.194695
0.097348
0.194695
0.584085
0.389390
0.389390
0.194695
0.584085
0.194695
0.000000
0.486738
0.389390
0.194695
0.000000
0.292043
0.389390
0.292043
0.194695
0.000000
0.000000
0.000000
0.194695
0.389390
0.097348
0.389390
0.097348
0.389390
0.486738
0.194695
0.486738
0.194695
0.389390
0.097348
0.000000
0.000000
0.000000
0.000000
0.000000
0.000000
0.000000
0.000000
0.000000
0.000000
0.000000
0.000000
0.000000
0.000000
0.000000
0.000000
0.000000
0.000000
0.000000
0.000000
0.000000
0.000000
0.000000
0.000000
0.000000
0.000000
0.000000
0.000000
0.000000
0.000000
0.000000
0.000000
0.000000
0.000000
0.000000
0.000000
0.000000
0.000000
0.000000
0.000000
0.000000
0.000000
0.000000
0.000000
0.000000
0.000000
0.000000
0.000000
0.000000
0.000000
0.000000
0.000000
0.000000
0.000000
0.000000
0.000000
0.000000
0.000000
0.000000
0.000000
0.000000
0.000000
0.000000
0.000000
0.000000
0.000000
0.000000
0.000000
0.000000
0.000000
0.000000
0.000000
0.292043
0.486738
0.486738
0.681433
0.389390
0.194695
0.000000
0.000000
0.097348
0.194695
0.097348
0.097348
0.097348
0.389390
0.097348
0.194695
0.292043
0.389390
0.292043
0.194695
0.389390
0.778781
0.292043
0.000000
0.097348
0.584085
0.000000
0.681433
0.194695
0.097348
0.000000
0.194695
0.486738
0.097348
0.486738
0.681433
0.389390
0.486738
0.486738
0.584085
0.389390
0.194695
0.486738
0.389390
0.097348
0.292043
0.000000
0.194695
0.000000
0.292043
0.097348
0.194695
0.389390
0.292043
0.292043
0.584085
0.778781
0.584085
0.194695
0.000000
0.292043
0.778781
0.389390
0.778781
0.778781
0.973476
0.876128
0.584085
0.973476
0.389390
0.681433
0.876128
0.973476
1.168171
1.168171
0.876128
0.584085
0.876128
0.973476
1.070823
1.168171
1.168171
1.070823
1.070823
0.876128
0.389390
0.584085
0.876128
0.876128
0.876128
1.168171
1.946951
1.654909
1.362866
1.460213
1.557561
1.946951
1.460213
1.946951
1.654909
1.752256
1.654909
1.557561
1.849604
1.849604
1.362866
1.946951
1.460213
1.168171
1.849604
1.654909
1.557561
1.460213
1.460213
1.946951
1.654909
1.654909
1.460213
1.654909
1.654909
1.557561
1.946951
1.849604
1.362866
1.654909
1.557561
0.486738
1.168171
1.168171
1.070823
1.168171
1.265518
1.460213
1.362866
1.265518
1.557561
1.362866
1.752256
1.460213
1.362866
1.557561
1.362866
1.557561
1.460213
0.000000
0.000000
0.000000
0.000000
0.000000
0.000000
0.000000
0.000000
0.000000
0.000000
0.000000
0.000000
0.000000
0.000000
0.000000
0.000000
0.000000
0.000000
0.000000
0.000000
0.000000
0.000000
0.000000
0.000000
0.000000
0.000000
0.000000
0.000000
0.000000
0.000000
0.000000
0.000000
0.000000
0.000000
0.000000
0.000000
0.000000
0.000000
0.000000
0.000000
0.000000
0.000000
0.000000
0.000000
0.000000
0.000000
0.000000
0.000000
0.000000
0.000000
0.000000
0.000000
0.000000
0.000000
0.000000
0.000000
0.000000
0.000000
0.000000
0.000000
0.000000
0.000000
0.000000
0.000000
0.000000
0.000000
0.000000
0.000000
0.000000
0.000000
0.000000
0.000000
0.292043
0.486738
0.292043
0.097348
0.681433
0.097348
0.000000
0.097348
0.000000
0.097348
0.000000
0.097348
0.000000
0.194695
0.097348
0.097348
0.000000
0.097348
1.070823
1.654909
1.654909
0.778781
0.097348
0.000000
0.681433
0.292043
1.362866
0.097348
0.389390
1.460213
0.000000
1.168171
0.584085
0.584085
0.486738
0.486738
2.238994
1.557561
2.141646
1.070823
0.097348
0.292043
1.460213
0.778781
1.946951
0.000000
0.292043
1.557561
0.000000
1.752256
0.778781
0.876128
0.097348
0.973476
2.044299
1.654909
0.681433
0.973476
0.000000
0.000000
0.486738
0.681433
0.486738
0.097348
0.584085
0.778781
0.292043
0.681433
0.486738
0.389390
0.292043
0.876128
0.000000
0.000000
0.000000
0.000000
0.000000
0.000000
0.000000
0.000000
0.000000
0.000000
0.000000
0.000000
0.000000
0.000000
0.000000
0.000000
0.000000
0.000000
0.000000
0.000000
0.000000
0.000000
0.000000
0.000000
0.000000
0.000000
0.000000
0.000000
0.000000
0.000000
0.000000
0.000000
0.000000
0.000000
0.000000
0.000000
0.000000
0.000000
0.000000
0.000000
0.000000
0.000000
0.000000
0.000000
0.000000
0.000000
0.000000
0.000000
0.000000
0.000000
0.000000
0.000000
0.000000
0.000000
0.000000
0.000000
0.000000
0.000000
0.000000
0.000000
0.000000
0.000000
0.000000
0.000000
0.000000
0.000000
0.000000
0.000000
0.000000
0.000000
0.000000
0.000000
0.000000
0.000000
0.000000
0.000000
0.000000
0.000000
0.000000
0.000000
0.000000
0.000000
0.000000
0.000000
0.000000
0.000000
0.000000
0.000000
0.000000
0.000000
0.000000
0.000000
0.000000
0.000000
0.000000
0.000000
0.000000
0.000000
0.000000
0.000000
0.000000
0.000000
0.000000
0.000000
0.000000
0.000000
0.000000
0.000000
0.000000
0.000000
0.000000
0.000000
0.000000
0.000000
0.000000
0.000000
0.000000
0.000000
0.000000
0.000000
0.000000
0.000000
0.000000
0.000000
0.000000
0.000000
0.000000
0.000000
0.000000
0.000000
0.000000
0.000000
0.000000
0.000000
0.000000
0.000000
0.000000
0.000000
0.000000
0.000000
0.000000
0.000000
0.000000
0.000000
0.000000
0.000000
0.000000
0.000000
0.000000
0.000000
0.000000
0.000000
0.000000
0.000000
0.000000
0.000000
0.000000
0.000000
0.000000
0.000000
0.000000
0.000000
0.000000
0.000000
0.000000
0.000000
0.000000
0.000000
0.000000
0.000000
0.000000
0.000000
0.000000
0.000000
0.000000
0.000000
0.000000
0.000000
0.000000
0.000000
0.000000
0.000000
0.000000
0.000000
0.000000
0.000000
0.000000
0.000000
0.000000
0.000000
0.000000
0.000000
0.000000
0.000000
0.000000
0.000000
0.000000
0.000000
0.000000
0.000000
0.000000
0.000000
0.000000
0.000000
0.000000
0.000000
0.000000
0.000000
0.000000
0.000000
0.000000
0.000000
0.000000
0.000000
0.000000
0.000000
0.000000
0.000000
0.000000
0.000000
0.000000
0.000000
0.000000
0.000000
0.000000
0.000000
0.000000
0.000000
0.000000
0.000000
0.000000
0.000000
0.000000
0.000000
0.000000
0.000000
0.000000
0.000000
0.000000
0.000000
0.000000
0.000000
0.000000
0.000000
0.000000
0.000000
0.000000
0.000000
0.000000
0.000000
0.000000
0.000000
0.000000
0.000000
0.000000
0.000000
0.000000
0.000000
0.000000
0.000000
0.000000
0.000000
0.000000
0.000000
0.000000
0.000000
0.000000
0.000000
0.000000
0.000000
0.000000
0.000000
0.000000
0.000000
0.000000
0.000000
0.000000
0.000000
0.000000
0.000000
0.000000
0.000000
0.000000
0.000000
0.000000
0.000000
0.000000
0.000000
0.000000
0.000000
0.000000
0.000000
0.000000
0.000000
0.000000
0.000000
0.000000
0.000000
0.000000
0.000000
0.000000
0.000000
0.000000
0.000000
0.000000
0.000000
0.000000
0.000000
0.000000
0.000000
0.000000
0.000000
0.000000
0.000000
0.000000
0.000000
0.000000
0.000000
0.000000
0.000000
0.000000
0.000000
0.000000
0.000000
0.000000
0.000000
0.000000
0.000000
0.000000
0.000000
0.000000
0.000000
0.000000
0.000000
0.000000
0.000000
0.000000
0.000000
0.000000
0.000000
0.000000
0.000000
0.000000
0.000000
0.000000
0.000000
0.000000
0.000000
0.000000
0.000000
0.000000
0.000000
0.000000
0.000000
0.000000
0.000000
0.000000
0.000000
0.000000
0.000000
0.000000
0.000000
0.000000
0.000000
0.000000
0.000000
0.000000
0.000000
0.000000
0.000000
0.000000
0.000000
0.000000
0.000000
0.000000
0.000000
0.000000
0.000000
0.000000
0.000000
0.000000
0.000000
0.000000
0.000000
0.000000
0.000000
0.000000
0.000000
0.000000
0.000000
0.000000
0.000000
0.000000
0.000000
0.000000
0.000000
0.000000
0.000000
0.000000
0.000000
0.000000
0.000000
0.000000
0.000000
0.000000
0.000000
0.000000
0.000000
0.000000
0.000000
0.000000
0.000000
0.000000
0.000000
0.000000
0.000000
0.000000
0.000000
0.000000
0.000000
0.000000
0.000000
0.000000
0.000000
0.000000
0.000000
0.000000
0.000000
0.000000
0.000000
0.000000
0.000000
0.000000
0.000000
0.000000
0.000000
0.000000
0.000000
0.000000
0.000000
0.000000
0.000000
0.000000
0.000000
0.000000
0.000000
0.000000
0.000000
0.000000
0.000000
0.000000
0.000000
0.000000
0.000000
0.000000
0.000000
0.000000
0.000000
0.000000
0.000000
0.000000
0.000000
0.000000
0.000000
0.000000
0.000000
0.000000
0.000000
0.000000
0.000000
0.000000
0.000000
0.000000
0.000000
0.000000
0.000000
0.000000
0.000000
0.000000
0.000000
0.000000
0.000000
0.000000
0.000000
0.000000
0.000000
0.000000
0.000000
0.000000
0.000000
0.000000
0.000000
0.000000
0.000000
0.000000
0.000000
0.000000
0.000000
0.000000
0.000000
0.000000
0.000000
0.000000
0.000000
0.000000
0.000000
0.000000
0.000000
0.000000
0.000000
0.000000
0.000000
0.000000
0.000000
0.000000
0.000000
0.000000
0.000000
0.000000
0.000000
0.000000
0.000000
0.000000
0.000000
0.000000
0.000000
0.000000
0.000000
0.000000
0.000000
0.000000
0.000000
0.000000
0.000000
0.000000
0.000000
0.000000
0.000000
0.000000
0.000000
0.000000
0.000000
0.000000
0.000000
0.000000
0.000000
0.000000
0.000000
0.000000
0.000000
0.000000
0.000000
0.000000
0.000000
0.000000
0.000000
0.000000
0.000000
0.000000
0.000000
0.000000
0.000000
0.000000
0.000000
0.000000
0.000000
0.000000
0.000000
0.000000
0.000000
0.000000
0.000000
0.000000
0.000000
0.000000
0.000000
