0.503025
0.565903
0.597343
0.471586
0.282952
0.691660
0.754538
0.660221
0.660221
0.597343
0.628782
0.660221
0.628782
0.345830
0.534464
0.660221
0.628782
0.565903
0.377269
0.125756
0.251513
0.251513
0.660221
1.100368
0.785977
0.471586
0.628782
0.345830
0.534464
0.503025
1.068929
0.534464
0.345830
0.534464
0.314391
0.345830
0.377269
0.062878
0.220074
0.251513
0.754538
0.817416
0.314391
0.282952
0.377269
0.817416
0.754538
0.408708
1.068929
0.408708
0.628782
0.471586
0.503025
0.314391
0.377269
0.314391
0.377269
0.503025
0.943172
0.943172
0.377269
0.251513
0.408708
0.314391
0.345830
0.220074
0.534464
0.377269
0.314391
0.471586
0.345830
0.251513
0.754538
0.597343
0.565903
0.565903
0.534464
0.377269
0.534464
0.565903
0.565903
0.565903
0.565903
0.628782
0.565903
0.314391
0.220074
0.471586
0.471586
0.503025
0.817416
1.226124
1.100368
1.383320
0.911733
0.785977
0.817416
1.320441
0.943172
1.257563
0.974612
1.414759
0.817416
1.037490
1.037490
1.131807
1.131807
1.320441
0.565903
1.509076
1.131807
1.509076
0.974612
0.848855
1.320441
1.100368
1.131807
0.848855
0.691660
1.414759
0.848855
1.351880
0.691660
1.257563
0.974612
1.131807
0.471586
0.691660
0.848855
0.911733
0.565903
0.691660
0.880294
1.194685
0.817416
1.100368
1.068929
1.383320
1.131807
0.911733
1.131807
0.943172
1.131807
1.163246
0.000000
0.000000
0.000000
0.000000
0.000000
0.000000
0.000000
0.000000
0.000000
0.000000
0.000000
0.000000
0.000000
0.000000
0.000000
0.000000
0.000000
0.000000
0.000000
0.000000
0.000000
0.000000
0.000000
0.000000
0.000000
0.000000
0.000000
0.000000
0.000000
0.000000
0.000000
0.000000
0.000000
0.000000
0.000000
0.000000
0.000000
0.000000
0.000000
0.000000
0.000000
0.000000
0.000000
0.000000
0.000000
0.000000
0.000000
0.000000
0.000000
0.000000
0.000000
0.000000
0.000000
0.000000
0.000000
0.000000
0.000000
0.000000
0.000000
0.000000
0.000000
0.000000
0.000000
0.000000
0.000000
0.000000
0.000000
0.000000
0.000000
0.000000
0.000000
0.000000
0.000000
0.000000
0.000000
0.000000
0.000000
0.000000
0.000000
0.000000
0.000000
0.000000
0.000000
0.000000
0.000000
0.000000
0.000000
0.000000
0.000000
0.000000
0.000000
0.000000
0.000000
0.000000
0.000000
0.000000
0.000000
0.000000
0.000000
0.000000
0.000000
0.000000
0.000000
0.000000
0.000000
0.000000
0.000000
0.000000
0.000000
0.000000
0.000000
0.000000
0.000000
0.000000
0.000000
0.000000
0.000000
0.000000
0.000000
0.000000
0.000000
0.000000
0.000000
0.000000
0.000000
0.000000
0.000000
0.000000
0.000000
0.000000
0.000000
0.000000
0.000000
0.000000
0.000000
0.000000
0.000000
0.000000
0.000000
0.000000
0.000000
0.000000
0.000000
0.000000
0.094317
0.220074
0.188634
0.094317
0.314391
0.251513
0.125756
0.282952
0.220074
0.282952
0.220074
0.188634
0.094317
0.314391
0.534464
0.282952
0.314391
0.345830
0.094317
0.282952
0.534464
0.125756
0.125756
0.062878
0.314391
0.188634
0.188634
0.188634
0.314391
0.062878
0.000000
0.314391
0.314391
0.062878
0.282952
0.251513
0.503025
0.188634
0.565903
0.125756
0.062878
0.062878
0.345830
0.377269
0.282952
0.220074
0.282952
0.125756
0.000000
0.125756
0.314391
0.094317
0.000000
0.345830
0.345830
0.251513
0.251513
0.062878
0.000000
0.000000
0.062878
0.251513
0.125756
0.220074
0.282952
0.220074
0.094317
0.094317
0.251513
0.220074
0.125756
0.345830
0.000000
0.000000
0.000000
0.000000
0.000000
0.000000
0.000000
0.000000
0.000000
0.000000
0.000000
0.000000
0.000000
0.000000
0.000000
0.000000
0.000000
0.000000
0.000000
0.000000
0.000000
0.000000
0.000000
0.000000
0.000000
0.000000
0.000000
0.000000
0.000000
0.000000
0.000000
0.000000
0.000000
0.000000
0.000000
0.000000
0.000000
0.000000
0.000000
0.000000
0.000000
0.000000
0.000000
0.000000
0.000000
0.000000
0.000000
0.000000
0.000000
0.000000
0.000000
0.000000
0.000000
0.000000
0.000000
0.000000
0.000000
0.000000
0.000000
0.000000
0.000000
0.000000
0.000000
0.000000
0.000000
0.000000
0.000000
0.000000
0.000000
0.000000
0.000000
0.000000
0.188634
0.125756
0.125756
0.062878
0.125756
0.377269
0.251513
0.188634
0.220074
0.094317
0.188634
0.188634
0.314391
0.220074
0.125756
0.188634
0.094317
0.062878
0.062878
0.000000
0.000000
0.125756
0.314391
0.282952
0.062878
0.220074
0.062878
0.188634
0.094317
0.125756
0.314391
0.031439
0.094317
0.094317
0.031439
0.094317
0.094317
0.000000
0.031439
0.125756
0.314391
0.251513
0.031439
0.031439
0.000000
0.188634
0.062878
0.125756
0.282952
0.031439
0.094317
0.125756
0.094317
0.000000
0.251513
0.125756
0.251513
0.282952
0.345830
0.314391
0.125756
0.220074
0.251513
0.094317
0.220074
0.062878
0.188634
0.125756
0.125756
0.220074
0.062878
0.125756
0.377269
0.220074
0.220074
0.188634
0.471586
0.031439
0.062878
0.188634
0.094317
0.125756
0.188634
0.251513
0.188634
0.282952
0.031439
0.094317
0.031439
0.094317
0.345830
0.094317
0.785977
0.911733
0.345830
0.220074
0.220074
0.943172
0.345830
0.597343
0.503025
1.037490
0.282952
0.597343
0.220074
0.817416
0.188634
0.943172
0.345830
0.314391
0.754538
0.754538
0.471586
0.377269
0.691660
0.408708
0.848855
0.503025
0.282952
0.974612
0.282952
0.943172
0.062878
0.974612
0.125756
0.754538
0.408708
0.251513
0.534464
0.754538
0.220074
0.251513
0.188634
0.628782
0.314391
0.345830
0.691660
0.503025
0.628782
0.408708
0.408708
0.565903
0.377269
0.848855
0.000000
0.031439
0.062878
0.062878
0.062878
0.031439
0.000000
0.000000
0.000000
0.000000
0.031439
0.000000
0.000000
0.094317
0.031439
0.000000
0.000000
0.031439
0.094317
0.125756
0.251513
0.062878
0.062878
0.000000
0.125756
0.000000
0.251513
0.125756
0.251513
0.031439
0.000000
0.251513
0.314391
0.031439
0.220074
0.031439
0.188634
0.062878
0.220074
0.062878
0.031439
0.031439
0.345830
0.220074
0.251513
0.031439
0.220074
0.031439
0.000000
0.345830
0.314391
0.000000
0.251513
0.188634
0.125756
0.251513
0.188634
0.031439
0.000000
0.000000
0.314391
0.062878
0.220074
0.188634
0.125756
0.220074
0.094317
0.345830
0.188634
0.125756
0.220074
0.094317
0.314391
0.314391
0.314391
0.377269
0.282952
0.314391
0.377269
0.345830
0.377269
0.314391
0.345830
0.377269
0.408708
0.251513
0.188634
0.345830
0.345830
0.377269
0.282952
0.251513
0.314391
0.251513
0.314391
0.345830
0.314391
0.282952
0.251513
0.314391
0.345830
0.314391
0.408708
0.345830
0.282952
0.345830
0.220074
0.345830
0.314391
0.188634
0.503025
0.282952
0.314391
0.377269
0.282952
0.188634
0.251513
0.471586
0.314391
0.314391
0.377269
0.377269
0.282952
0.345830
0.251513
0.345830
0.251513
0.345830
0.345830
0.251513
0.220074
0.345830
0.251513
0.125756
0.282952
0.220074
0.282952
0.188634
0.220074
0.282952
0.125756
0.282952
0.251513
0.282952
0.000000
0.000000
0.000000
0.000000
0.000000
0.000000
0.000000
0.000000
0.000000
0.000000
0.000000
0.000000
0.000000
0.000000
0.000000
0.000000
0.000000
0.000000
0.000000
0.000000
0.000000
0.000000
0.000000
0.000000
0.000000
0.000000
0.000000
0.000000
0.000000
0.000000
0.000000
0.000000
0.000000
0.000000
0.000000
0.000000
0.000000
0.000000
0.000000
0.000000
0.000000
0.000000
0.000000
0.000000
0.000000
0.000000
0.000000
0.000000
0.000000
0.000000
0.000000
0.000000
0.000000
0.000000
0.000000
0.000000
0.000000
0.000000
0.000000
0.000000
0.000000
0.000000
0.000000
0.000000
0.000000
0.000000
0.000000
0.000000
0.000000
0.000000
0.000000
0.000000
0.314391
0.565903
0.408708
0.785977
0.471586
0.094317
0.188634
0.471586
0.345830
0.754538
0.282952
0.345830
0.188634
0.817416
0.974612
0.691660
1.351880
1.068929
0.282952
0.282952
0.031439
0.628782
0.282952
0.220074
0.503025
0.188634
0.094317
0.062878
0.220074
0.094317
0.062878
0.282952
0.188634
0.188634
0.377269
0.094317
0.314391
0.094317
0.094317
0.062878
0.125756
0.125756
0.125756
0.597343
0.031439
0.188634
0.251513
0.062878
0.031439
0.031439
0.031439
0.282952
0.094317
0.345830
0.251513
0.251513
0.188634
0.031439
0.000000
0.031439
0.314391
0.282952
0.062878
0.565903
0.000000
0.471586
0.471586
0.220074
0.377269
0.031439
0.597343
0.062878
0.282952
0.597343
0.503025
0.817416
0.565903
0.094317
0.062878
0.534464
0.251513
0.848855
0.314391
0.408708
0.062878
0.754538
1.163246
0.660221
1.446198
1.257563
0.188634
0.377269
0.188634
0.597343
0.408708
0.251513
0.471586
0.282952
0.188634
0.062878
0.251513
0.188634
0.031439
0.314391
0.094317
0.282952
0.345830
0.188634
0.314391
0.188634
0.220074
0.094317
0.125756
0.125756
0.220074
0.565903
0.220074
0.282952
0.345830
0.125756
0.031439
0.062878
0.062878
0.251513
0.125756
0.408708
0.220074
0.282952
0.220074
0.062878
0.000000
0.031439
0.125756
0.471586
0.000000
0.597343
0.031439
0.408708
0.660221
0.094317
0.565903
0.031439
0.597343
0.125756
0.377269
0.408708
0.408708
0.471586
0.345830
0.220074
0.314391
0.408708
0.408708
0.503025
0.377269
0.377269
0.251513
0.188634
0.251513
0.314391
0.408708
0.408708
0.503025
1.194685
0.880294
0.565903
0.408708
0.408708
0.880294
0.503025
0.911733
0.628782
0.754538
0.660221
0.377269
0.911733
0.848855
0.503025
1.068929
0.628782
0.597343
1.163246
0.880294
0.754538
0.408708
0.408708
1.068929
0.817416
0.848855
0.377269
0.691660
0.660221
0.408708
0.911733
0.817416
0.503025
0.691660
0.817416
0.188634
0.534464
0.503025
0.314391
0.251513
0.314391
0.597343
0.691660
0.503025
0.754538
0.565903
0.817416
0.534464
0.597343
0.785977
0.534464
0.754538
0.660221
0.251513
0.377269
0.377269
0.314391
0.220074
0.282952
0.408708
0.377269
0.503025
0.471586
0.377269
0.314391
0.345830
0.408708
0.377269
0.503025
0.597343
0.471586
0.314391
0.408708
0.565903
0.125756
0.282952
0.565903
1.037490
0.188634
0.943172
0.251513
0.597343
0.314391
0.534464
0.911733
0.503025
0.251513
0.565903
0.220074
0.597343
0.251513
0.503025
0.125756
0.282952
0.471586
0.754538
0.282952
0.660221
0.408708
0.785977
0.282952
0.534464
0.848855
0.880294
0.220074
0.471586
0.408708
0.377269
0.408708
0.345830
0.188634
0.345830
0.408708
0.471586
0.314391
0.408708
0.314391
0.377269
0.251513
0.282952
0.408708
0.408708
0.377269
0.282952
0.377269
0.000000
0.000000
0.000000
0.000000
0.000000
0.000000
0.000000
0.000000
0.000000
0.000000
0.000000
0.000000
0.000000
0.000000
0.000000
0.000000
0.000000
0.000000
0.000000
0.000000
0.000000
0.000000
0.000000
0.000000
0.000000
0.000000
0.000000
0.000000
0.000000
0.000000
0.000000
0.000000
0.000000
0.000000
0.000000
0.000000
0.000000
0.000000
0.000000
0.000000
0.000000
0.000000
0.000000
0.000000
0.000000
0.000000
0.000000
0.000000
0.000000
0.000000
0.000000
0.000000
0.000000
0.000000
0.000000
0.000000
0.000000
0.000000
0.000000
0.000000
0.000000
0.000000
0.000000
0.000000
0.000000
0.000000
0.000000
0.000000
0.000000
0.000000
0.000000
0.000000
0.000000
0.000000
0.000000
0.000000
0.000000
0.000000
0.000000
0.000000
0.000000
0.000000
0.000000
0.000000
0.000000
0.000000
0.000000
0.000000
0.000000
0.000000
0.000000
0.000000
0.000000
0.000000
0.000000
0.000000
0.000000
0.000000
0.000000
0.000000
0.000000
0.000000
0.000000
0.000000
0.000000
0.000000
0.000000
0.000000
0.000000
0.000000
0.000000
0.000000
0.000000
0.000000
0.000000
0.000000
0.000000
0.000000
0.000000
0.000000
0.000000
0.000000
0.000000
0.000000
0.000000
0.000000
0.000000
0.000000
0.000000
0.000000
0.000000
0.000000
0.000000
0.000000
0.000000
0.000000
0.000000
0.000000
0.000000
0.000000
0.000000
0.000000
0.000000
0.000000
0.628782
0.628782
0.628782
0.597343
0.408708
0.503025
0.534464
0.503025
0.597343
0.503025
0.565903
0.503025
0.471586
0.282952
0.220074
0.503025
0.377269
0.471586
0.691660
1.194685
0.974612
0.911733
0.848855
0.691660
0.880294
0.974612
1.037490
1.163246
0.974612
1.068929
0.785977
0.974612
1.194685
0.754538
1.194685
1.037490
0.565903
1.320441
0.974612
1.194685
0.911733
0.785977
1.226124
0.974612
0.943172
0.754538
0.785977
1.068929
0.785977
1.163246
0.943172
0.848855
0.974612
0.943172
0.282952
0.691660
0.785977
0.754538
0.628782
0.628782
0.911733
1.037490
0.848855
0.974612
0.943172
1.226124
0.911733
0.974612
1.068929
0.911733
1.068929
1.037490
0.000000
0.000000
0.000000
0.000000
0.000000
0.000000
0.000000
0.000000
0.000000
0.000000
0.000000
0.000000
0.000000
0.000000
0.000000
0.000000
0.000000
0.000000
0.000000
0.000000
0.000000
0.000000
0.000000
0.000000
0.000000
0.000000
0.000000
0.000000
0.000000
0.000000
0.000000
0.000000
0.000000
0.000000
0.000000
0.000000
0.000000
0.000000
0.000000
0.000000
0.000000
0.000000
0.000000
0.000000
0.000000
0.000000
0.000000
0.000000
0.000000
0.000000
0.000000
0.000000
0.000000
0.000000
0.000000
0.000000
0.000000
0.000000
0.000000
0.000000
0.000000
0.000000
0.000000
0.000000
0.000000
0.000000
0.000000
0.000000
0.000000
0.000000
0.000000
0.000000
0.000000
0.000000
0.000000
0.188634
0.188634
0.000000
0.000000
0.000000
0.031439
0.031439
0.031439
0.062878
0.062878
0.220074
0.188634
0.125756
0.282952
0.282952
0.000000
0.031439
0.000000
0.000000
0.000000
0.000000
0.000000
0.000000
0.000000
0.000000
0.000000
0.000000
0.000000
0.031439
0.000000
0.000000
0.031439
0.000000
0.000000
0.031439
0.000000
0.000000
0.000000
0.000000
0.000000
0.000000
0.000000
0.000000
0.000000
0.000000
0.000000
0.000000
0.000000
0.000000
0.000000
0.000000
0.000000
0.000000
0.000000
0.000000
0.000000
0.000000
0.000000
0.031439
0.000000
0.031439
0.000000
0.000000
0.000000
0.000000
0.031439
0.000000
0.000000
0.000000
0.000000
0.000000
0.000000
0.000000
0.000000
0.000000
0.000000
0.000000
0.000000
0.000000
0.000000
0.000000
0.000000
0.000000
0.000000
0.000000
0.000000
0.000000
0.000000
0.000000
0.000000
0.000000
0.000000
0.000000
0.000000
0.000000
0.000000
0.000000
0.000000
0.000000
0.000000
0.000000
0.000000
0.000000
0.000000
0.000000
0.000000
0.000000
0.000000
0.000000
0.000000
0.000000
0.000000
0.000000
0.000000
0.000000
0.000000
0.000000
0.000000
0.000000
0.000000
0.000000
0.000000
0.000000
0.000000
0.000000
0.000000
0.000000
0.000000
0.000000
0.000000
0.000000
0.000000
0.000000
0.000000
0.000000
0.000000
0.000000
0.000000
0.000000
0.000000
0.000000
0.345830
0.471586
0.408708
0.377269
0.345830
0.220074
0.125756
0.220074
0.282952
0.314391
0.282952
0.251513
0.251513
0.345830
0.282952
0.251513
0.282952
0.282952
0.282952
0.094317
0.094317
0.534464
0.471586
0.031439
0.062878
0.471586
0.094317
0.534464
0.282952
0.062878
0.062878
0.125756
0.345830
0.094317
0.345830
0.377269
0.188634
0.251513
0.094317
0.534464
0.408708
0.282952
0.251513
0.314391
0.094317
0.031439
0.000000
0.094317
0.062878
0.094317
0.031439
0.094317
0.377269
0.094317
0.251513
0.471586
0.565903
0.471586
0.345830
0.125756
0.471586
0.785977
0.377269
0.691660
0.503025
0.754538
0.754538
0.628782
0.848855
0.471586
0.691660
0.471586
0.062878
0.062878
0.062878
0.031439
0.094317
0.062878
0.031439
0.031439
0.062878
0.031439
0.062878
0.031439
0.031439
0.094317
0.031439
0.062878
0.000000
0.031439
0.220074
0.094317
0.094317
0.125756
0.094317
0.031439
0.031439
0.125756
0.062878
0.094317
0.125756
0.125756
0.031439
0.031439
0.094317
0.094317
0.031439
0.094317
0.094317
0.094317
0.094317
0.094317
0.125756
0.094317
0.031439
0.220074
0.125756
0.031439
0.031439
0.094317
0.031439
0.094317
0.031439
0.125756
0.031439
0.188634
0.125756
0.125756
0.094317
0.125756
0.031439
0.031439
0.188634
0.125756
0.125756
0.125756
0.094317
0.094317
0.094317
0.125756
0.094317
0.125756
0.125756
0.125756
0.062878
0.062878
0.094317
0.094317
0.094317
0.094317
0.062878
0.062878
0.031439
0.031439
0.031439
0.031439
0.031439
0.094317
0.062878
0.031439
0.062878
0.062878
0.094317
0.000000
0.062878
0.000000
0.000000
0.000000
0.000000
0.000000
0.031439
0.000000
0.031439
0.000000
0.000000
0.062878
0.031439
0.031439
0.000000
0.000000
0.094317
0.000000
0.062878
0.000000
0.000000
0.031439
0.062878
0.000000
0.031439
0.000000
0.031439
0.000000
0.000000
0.062878
0.031439
0.000000
0.031439
0.031439
0.125756
0.094317
0.062878
0.031439
0.062878
0.000000
0.094317
0.000000
0.094317
0.000000
0.062878
0.000000
0.000000
0.125756
0.000000
0.062878
0.031439
0.031439
0.125756
0.188634
0.188634
0.377269
0.345830
0.125756
0.125756
0.251513
0.188634
0.314391
0.220074
0.251513
0.220074
0.251513
0.251513
0.220074
0.345830
0.314391
0.188634
0.062878
0.282952
0.282952
0.062878
0.000000
0.031439
0.125756
0.094317
0.094317
0.220074
0.282952
0.031439
0.188634
0.094317
0.282952
0.062878
0.220074
0.094317
0.125756
0.251513
0.251513
0.125756
0.062878
0.125756
0.314391
0.251513
0.094317
0.094317
0.251513
0.000000
0.282952
0.000000
0.282952
0.031439
0.345830
0.094317
0.062878
0.125756
0.188634
0.000000
0.000000
0.188634
0.094317
0.094317
0.188634
0.094317
0.251513
0.220074
0.188634
0.062878
0.125756
0.251513
0.125756
0.000000
0.000000
0.000000
0.000000
0.000000
0.000000
0.000000
0.000000
0.000000
0.000000
0.000000
0.000000
0.000000
0.000000
0.000000
0.000000
0.000000
0.000000
0.000000
0.000000
0.000000
0.000000
0.000000
0.000000
0.000000
0.000000
0.000000
0.000000
0.000000
0.000000
0.000000
0.000000
0.000000
0.000000
0.000000
0.000000
0.000000
0.000000
0.000000
0.000000
0.000000
0.000000
0.000000
0.000000
0.000000
0.000000
0.000000
0.000000
0.000000
0.000000
0.000000
0.000000
0.000000
0.000000
0.000000
0.000000
0.000000
0.000000
0.000000
0.000000
0.000000
0.000000
0.000000
0.000000
0.000000
0.000000
0.000000
0.000000
0.000000
0.000000
0.000000
0.000000
0.000000
0.000000
0.000000
0.000000
0.000000
0.000000
0.000000
0.000000
0.000000
0.000000
0.000000
0.000000
0.000000
0.000000
0.000000
0.000000
0.000000
0.000000
0.000000
0.000000
0.000000
0.000000
0.000000
0.000000
0.000000
0.000000
0.000000
0.000000
0.000000
0.000000
0.000000
0.000000
0.000000
0.000000
0.000000
0.000000
0.000000
0.000000
0.000000
0.000000
0.000000
0.000000
0.000000
0.000000
0.000000
0.000000
0.000000
0.000000
0.000000
0.000000
0.000000
0.000000
0.000000
0.000000
0.000000
0.000000
0.000000
0.000000
0.000000
0.000000
0.000000
0.000000
0.000000
0.000000
0.000000
0.000000
0.000000
0.000000
0.000000
0.000000
0.000000
0.000000
0.000000
0.000000
0.000000
0.000000
0.000000
0.000000
0.000000
0.000000
0.000000
0.000000
0.000000
0.000000
0.000000
0.000000
0.000000
0.000000
0.000000
0.000000
0.000000
0.000000
0.000000
0.000000
0.000000
0.000000
0.000000
0.000000
0.000000
0.000000
0.000000
0.000000
0.000000
0.000000
0.000000
0.000000
0.000000
0.000000
0.000000
0.000000
0.000000
0.000000
0.000000
0.000000
0.000000
0.000000
0.000000
0.000000
0.000000
0.000000
0.000000
0.000000
0.000000
0.000000
0.000000
0.000000
0.000000
0.000000
0.000000
0.000000
0.000000
0.000000
0.000000
0.000000
0.000000
0.000000
0.000000
0.000000
0.000000
0.000000
0.000000
0.000000
0.000000
0.000000
3.646933
4.432910
4.590106
2.766639
1.917784
4.590106
4.495789
4.527227
4.527227
4.527227
4.715862
4.590106
4.307154
1.917784
2.609444
4.275715
3.867007
3.081030
3.143908
1.320441
2.483687
3.238225
5.973425
8.016966
5.784791
4.998814
4.778740
4.118520
5.093131
5.596157
8.016966
4.558667
3.646933
4.841619
2.860956
3.143908
2.326492
0.534464
1.697710
2.923835
6.287816
6.727963
2.766639
3.301104
3.552616
6.570768
5.690474
4.967375
8.016966
4.495789
5.250327
5.124570
4.212837
3.238225
2.263614
1.949223
2.766639
4.307154
6.319255
6.570768
3.458299
2.609444
3.363982
3.458299
3.269664
3.395421
5.659035
3.867007
2.892395
4.118520
3.584055
2.483687
0.000000
0.000000
0.000000
0.000000
0.000000
0.000000
0.000000
0.000000
0.000000
0.000000
0.000000
0.000000
0.000000
0.000000
0.000000
0.000000
0.000000
0.000000
0.000000
0.000000
0.000000
0.000000
0.000000
0.000000
0.000000
0.000000
0.000000
0.000000
0.000000
0.000000
0.000000
0.000000
0.000000
0.000000
0.000000
0.000000
0.000000
0.000000
0.000000
0.000000
0.000000
0.000000
0.000000
0.000000
0.000000
0.000000
0.000000
0.000000
0.000000
0.000000
0.000000
0.000000
0.000000
0.000000
0.000000
0.000000
0.000000
0.000000
0.000000
0.000000
0.000000
0.000000
0.000000
0.000000
0.000000
0.000000
0.000000
0.000000
0.000000
0.000000
0.000000
0.000000
0.188634
0.282952
0.282952
0.345830
0.282952
0.062878
0.125756
0.282952
0.125756
0.345830
0.188634
0.220074
0.094317
0.282952
0.471586
0.282952
0.597343
0.565903
0.188634
0.251513
0.062878
0.188634
0.282952
0.220074
0.345830
0.188634
0.251513
0.062878
0.188634
0.062878
0.188634
0.282952
0.094317
0.125756
0.251513
0.094317
0.125756
0.125756
0.094317
0.031439
0.094317
0.220074
0.188634
0.220074
0.188634
0.062878
0.314391
0.062878
0.188634
0.188634
0.188634
0.062878
0.251513
0.220074
0.125756
0.220074
0.220074
0.062878
0.062878
0.125756
0.188634
0.282952
0.125756
0.314391
0.125756
0.125756
0.314391
0.125756
0.314391
0.094317
0.220074
0.188634
0.220074
0.125756
0.188634
0.188634
0.220074
0.062878
0.062878
0.125756
0.125756
0.188634
0.125756
0.094317
0.094317
0.220074
0.094317
0.062878
0.094317
0.094317
0.282952
0.062878
0.031439
0.377269
0.188634
0.031439
0.062878
0.251513
0.062878
0.377269
0.094317
0.000000
0.000000
0.125756
0.188634
0.125756
0.188634
0.220074
0.062878
0.188634
0.031439
0.377269
0.125756
0.125756
0.220074
0.188634
0.031439
0.031439
0.031439
0.031439
0.000000
0.031439
0.000000
0.031439
0.314391
0.062878
0.220074
0.314391
0.282952
0.188634
0.125756
0.031439
0.408708
0.408708
0.282952
0.408708
0.282952
0.471586
0.314391
0.503025
0.503025
0.251513
0.408708
0.251513
0.282952
0.314391
0.314391
0.503025
0.597343
0.282952
0.282952
0.565903
0.282952
0.691660
0.408708
0.597343
0.377269
0.471586
0.817416
0.471586
0.848855
0.785977
0.188634
0.062878
0.220074
0.408708
0.314391
0.345830
0.094317
0.251513
0.125756
0.094317
0.282952
0.471586
0.251513
0.251513
0.094317
0.503025
0.062878
0.220074
0.094317
0.031439
0.220074
0.282952
0.345830
0.220074
0.062878
0.471586
0.377269
0.220074
0.282952
0.377269
0.220074
0.314391
0.062878
0.345830
0.125756
0.503025
0.251513
0.188634
0.251513
0.220074
0.062878
0.094317
0.125756
0.188634
0.062878
0.251513
0.062878
0.282952
0.503025
0.094317
0.188634
0.062878
0.345830
0.094317
0.000000
0.000000
0.000000
0.000000
0.000000
0.000000
0.000000
0.000000
0.000000
0.000000
0.000000
0.000000
0.000000
0.000000
0.000000
0.000000
0.000000
0.000000
0.000000
0.000000
0.000000
0.000000
0.000000
0.000000
0.000000
0.000000
0.000000
0.000000
0.000000
0.000000
0.000000
0.000000
0.000000
0.000000
0.000000
0.000000
0.000000
0.000000
0.000000
0.000000
0.000000
0.000000
0.000000
0.000000
0.000000
0.000000
0.000000
0.000000
0.000000
0.000000
0.000000
0.000000
0.000000
0.000000
0.000000
0.000000
0.000000
0.000000
0.000000
0.000000
0.000000
0.000000
0.000000
0.000000
0.000000
0.000000
0.000000
0.000000
0.000000
0.000000
0.000000
0.000000
0.220074
0.251513
0.282952
0.220074
0.282952
0.220074
0.094317
0.188634
0.125756
0.220074
0.220074
0.094317
0.062878
0.125756
0.282952
0.094317
0.125756
0.282952
0.377269
0.408708
0.754538
0.282952
0.282952
0.062878
0.282952
0.094317
0.471586
0.377269
0.597343
0.188634
0.062878
0.345830
0.534464
0.251513
0.345830
0.251513
0.565903
0.345830
0.660221
0.282952
0.220074
0.220074
0.597343
0.565903
0.628782
0.282952
0.503025
0.220074
0.062878
0.534464
0.628782
0.062878
0.503025
0.534464
0.534464
0.628782
0.597343
0.345830
0.408708
0.125756
0.691660
0.345830
0.565903
0.565903
0.534464
0.628782
0.408708
0.817416
0.597343
0.503025
0.597343
0.408708
0.000000
0.000000
0.000000
0.000000
0.000000
0.000000
0.000000
0.000000
0.000000
0.000000
0.000000
0.000000
0.000000
0.000000
0.000000
0.000000
0.000000
0.000000
0.000000
0.000000
0.000000
0.000000
0.000000
0.000000
0.000000
0.000000
0.000000
0.000000
0.000000
0.000000
0.000000
0.000000
0.000000
0.000000
0.000000
0.000000
0.000000
0.000000
0.000000
0.000000
0.000000
0.000000
0.000000
0.000000
0.000000
0.000000
0.000000
0.000000
0.000000
0.000000
0.000000
0.000000
0.000000
0.000000
0.000000
0.000000
0.000000
0.000000
0.000000
0.000000
0.000000
0.000000
0.000000
0.000000
0.000000
0.000000
0.000000
0.000000
0.000000
0.000000
0.000000
0.000000
0.000000
0.000000
0.000000
0.000000
0.000000
0.000000
0.000000
0.000000
0.000000
0.000000
0.000000
0.000000
0.000000
0.000000
0.000000
0.000000
0.000000
0.000000
0.000000
0.000000
0.000000
0.000000
0.000000
0.000000
0.000000
0.000000
0.000000
0.000000
0.000000
0.000000
0.000000
0.000000
0.000000
0.000000
0.000000
0.000000
0.000000
0.000000
0.000000
0.000000
0.000000
0.000000
0.000000
0.000000
0.000000
0.000000
0.000000
0.000000
0.000000
0.000000
0.000000
0.000000
0.000000
0.000000
0.000000
0.000000
0.000000
0.000000
0.000000
0.000000
0.000000
0.000000
0.000000
0.000000
0.000000
0.000000
0.000000
0.000000
0.000000
0.000000
0.000000
0.000000
0.000000
0.000000
0.000000
0.000000
0.000000
0.000000
0.000000
0.000000
0.000000
0.000000
0.000000
0.000000
0.000000
0.000000
0.000000
0.000000
0.000000
0.000000
0.000000
0.000000
0.000000
0.000000
0.000000
0.000000
0.000000
0.000000
0.000000
0.000000
0.000000
0.000000
0.000000
0.000000
0.000000
0.000000
0.000000
0.000000
0.000000
0.000000
0.000000
0.000000
0.000000
0.000000
0.000000
0.000000
0.000000
0.000000
0.000000
0.000000
0.000000
0.000000
0.000000
0.000000
0.000000
0.000000
0.000000
0.000000
0.000000
0.000000
0.000000
0.000000
0.000000
0.000000
0.000000
0.000000
0.000000
0.000000
0.000000
0.000000
0.000000
0.000000
0.000000
0.000000
0.000000
0.000000
0.000000
0.000000
0.000000
0.000000
0.000000
0.000000
0.000000
0.000000
0.000000
0.000000
0.000000
0.000000
0.000000
0.000000
0.000000
0.000000
0.000000
0.000000
0.000000
0.000000
0.000000
0.000000
0.000000
0.000000
0.000000
0.000000
0.000000
0.000000
0.000000
0.000000
0.000000
0.000000
0.000000
0.000000
0.000000
0.000000
0.000000
0.000000
0.000000
0.000000
0.000000
0.000000
0.000000
0.000000
0.000000
0.000000
0.000000
0.000000
0.000000
0.000000
0.000000
0.000000
0.000000
0.000000
0.000000
0.000000
0.000000
0.000000
0.000000
0.000000
0.000000
0.000000
0.000000
0.000000
0.000000
0.000000
0.000000
0.000000
0.000000
0.000000
0.000000
0.000000
0.000000
0.000000
0.000000
0.000000
0.000000
0.000000
0.000000
0.000000
0.000000
0.000000
0.000000
0.000000
0.000000
0.000000
0.000000
0.000000
0.000000
0.000000
0.000000
0.000000
0.000000
0.000000
0.000000
0.000000
0.000000
0.000000
0.000000
0.000000
0.000000
0.000000
0.000000
0.000000
0.000000
0.000000
0.000000
0.000000
0.000000
0.000000
0.000000
0.000000
0.000000
0.000000
0.000000
0.000000
0.000000
0.000000
0.000000
0.000000
0.000000
0.000000
0.000000
0.000000
0.000000
0.000000
0.000000
0.000000
0.000000
0.000000
0.000000
0.000000
0.000000
0.000000
0.000000
0.000000
0.000000
0.000000
0.000000
0.000000
0.000000
0.000000
0.062878
0.094317
0.094317
0.094317
0.125756
0.094317
0.000000
0.031439
0.031439
0.031439
0.031439
0.031439
0.031439
0.094317
0.031439
0.031439
0.062878
0.062878
0.125756
0.094317
0.062878
0.094317
0.094317
0.000000
0.000000
0.188634
0.000000
0.125756
0.062878
0.031439
0.000000
0.031439
0.125756
0.031439
0.094317
0.125756
0.031439
0.094317
0.062878
0.094317
0.125756
0.062878
0.031439
0.125756
0.000000
0.031439
0.031439
0.031439
0.000000
0.031439
0.000000
0.031439
0.062878
0.094317
0.031439
0.062878
0.094317
0.062878
0.000000
0.000000
0.062878
0.188634
0.094317
0.188634
0.094317
0.094317
0.188634
0.125756
0.188634
0.062878
0.125756
0.125756
0.251513
0.125756
0.094317
0.251513
0.314391
0.031439
0.031439
0.125756
0.062878
0.188634
0.094317
0.188634
0.125756
0.220074
0.125756
0.094317
0.220074
0.220074
0.282952
0.094317
0.503025
0.503025
0.188634
0.094317
0.062878
0.471586
0.188634
0.251513
0.345830
0.565903
0.125756
0.282952
0.125756
0.503025
0.031439
0.471586
0.220074
0.188634
0.471586
0.345830
0.220074
0.220074
0.314391
0.377269
0.471586
0.314391
0.220074
0.565903
0.094317
0.534464
0.031439
0.597343
0.094317
0.565903
0.282952
0.188634
0.282952
0.377269
0.031439
0.094317
0.251513
0.220074
0.251513
0.251513
0.314391
0.282952
0.282952
0.282952
0.094317
0.314391
0.282952
0.377269
0.000000
0.000000
0.000000
0.000000
0.000000
0.000000
0.000000
0.000000
0.000000
0.000000
0.000000
0.000000
0.000000
0.000000
0.000000
0.000000
0.000000
0.000000
0.000000
0.000000
0.000000
0.000000
0.000000
0.000000
0.000000
0.000000
0.000000
0.000000
0.000000
0.000000
0.000000
0.000000
0.000000
0.000000
0.000000
0.000000
0.000000
0.000000
0.000000
0.000000
0.000000
0.000000
0.000000
0.000000
0.000000
0.000000
0.000000
0.000000
0.000000
0.000000
0.000000
0.000000
0.000000
0.000000
0.000000
0.000000
0.000000
0.000000
0.000000
0.000000
0.000000
0.000000
0.000000
0.000000
0.000000
0.000000
0.000000
0.000000
0.000000
0.000000
0.000000
0.000000
0.094317
0.062878
0.062878
0.062878
0.094317
0.031439
0.031439
0.062878
0.031439
0.031439
0.031439
0.031439
0.031439
0.062878
0.062878
0.031439
0.031439
0.125756
0.251513
0.282952
0.345830
0.062878
0.062878
0.031439
0.251513
0.031439
0.282952
0.125756
0.314391
0.031439
0.000000
0.282952
0.220074
0.125756
0.188634
0.188634
0.282952
0.220074
0.408708
0.031439
0.031439
0.094317
0.314391
0.188634
0.314391
0.094317
0.314391
0.031439
0.000000
0.314391
0.314391
0.031439
0.220074
0.282952
0.094317
0.345830
0.314391
0.031439
0.062878
0.000000
0.282952
0.125756
0.251513
0.220074
0.282952
0.062878
0.031439
0.282952
0.188634
0.220074
0.188634
0.282952
0.188634
0.282952
0.314391
0.377269
0.314391
0.251513
0.251513
0.345830
0.282952
0.408708
0.282952
0.314391
0.251513
0.282952
0.377269
0.314391
0.471586
0.408708
0.125756
0.314391
0.251513
0.125756
0.188634
0.251513
0.408708
0.188634
0.377269
0.125756
0.251513
0.125756
0.220074
0.408708
0.251513
0.188634
0.314391
0.188634
0.282952
0.220074
0.251513
0.188634
0.188634
0.188634
0.314391
0.251513
0.282952
0.188634
0.345830
0.125756
0.220074
0.282952
0.314391
0.094317
0.188634
0.251513
0.125756
0.188634
0.188634
0.062878
0.094317
0.125756
0.125756
0.282952
0.094317
0.282952
0.188634
0.188634
0.251513
0.125756
0.314391
0.125756
0.251513
0.251513
0.000000
0.000000
0.000000
0.000000
0.000000
0.000000
0.000000
0.000000
0.000000
0.000000
0.000000
0.000000
0.000000
0.000000
0.000000
0.000000
0.000000
0.000000
0.000000
0.000000
0.000000
0.000000
0.000000
0.000000
0.000000
0.000000
0.000000
0.000000
0.000000
0.000000
0.000000
0.000000
0.000000
0.000000
0.000000
0.000000
0.000000
0.000000
0.000000
0.000000
0.000000
0.000000
0.000000
0.000000
0.000000
0.000000
0.000000
0.000000
0.000000
0.000000
0.000000
0.000000
0.000000
0.000000
0.000000
0.000000
0.000000
0.000000
0.000000
0.000000
0.000000
0.000000
0.000000
0.000000
0.000000
0.000000
0.000000
0.000000
0.000000
0.000000
0.000000
0.000000
0.000000
0.000000
0.000000
0.000000
0.000000
0.000000
0.000000
0.000000
0.000000
0.000000
0.000000
0.000000
0.000000
0.000000
0.000000
0.000000
0.000000
0.000000
0.000000
0.000000
0.000000
0.000000
0.000000
0.000000
0.000000
0.000000
0.000000
0.000000
0.000000
0.000000
0.000000
0.000000
0.000000
0.000000
0.000000
0.000000
0.000000
0.000000
0.000000
0.000000
0.000000
0.000000
0.000000
0.000000
0.000000
0.000000
0.000000
0.000000
0.000000
0.000000
0.000000
0.000000
0.000000
0.000000
0.000000
0.000000
0.000000
0.000000
0.000000
0.000000
0.000000
0.000000
0.000000
0.000000
0.000000
0.000000
0.000000
0.000000
0.000000
0.000000
0.000000
0.000000
0.062878
0.031439
0.031439
0.031439
0.062878
0.000000
0.031439
0.000000
0.031439
0.000000
0.031439
0.000000
0.000000
0.062878
0.000000
0.031439
0.000000
0.031439
0.094317
0.031439
0.062878
0.094317
0.062878
0.031439
0.062878
0.188634
0.000000
0.125756
0.062878
0.094317
0.000000
0.062878
0.094317
0.031439
0.062878
0.125756
0.062878
0.062878
0.094317
0.062878
0.094317
0.062878
0.062878
0.094317
0.062878
0.094317
0.000000
0.094317
0.000000
0.094317
0.000000
0.094317
0.031439
0.062878
0.062878
0.062878
0.094317
0.125756
0.031439
0.000000
0.094317
0.125756
0.094317
0.094317
0.125756
0.094317
0.094317
0.094317
0.094317
0.125756
0.062878
0.188634
0.125756
0.062878
0.031439
0.000000
0.188634
0.188634
0.000000
0.094317
0.031439
0.062878
0.062878
0.094317
0.031439
0.000000
0.125756
0.062878
0.031439
0.031439
0.094317
0.031439
0.094317
0.188634
0.251513
0.062878
0.000000
0.282952
0.000000
0.220074
0.031439
0.314391
0.031439
0.031439
0.062878
0.188634
0.000000
0.125756
0.031439
0.031439
0.125756
0.220074
0.188634
0.031439
0.000000
0.094317
0.031439
0.282952
0.000000
0.345830
0.031439
0.094317
0.094317
0.220074
0.000000
0.062878
0.188634
0.062878
0.094317
0.188634
0.062878
0.031439
0.031439
0.094317
0.062878
0.062878
0.062878
0.094317
0.094317
0.031439
0.125756
0.094317
0.062878
0.031439
0.000000
0.000000
0.000000
0.000000
0.000000
0.000000
0.000000
0.000000
0.000000
0.000000
0.000000
0.000000
0.000000
0.000000
0.000000
0.000000
0.000000
0.000000
0.000000
0.000000
0.000000
0.000000
0.000000
0.000000
0.000000
0.000000
0.000000
0.000000
0.000000
0.000000
0.000000
0.000000
0.000000
0.000000
0.000000
0.000000
0.000000
0.000000
0.000000
0.000000
0.000000
0.000000
0.000000
0.000000
0.000000
0.000000
0.000000
0.000000
0.000000
0.000000
0.000000
0.000000
0.000000
0.000000
0.000000
0.000000
0.000000
0.000000
0.000000
0.000000
0.000000
0.000000
0.000000
0.000000
0.000000
0.000000
0.000000
0.000000
0.000000
0.000000
0.000000
0.000000
0.062878
0.220074
0.188634
0.251513
0.125756
0.000000
0.094317
0.220074
0.220074
0.345830
0.220074
0.188634
0.094317
0.251513
0.314391
0.251513
0.408708
0.314391
0.062878
0.125756
0.125756
0.062878
0.031439
0.062878
0.345830
0.031439
0.251513
0.000000
0.094317
0.062878
0.000000
0.314391
0.125756
0.031439
0.188634
0.031439
0.220074
0.062878
0.094317
0.062878
0.031439
0.062878
0.220074
0.125756
0.125756
0.062878
0.220074
0.062878
0.000000
0.188634
0.125756
0.062878
0.000000
0.094317
0.125756
0.094317
0.062878
0.000000
0.000000
0.000000
0.062878
0.125756
0.031439
0.125756
0.031439
0.125756
0.188634
0.062878
0.188634
0.062878
0.125756
0.031439
0.000000
0.000000
0.000000
0.000000
0.000000
0.000000
0.000000
0.000000
0.000000
0.000000
0.000000
0.000000
0.000000
0.000000
0.000000
0.000000
0.000000
0.000000
0.000000
0.000000
0.000000
0.000000
0.000000
0.000000
0.000000
0.000000
0.000000
0.000000
0.000000
0.000000
0.000000
0.000000
0.000000
0.000000
0.000000
0.000000
0.000000
0.000000
0.000000
0.000000
0.000000
0.000000
0.000000
0.000000
0.000000
0.000000
0.000000
0.000000
0.000000
0.000000
0.000000
0.000000
0.000000
0.000000
0.000000
0.000000
0.000000
0.000000
0.000000
0.000000
0.000000
0.000000
0.000000
0.000000
0.000000
0.000000
0.000000
0.000000
0.000000
0.000000
0.000000
0.000000
0.094317
0.188634
0.188634
0.251513
0.125756
0.062878
0.000000
0.000000
0.031439
0.062878
0.031439
0.031439
0.031439
0.125756
0.031439
0.062878
0.094317
0.125756
0.094317
0.062878
0.125756
0.282952
0.094317
0.000000
0.031439
0.220074
0.000000
0.251513
0.062878
0.031439
0.000000
0.062878
0.188634
0.031439
0.188634
0.251513
0.125756
0.188634
0.188634
0.220074
0.125756
0.062878
0.188634
0.125756
0.031439
0.094317
0.000000
0.062878
0.000000
0.094317
0.031439
0.062878
0.125756
0.094317
0.094317
0.220074
0.282952
0.220074
0.062878
0.000000
0.094317
0.282952
0.125756
0.282952
0.282952
0.345830
0.314391
0.220074
0.345830
0.125756
0.251513
0.314391
0.345830
0.408708
0.408708
0.314391
0.220074
0.314391
0.345830
0.377269
0.408708
0.408708
0.377269
0.377269
0.314391
0.125756
0.220074
0.314391
0.314391
0.314391
0.408708
0.691660
0.597343
0.503025
0.534464
0.565903
0.691660
0.534464
0.691660
0.597343
0.628782
0.597343
0.565903
0.660221
0.660221
0.503025
0.691660
0.534464
0.408708
0.660221
0.597343
0.565903
0.534464
0.534464
0.691660
0.597343
0.597343
0.534464
0.597343
0.597343
0.565903
0.691660
0.660221
0.503025
0.597343
0.565903
0.188634
0.408708
0.408708
0.377269
0.408708
0.471586
0.534464
0.503025
0.471586
0.565903
0.503025
0.628782
0.534464
0.503025
0.565903
0.503025
0.565903
0.534464
0.000000
0.000000
0.000000
0.000000
0.000000
0.000000
0.000000
0.000000
0.000000
0.000000
0.000000
0.000000
0.000000
0.000000
0.000000
0.000000
0.000000
0.000000
0.000000
0.000000
0.000000
0.000000
0.000000
0.000000
0.000000
0.000000
0.000000
0.000000
0.000000
0.000000
0.000000
0.000000
0.000000
0.000000
0.000000
0.000000
0.000000
0.000000
0.000000
0.000000
0.000000
0.000000
0.000000
0.000000
0.000000
0.000000
0.000000
0.000000
0.000000
0.000000
0.000000
0.000000
0.000000
0.000000
0.000000
0.000000
0.000000
0.000000
0.000000
0.000000
0.000000
0.000000
0.000000
0.000000
0.000000
0.000000
0.000000
0.000000
0.000000
0.000000
0.000000
0.000000
0.094317
0.188634
0.094317
0.031439
0.251513
0.031439
0.000000
0.031439
0.000000
0.031439
0.000000
0.031439
0.000000
0.062878
0.031439
0.031439
0.000000
0.031439
0.377269
0.597343
0.597343
0.282952
0.031439
0.000000
0.251513
0.094317
0.503025
0.031439
0.125756
0.534464
0.000000
0.408708
0.220074
0.220074
0.188634
0.188634
0.817416
0.565903
0.785977
0.377269
0.031439
0.094317
0.534464
0.282952
0.691660
0.000000
0.094317
0.565903
0.000000
0.628782
0.282952
0.314391
0.031439
0.345830
0.754538
0.597343
0.251513
0.345830
0.000000
0.000000
0.188634
0.251513
0.188634
0.031439
0.220074
0.282952
0.094317
0.251513
0.188634
0.125756
0.094317
0.314391
0.000000
0.000000
0.000000
0.000000
0.000000
0.000000
0.000000
0.000000
0.000000
0.000000
0.000000
0.000000
0.000000
0.000000
0.000000
0.000000
0.000000
0.000000
0.000000
0.000000
0.000000
0.000000
0.000000
0.000000
0.000000
0.000000
0.000000
0.000000
0.000000
0.000000
0.000000
0.000000
0.000000
0.000000
0.000000
0.000000
0.000000
0.000000
0.000000
0.000000
0.000000
0.000000
0.000000
0.000000
0.000000
0.000000
0.000000
0.000000
0.000000
0.000000
0.000000
0.000000
0.000000
0.000000
0.000000
0.000000
0.000000
0.000000
0.000000
0.000000
0.000000
0.000000
0.000000
0.000000
0.000000
0.000000
0.000000
0.000000
0.000000
0.000000
0.000000
0.000000
0.000000
0.000000
0.000000
0.000000
0.000000
0.000000
0.000000
0.000000
0.000000
0.000000
0.000000
0.000000
0.000000
0.000000
0.000000
0.000000
0.000000
0.000000
0.000000
0.000000
0.000000
0.000000
0.000000
0.000000
0.000000
0.000000
0.000000
0.000000
0.000000
0.000000
0.000000
0.000000
0.000000
0.000000
0.000000
0.000000
0.000000
0.000000
0.000000
0.000000
0.000000
0.000000
0.000000
0.000000
0.000000
0.000000
0.000000
0.000000
0.000000
0.000000
0.000000
0.000000
0.000000
0.000000
0.000000
0.000000
0.000000
0.000000
0.000000
0.000000
0.000000
0.000000
0.000000
0.000000
0.000000
0.000000
0.000000
0.000000
0.000000
0.000000
0.000000
0.000000
0.000000
0.000000
0.000000
0.000000
0.000000
0.000000
0.000000
0.000000
0.000000
0.000000
0.000000
0.000000
0.000000
0.000000
0.000000
0.000000
0.000000
0.000000
0.000000
0.000000
0.000000
0.000000
0.000000
0.000000
0.000000
0.000000
0.000000
0.000000
0.000000
0.000000
0.000000
0.000000
0.000000
0.000000
0.000000
0.000000
0.000000
0.000000
0.000000
0.000000
0.000000
0.000000
0.000000
0.000000
0.000000
0.000000
0.000000
0.000000
0.000000
0.000000
0.000000
0.000000
0.000000
0.000000
0.000000
0.000000
0.000000
0.000000
0.000000
0.000000
0.000000
0.000000
0.000000
0.000000
0.000000
0.000000
0.000000
0.000000
0.000000
0.000000
0.000000
0.000000
0.000000
0.000000
0.000000
0.000000
0.000000
0.000000
0.000000
0.000000
0.000000
0.000000
0.000000
0.000000
0.000000
0.000000
0.000000
0.000000
0.000000
0.000000
0.000000
0.000000
0.000000
0.000000
0.000000
0.000000
0.000000
0.000000
0.000000
0.000000
0.000000
0.000000
0.000000
0.000000
0.000000
0.000000
0.000000
0.000000
0.000000
0.000000
0.000000
0.000000
0.000000
0.000000
0.000000
0.000000
0.000000
0.000000
0.000000
0.000000
0.000000
0.000000
0.000000
0.000000
0.000000
0.000000
0.000000
0.000000
0.000000
0.000000
0.000000
0.000000
0.000000
0.000000
0.000000
0.000000
0.000000
0.000000
0.000000
0.000000
0.000000
0.000000
0.000000
0.000000
0.000000
0.000000
0.000000
0.000000
0.000000
0.000000
0.000000
0.000000
0.000000
0.000000
0.000000
0.000000
0.000000
0.000000
0.000000
0.000000
0.000000
0.000000
0.000000
0.000000
0.000000
0.000000
0.000000
0.000000
0.000000
0.000000
0.000000
0.000000
0.000000
0.000000
0.000000
0.000000
0.000000
0.000000
0.000000
0.000000
0.000000
0.000000
0.000000
0.000000
0.000000
0.000000
0.000000
0.000000
0.000000
0.000000
0.000000
0.000000
0.000000
0.000000
0.000000
0.000000
0.000000
0.000000
0.000000
0.000000
0.000000
0.000000
0.000000
0.000000
0.000000
0.000000
0.000000
0.000000
0.000000
0.000000
0.000000
0.000000
0.000000
0.000000
0.000000
0.000000
0.000000
0.000000
0.000000
0.000000
0.000000
0.000000
0.000000
0.000000
0.000000
0.000000
0.000000
0.000000
0.000000
0.000000
0.000000
0.000000
0.000000
0.000000
0.000000
0.000000
0.000000
0.000000
0.000000
0.000000
0.000000
0.000000
0.000000
0.000000
0.000000
0.000000
0.000000
0.000000
0.000000
0.000000
0.000000
0.000000
0.000000
0.000000
0.000000
0.000000
0.000000
0.000000
0.000000
0.000000
0.000000
0.000000
0.000000
0.000000
0.000000
0.000000
0.000000
0.000000
0.000000
0.000000
0.000000
0.000000
0.000000
0.000000
0.000000
0.000000
0.000000
0.000000
0.000000
0.000000
0.000000
0.000000
0.000000
0.000000
0.000000
0.000000
0.000000
0.000000
0.000000
0.000000
0.000000
0.000000
0.000000
0.000000
0.000000
0.000000
0.000000
0.000000
0.000000
0.000000
0.000000
0.000000
0.000000
0.000000
0.000000
0.000000
0.000000
0.000000
0.000000
0.000000
0.000000
0.000000
0.000000
0.000000
0.000000
0.000000
0.000000
0.000000
0.000000
0.000000
0.000000
0.000000
0.000000
0.000000
0.000000
0.000000
0.000000
0.000000
0.000000
0.000000
0.000000
0.000000
0.000000
0.000000
0.000000
0.000000
0.000000
0.000000
0.000000
0.000000
0.000000
0.000000
0.000000
0.000000
0.000000
0.000000
0.000000
0.000000
0.000000
0.000000
0.000000
0.000000
0.000000
0.000000
0.000000
0.000000
0.000000
0.000000
0.000000
0.000000
0.000000
0.000000
0.000000
0.000000
0.000000
0.000000
0.000000
0.000000
0.000000
0.000000
0.000000
0.000000
0.000000
0.000000
0.000000
0.000000
0.000000
0.000000
0.000000
0.000000
0.000000
0.000000
0.000000
0.000000
0.000000
0.000000
0.000000
0.000000
0.000000
0.000000
0.000000
0.000000
0.000000
0.000000
0.000000
0.000000
0.000000
0.000000
0.000000
0.000000
0.000000
0.000000
0.000000
0.000000
0.000000
0.000000
0.000000
0.000000
0.000000
0.000000
0.000000
0.000000
0.000000
0.000000
0.000000
0.000000
0.000000
0.000000
0.000000
0.000000
0.000000
0.000000
0.000000
0.000000
0.000000
0.000000
0.000000
0.000000
0.000000
0.000000
0.000000
0.000000
