-74.718460
-57.405643
-16.401613
-22.780018
-23.691217
-20.957617
-18.224014
-16.401613
-9.112007
-17.312813
-26.424820
-30.980824
-20.957617
-20.957617
-12.756810
-6.378405
-20.957617
-30.069624
-103.876877
-30.980824
-36.448029
-56.494442
-9.112007
-26.424820
-34.625626
-45.560036
-20.046415
-60.139248
-43.737633
-55.583244
-20.957617
-35.536827
-35.536827
-16.401613
-77.452057
-82.008064
-63.784050
-74.718460
-29.158422
-45.560036
-10.934408
-25.513620
-92.942474
-35.536827
-51.938438
-49.204838
-42.826431
-74.718460
-23.691217
-61.961647
-42.826431
-46.471237
-39.181629
-50.116039
-75.629662
-44.648834
-57.405643
-35.536827
-9.112007
-10.934408
-26.424820
-25.513620
-21.868816
-18.224014
-40.092831
-40.092831
-17.312813
-28.247221
-16.401613
-26.424820
-29.158422
-44.648834
-69.251251
-48.293636
-41.004032
-22.780018
-20.957617
-20.046415
-16.401613
-21.868816
-20.046415
-18.224014
-30.980824
-24.602419
-21.868816
-31.892025
-13.668011
-21.868816
-23.691217
-41.915234
-81.096863
-34.625626
-30.980824
-51.027241
-17.312813
-30.980824
-35.536827
-47.382435
-30.980824
-36.448029
-40.092831
-39.181629
-22.780018
-26.424820
-38.270428
-20.957617
-64.695251
-70.162453
-44.648834
-36.448029
-26.424820
-34.625626
-17.312813
-29.158422
-80.185661
-60.139248
-54.672043
-45.560036
-46.471237
-43.737633
-25.513620
-47.382435
-23.691217
-39.181629
-40.092831
-48.293636
-42.826431
-40.092831
-50.116039
-22.780018
-17.312813
-25.513620
-41.004032
-36.448029
-35.536827
-29.158422
-39.181629
-39.181629
-32.803226
-33.714424
-25.513620
-36.448029
-36.448029
-35.536827
-101.143280
-67.428848
-58.316845
-21.868816
-24.602419
-27.336021
-22.780018
-22.780018
-17.312813
-15.490412
-44.648834
-30.980824
-30.069624
-41.004032
-13.668011
-27.336021
-26.424820
-50.116039
-54.672043
-26.424820
-33.714424
-45.560036
-16.401613
-35.536827
-43.737633
-40.092831
-28.247221
-46.471237
-37.359230
-51.938438
-26.424820
-37.359230
-40.092831
-24.602419
-48.293636
-69.251251
-70.162453
-55.583244
-24.602419
-46.471237
-18.224014
-35.536827
-69.251251
-38.270428
-31.892025
-60.139248
-54.672043
-56.494442
-30.069624
-34.625626
-34.625626
-45.560036
-41.004032
-48.293636
-77.452057
-43.737633
-34.625626
-21.868816
-15.490412
-22.780018
-37.359230
-30.980824
-21.868816
-29.158422
-41.004032
-36.448029
-28.247221
-22.780018
-20.046415
-19.135214
-34.625626
-41.915234
-95.676071
-60.139248
-58.316845
-24.602419
-25.513620
-22.780018
-20.046415
-21.868816
-18.224014
-13.668011
-39.181629
-24.602419
-17.312813
-16.401613
-12.756810
-24.602419
-24.602419
-47.382435
-80.185661
-29.158422
-44.648834
-49.204838
-12.756810
-31.892025
-30.980824
-35.536827
-26.424820
-13.668011
-47.382435
-47.382435
-21.868816
-25.513620
-29.158422
-18.224014
-53.760841
-73.807259
-51.027241
-75.629662
-41.915234
-45.560036
-15.490412
-34.625626
-77.452057
-67.428848
-60.139248
-56.494442
-51.027241
-56.494442
-25.513620
-56.494442
-34.625626
-41.915234
-46.471237
-54.672043
-52.849640
-34.625626
-59.228046
-35.536827
-11.845609
-14.579211
-32.803226
-30.069624
-31.892025
-23.691217
-30.980824
-29.158422
-23.691217
-26.424820
-21.868816
-29.158422
-32.803226
-30.980824
-75.629662
-38.270428
-64.695251
-20.046415
-39.181629
-28.247221
-21.868816
-25.513620
-11.845609
-20.046415
-52.849640
-40.092831
-30.980824
-47.382435
-12.756810
-24.602419
-30.980824
-61.050446
-80.185661
-24.602419
-40.092831
-30.069624
-13.668011
-39.181629
-50.116039
-41.915234
-20.957617
-67.428848
-43.737633
-46.471237
-26.424820
-42.826431
-42.826431
-13.668011
-71.073654
-81.096863
-55.583244
-66.517654
-32.803226
-37.359230
-21.868816
-35.536827
-51.027241
-41.915234
-26.424820
-44.648834
-61.050446
-57.405643
-27.336021
-42.826431
-25.513620
-40.092831
-45.560036
-58.316845
-51.938438
-34.625626
-21.868816
-27.336021
-13.668011
-19.135214
-30.069624
-26.424820
-18.224014
-21.868816
-46.471237
-37.359230
-32.803226
-21.868816
-14.579211
-18.224014
-34.625626
-53.760841
-34.625626
-30.069624
-31.892025
-25.513620
-34.625626
-28.247221
-25.513620
-22.780018
-15.490412
-20.046415
-31.892025
-37.359230
-32.803226
-50.116039
-17.312813
-21.868816
-30.980824
-36.448029
-65.606453
-23.691217
-30.980824
-38.270428
-14.579211
-36.448029
-42.826431
-51.027241
-19.135214
-74.718460
-21.868816
-49.204838
-22.780018
-35.536827
-31.892025
-25.513620
-75.629662
-68.340050
-64.695251
-51.027241
-24.602419
-47.382435
-20.957617
-30.069624
-79.274460
-36.448029
-32.803226
-62.872849
-30.980824
-57.405643
-20.957617
-40.092831
-27.336021
-53.760841
-36.448029
-43.737633
-33.714424
-31.892025
-29.158422
-34.625626
-17.312813
-21.868816
-40.092831
-29.158422
-26.424820
-25.513620
-38.270428
-35.536827
-27.336021
-24.602419
-20.046415
-29.158422
-30.980824
-47.382435
-63.784050
-53.760841
-50.116039
-14.579211
-32.803226
-26.424820
-23.691217
-24.602419
-15.490412
-19.135214
-43.737633
-33.714424
-18.224014
-40.092831
-12.756810
-23.691217
-26.424820
-55.583244
-35.536827
-35.536827
-28.247221
-41.915234
-10.934408
-28.247221
-41.915234
-16.401613
-23.691217
-51.027241
-42.826431
-43.737633
-26.424820
-41.915234
-41.915234
-19.135214
-61.961647
-41.004032
-41.915234
-90.208870
-44.648834
-35.536827
-20.046415
-36.448029
-78.363258
-69.251251
-50.116039
-55.583244
-71.984856
-60.139248
-30.069624
-58.316845
-42.826431
-36.448029
-38.270428
-54.672043
-67.428848
-29.158422
-34.625626
-37.359230
-12.756810
-19.135214
-23.691217
-12.756810
-13.668011
-13.668011
-30.980824
-31.892025
-30.980824
-20.957617
-9.112007
-22.780018
-18.224014
-47.382435
-40.092831
-46.471237
-17.312813
-23.691217
-30.069624
-25.513620
-19.135214
-19.135214
-15.490412
-19.135214
-22.780018
-30.069624
-21.868816
-23.691217
-14.579211
-18.224014
-27.336021
-29.158422
-87.475266
-46.471237
-17.312813
-45.560036
-19.135214
-33.714424
-38.270428
-40.092831
-30.069624
-61.961647
-37.359230
-53.760841
-25.513620
-33.714424
-35.536827
-23.691217
-68.340050
-58.316845
-64.695251
-65.606453
-3.644803
-49.204838
-20.957617
-32.803226
-71.984856
-25.513620
-34.625626
-54.672043
-29.158422
-54.672043
-28.247221
-40.092831
-40.092831
-50.116039
-43.737633
-14.579211
-41.004032
-29.158422
-30.980824
-34.625626
-20.957617
-27.336021
-32.803226
-33.714424
-35.536827
-28.247221
-36.448029
-32.803226
-28.247221
-29.158422
-24.602419
-30.069624
-38.270428
-35.536827
-92.031273
-59.228046
-35.536827
-21.868816
-18.224014
-25.513620
-20.957617
-16.401613
-16.401613
-16.401613
-44.648834
-30.980824
-29.158422
-30.069624
-13.668011
-12.756810
-26.424820
-32.803226
-87.475266
-38.270428
-30.980824
-41.915234
-16.401613
-33.714424
-35.536827
-40.092831
-32.803226
-50.116039
-40.092831
-48.293636
-26.424820
-35.536827
-36.448029
-22.780018
-48.293636
-73.807259
-80.185661
-89.297668
-32.803226
-41.004032
-15.490412
-33.714424
-72.896057
-26.424820
-48.293636
-56.494442
-43.737633
-53.760841
-30.980824
-48.293636
-44.648834
-44.648834
-42.826431
-37.359230
-64.695251
-32.803226
-39.181629
-30.980824
-16.401613
-21.868816
-29.158422
-27.336021
-26.424820
-21.868816
-30.980824
-30.069624
-20.957617
-25.513620
-20.957617
-28.247221
-29.158422
-32.803226
-45.560036
-20.957617
-31.892025
-20.957617
-30.069624
-25.513620
-20.957617
-19.135214
-14.579211
-19.135214
-34.625626
-29.158422
-28.247221
-41.004032
-11.845609
-15.490412
-25.513620
-39.181629
-64.695251
-20.046415
-39.181629
-30.069624
-12.756810
-36.448029
-46.471237
-49.204838
-31.892025
-56.494442
-45.560036
-38.270428
-25.513620
-46.471237
-31.892025
-17.312813
-66.517654
-87.475266
-44.648834
-53.760841
-34.625626
-34.625626
-19.135214
-37.359230
-77.452057
-55.583244
-60.139248
-58.316845
-53.760841
-51.938438
-24.602419
-52.849640
-30.980824
-39.181629
-47.382435
-51.938438
-38.270428
-23.691217
-61.961647
-30.980824
-14.579211
-20.957617
-30.980824
-30.980824
-31.892025
-23.691217
-49.204838
-19.135214
-22.780018
-24.602419
-14.579211
-43.737633
-30.980824
-47.382435
-55.583244
-67.428848
-41.004032
-19.135214
-38.270428
-24.602419
-20.046415
-18.224014
-9.112007
-14.579211
-35.536827
-33.714424
-21.868816
-33.714424
-13.668011
-19.135214
-25.513620
-41.004032
-32.803226
-36.448029
-13.668011
-49.204838
-10.934408
-22.780018
-34.625626
-31.892025
-13.668011
-63.784050
-23.691217
-51.027241
-20.046415
-40.092831
-38.270428
-21.868816
-58.316845
-48.293636
-43.737633
-69.251251
-16.401613
-56.494442
-15.490412
-23.691217
-79.274460
-33.714424
-40.092831
-61.961647
-35.536827
-60.139248
-20.046415
-52.849640
-37.359230
-51.938438
-34.625626
-33.714424
-53.760841
-17.312813
-32.803226
-37.359230
-9.112007
-9.112007
-21.868816
-11.845609
-17.312813
-13.668011
-26.424820
-24.602419
-16.401613
-15.490412
-13.668011
-29.158422
-14.579211
-32.803226
-100.232079
-51.938438
-59.228046
-23.691217
-27.336021
-17.312813
-16.401613
-15.490412
-14.579211
-18.224014
-49.204838
-30.069624
-24.602419
-47.382435
-9.112007
-21.868816
-18.224014
-38.270428
-50.116039
-26.424820
-24.602419
-46.471237
-11.845609
-25.513620
-44.648834
-55.583244
-27.336021
-95.676071
-30.980824
-33.714424
-17.312813
-47.382435
-45.560036
-18.224014
-48.293636
-69.251251
-30.980824
-43.737633
-14.579211
-32.803226
-16.401613
-29.158422
-89.297668
-51.938438
-38.270428
-64.695251
-42.826431
-47.382435
-19.135214
-33.714424
-25.513620
-49.204838
-34.625626
-35.536827
-51.027241
-31.892025
-55.583244
-24.602419
-10.023208
-10.934408
-32.803226
-43.737633
-31.892025
-22.780018
-45.560036
-29.158422
-20.046415
-29.158422
-21.868816
-45.560036
-26.424820
-36.448029
-77.452057
-51.938438
-52.849640
-22.780018
-30.980824
-10.023208
-10.023208
-13.668011
-18.224014
-12.756810
-30.980824
-18.224014
-10.934408
-21.868816
-14.579211
-18.224014
-16.401613
-38.270428
-94.764870
-38.270428
-56.494442
-60.139248
-14.579211
-25.513620
-41.915234
-48.293636
-46.471237
-35.536827
-47.382435
-38.270428
-20.957617
-43.737633
-40.092831
-24.602419
-82.919266
-81.096863
-38.270428
-75.629662
-48.293636
-34.625626
-22.780018
-27.336021
-81.096863
-75.629662
-56.494442
-46.471237
-55.583244
-41.915234
-23.691217
-46.471237
-28.247221
-43.737633
-30.980824
-43.737633
-50.116039
-30.069624
-39.181629
-35.536827
-15.490412
-11.845609
-24.602419
-36.448029
-42.826431
-27.336021
-49.204838
-41.915234
-32.803226
-36.448029
-27.336021
-38.270428
-27.336021
-38.270428
-51.938438
-28.247221
-27.336021
-14.579211
-26.424820
-17.312813
-14.579211
-20.046415
-17.312813
-12.756810
-29.158422
-18.224014
-15.490412
-29.158422
-10.023208
-13.668011
-15.490412
-34.625626
-73.807259
-33.714424
-30.980824
-36.448029
-12.756810
-24.602419
-35.536827
-35.536827
-36.448029
-30.980824
-46.471237
-32.803226
-20.046415
-32.803226
-31.892025
-15.490412
-53.760841
-70.162453
-48.293636
-61.050446
-29.158422
-24.602419
-16.401613
-27.336021
-65.606453
-58.316845
-57.405643
-39.181629
-53.760841
-45.560036
-22.780018
-50.116039
-37.359230
-22.780018
-33.714424
-51.027241
-31.892025
-17.312813
-23.691217
-22.780018
-12.756810
-18.224014
-25.513620
-39.181629
-30.980824
-23.691217
-35.536827
-28.247221
-27.336021
-22.780018
-20.957617
-20.957617
-23.691217
-41.004032
-80.185661
-57.405643
-51.938438
-25.513620
-34.625626
-28.247221
-23.691217
-25.513620
-15.490412
-16.401613
-51.027241
-34.625626
-31.892025
-43.737633
-16.401613
-30.069624
-29.158422
-51.027241
-55.583244
-17.312813
-30.980824
-50.116039
-12.756810
-30.980824
-51.938438
-41.915234
-32.803226
-44.648834
-50.116039
-59.228046
-31.892025
-51.027241
-40.092831
-26.424820
-65.606453
-76.540855
-50.116039
-83.830467
-40.092831
-51.027241
-21.868816
-35.536827
-74.718460
-56.494442
-46.471237
-71.984856
-64.695251
-65.606453
-31.892025
-56.494442
-51.938438
-44.648834
-42.826431
-51.938438
-65.606453
-27.336021
-48.293636
-35.536827
-12.756810
-15.490412
-35.536827
-25.513620
-40.092831
-23.691217
-51.938438
-41.004032
-29.158422
-35.536827
-20.957617
-36.448029
-31.892025
-55.583244
-90.208870
-52.849640
-57.405643
-20.957617
-26.424820
-16.401613
-13.668011
-22.780018
-17.312813
-11.845609
-30.069624
-22.780018
-29.158422
-49.204838
-18.224014
-27.336021
-25.513620
-39.181629
-106.610481
-35.536827
-44.648834
-30.980824
-14.579211
-26.424820
-39.181629
-34.625626
-28.247221
35.536827
-36.448029
-51.938438
-20.957617
-20.046415
1.822401
-16.401613
-73.807259
-80.185661
-87.475266
-90.208870
-35.536827
-50.116039
-21.868816
-23.691217
-41.915234
-46.471237
-43.737633
-61.961647
-49.204838
-63.784050
-23.691217
-51.938438
-25.513620
-40.092831
-42.826431
-58.316845
-56.494442
-38.270428
-43.737633
-38.270428
-16.401613
-20.957617
-34.625626
-35.536827
-23.691217
-23.691217
-55.583244
-39.181629
-31.892025
-23.691217
-16.401613
-41.004032
-41.915234
-61.050446
-84.741669
-40.092831
-62.872849
-21.868816
-34.625626
-19.135214
-18.224014
-20.957617
-13.668011
-10.023208
-38.270428
-16.401613
-20.046415
-55.583244
-13.668011
-35.536827
-16.401613
-57.405643
-44.648834
-20.046415
-25.513620
-38.270428
-13.668011
-22.780018
-47.382435
-46.471237
-27.336021
-41.915234
-19.135214
-33.714424
-18.224014
-31.892025
-41.915234
-30.980824
-40.092831
-76.540855
-72.896057
-71.984856
-36.448029
-33.714424
-19.135214
-27.336021
-61.961647
-43.737633
-40.092831
-71.073654
-49.204838
-51.938438
-22.780018
-52.849640
-34.625626
-35.536827
-30.980824
-47.382435
-70.162453
-41.004032
-39.181629
-30.069624
-17.312813
-21.868816
-42.826431
-22.780018
-27.336021
-19.135214
-32.803226
-26.424820
-28.247221
-25.513620
-14.579211
-29.158422
-20.046415
-49.204838
-52.849640
-29.158422
-27.336021
-21.868816
-20.957617
-25.513620
-20.046415
-15.490412
-16.401613
-21.868816
-33.714424
-31.892025
-25.513620
-38.270428
-14.579211
-22.780018
-27.336021
-11.845609
-97.498474
-23.691217
-28.247221
-47.382435
-12.756810
-27.336021
-39.181629
-39.181629
-30.980824
-71.073654
-35.536827
-47.382435
-29.158422
-43.737633
-31.892025
-26.424820
-54.672043
-45.560036
-67.428848
-75.629662
-41.004032
-44.648834
-14.579211
-34.625626
-73.807259
-37.359230
-60.139248
-61.961647
-41.915234
-61.961647
-30.980824
-61.961647
-46.471237
-47.382435
-33.714424
-36.448029
-67.428848
-35.536827
-49.204838
-40.092831
-17.312813
-26.424820
-33.714424
-37.359230
-34.625626
-29.158422
-43.737633
-39.181629
-22.780018
-34.625626
-24.602419
-30.980824
-31.892025
-49.204838
-88.386467
-36.448029
-61.050446
-20.957617
-25.513620
-19.135214
-16.401613
-19.135214
-14.579211
-19.135214
-48.293636
-28.247221
-22.780018
-38.270428
-10.023208
-22.780018
-21.868816
-41.004032
-52.849640
-7.289606
-30.069624
-50.116039
-12.756810
-34.625626
-31.892025
-48.293636
-24.602419
-66.517654
-36.448029
-37.359230
-23.691217
-34.625626
-45.560036
-20.957617
-53.760841
-51.027241
-27.336021
-20.957617
-17.312813
-30.069624
-17.312813
-36.448029
-81.096863
-41.004032
-46.471237
-62.872849
-46.471237
-51.938438
-25.513620
-46.471237
-32.803226
-36.448029
-37.359230
-34.625626
-51.027241
-35.536827
-45.560036
-26.424820
-15.490412
-21.868816
-38.270428
-35.536827
-29.158422
-27.336021
-41.915234
-39.181629
-23.691217
-30.980824
-21.868816
-30.980824
-32.803226
-35.536827
-79.274460
-41.915234
-35.536827
-18.224014
-21.868816
-27.336021
-16.401613
-8.200807
-3.644803
-7.289606
-38.270428
-21.868816
-25.513620
-47.382435
-9.112007
-10.934408
-20.957617
-21.868816
-66.517654
-20.957617
-36.448029
-39.181629
-12.756810
-35.536827
-30.069624
2.733602
-14.579211
-6.378405
-39.181629
-47.382435
-24.602419
-24.602419
-4.556004
-10.934408
-50.116039
-59.228046
-80.185661
-78.363258
-19.135214
-37.359230
-18.224014
-29.158422
-44.648834
-30.069624
-42.826431
-35.536827
-31.892025
-55.583244
-23.691217
-54.672043
-23.691217
-25.513620
-34.625626
-47.382435
-63.784050
-28.247221
-46.471237
-38.270428
-18.224014
-21.868816
-9.112007
-16.401613
-21.868816
-3.644803
-46.471237
-30.069624
-16.401613
-28.247221
-9.112007
-35.536827
-16.401613
-43.737633
-89.297668
-66.517654
-40.092831
-25.513620
-28.247221
-21.868816
-18.224014
-23.691217
-18.224014
-18.224014
-44.648834
-26.424820
-23.691217
-33.714424
-13.668011
-21.868816
-23.691217
-46.471237
-71.073654
-41.004032
-26.424820
-50.116039
-19.135214
-27.336021
-45.560036
-56.494442
-42.826431
-58.316845
-49.204838
-43.737633
-24.602419
-41.004032
-49.204838
-26.424820
-72.896057
-72.896057
-69.251251
-91.120071
-35.536827
-41.004032
-23.691217
-35.536827
-84.741669
-53.760841
-55.583244
-66.517654
-61.961647
-55.583244
-29.158422
-53.760841
-51.938438
-44.648834
-45.560036
-44.648834
-66.517654
-45.560036
-58.316845
-30.980824
-17.312813
-23.691217
-43.737633
-43.737633
-40.092831
-33.714424
-45.560036
-34.625626
-31.892025
-37.359230
-26.424820
-39.181629
-39.181629
-51.027241
-52.849640
-33.714424
-40.092831
-28.247221
-30.069624
-29.158422
-23.691217
-26.424820
-17.312813
-21.868816
-41.004032
-34.625626
-27.336021
-44.648834
-16.401613
-25.513620
-32.803226
-42.826431
-75.629662
-26.424820
-32.803226
-70.162453
-18.224014
-38.270428
-51.938438
-36.448029
-40.092831
-58.316845
-50.116039
-53.760841
-29.158422
-51.027241
-40.092831
-23.691217
-72.896057
-66.517654
-71.984856
-59.228046
-40.092831
-46.471237
-25.513620
-41.004032
-90.208870
-49.204838
-59.228046
-57.405643
-67.428848
-71.073654
-33.714424
-62.872849
-33.714424
-41.004032
-36.448029
-45.560036
-75.629662
-50.116039
-72.896057
-38.270428
-18.224014
-26.424820
-29.158422
-40.092831
-39.181629
-25.513620
-62.872849
-47.382435
-32.803226
-42.826431
-22.780018
-45.560036
-35.536827
-54.672043
-49.204838
-23.691217
-37.359230
-17.312813
-25.513620
-15.490412
-13.668011
-19.135214
-17.312813
-14.579211
-32.803226
-19.135214
-18.224014
-31.892025
-11.845609
-15.490412
-16.401613
-37.359230
-74.718460
-39.181629
-21.868816
-41.915234
-17.312813
-28.247221
-33.714424
-40.092831
-31.892025
-46.471237
-30.980824
-24.602419
-17.312813
-29.158422
-31.892025
-19.135214
-51.027241
-54.672043
-44.648834
-55.583244
-11.845609
-24.602419
-20.046415
-26.424820
-60.139248
-49.204838
-30.069624
-44.648834
-34.625626
-26.424820
-17.312813
-24.602419
-23.691217
-32.803226
-35.536827
-23.691217
-45.560036
-30.069624
-29.158422
-26.424820
-17.312813
-21.868816
-28.247221
-33.714424
-30.980824
-22.780018
-37.359230
-30.980824
-27.336021
-28.247221
-21.868816
-27.336021
-29.158422
-30.980824
-71.073654
-37.359230
-51.938438
-23.691217
-39.181629
-28.247221
-26.424820
-21.868816
-12.756810
-18.224014
-42.826431
-32.803226
-28.247221
-41.004032
-13.668011
-25.513620
-29.158422
-51.027241
-61.050446
-30.980824
-41.915234
-39.181629
-10.023208
-39.181629
-42.826431
-40.092831
-22.780018
-55.583244
-39.181629
-45.560036
-26.424820
-39.181629
-50.116039
-22.780018
-69.251251
-79.274460
-51.938438
-59.228046
-44.648834
-35.536827
-16.401613
-37.359230
-75.629662
-68.340050
-57.405643
-64.695251
-51.938438
-61.050446
-29.158422
-58.316845
-52.849640
-36.448029
-43.737633
-66.517654
-38.270428
-25.513620
-51.938438
-35.536827
-12.756810
-19.135214
-37.359230
-7.289606
-22.780018
-9.112007
-26.424820
-28.247221
-29.158422
-20.957617
-10.934408
-22.780018
-14.579211
-45.560036
-36.448029
-48.293636
-8.200807
-14.579211
-32.803226
-23.691217
-20.046415
-18.224014
-9.112007
-13.668011
-12.756810
-26.424820
-20.957617
-21.868816
-10.023208
-5.467204
-21.868816
-41.915234
-89.297668
-39.181629
-36.448029
-41.915234
-12.756810
-29.158422
-36.448029
-35.536827
-21.868816
-46.471237
-41.004032
-40.092831
-20.046415
-30.980824
-34.625626
-15.490412
-69.251251
-82.919266
-68.340050
-97.498474
-30.069624
-35.536827
-12.756810
-30.980824
-87.475266
-42.826431
-44.648834
-57.405643
-49.204838
-49.204838
-23.691217
-51.938438
-43.737633
-41.915234
-42.826431
-46.471237
-52.849640
-26.424820
-21.868816
-29.158422
-10.934408
-12.756810
-20.046415
-12.756810
-10.023208
-16.401613
-23.691217
-20.046415
-18.224014
-11.845609
-10.934408
-10.023208
-17.312813
-37.359230
-83.830467
-33.714424
-56.494442
-19.135214
-40.092831
-24.602419
-24.602419
-20.957617
-9.112007
-17.312813
-50.116039
-33.714424
-26.424820
-39.181629
-14.579211
-16.401613
-26.424820
-51.027241
-103.876877
-31.892025
-31.892025
-51.027241
-8.200807
-34.625626
-43.737633
-31.892025
-14.579211
-76.540855
-35.536827
-49.204838
-19.135214
-41.004032
-47.382435
-12.756810
-60.139248
-59.228046
-56.494442
-70.162453
-26.424820
-50.116039
-15.490412
-34.625626
-92.031273
-37.359230
-40.092831
-57.405643
-50.116039
-66.517654
-21.868816
-54.672043
-38.270428
-49.204838
-43.737633
-44.648834
-65.606453
-23.691217
-41.915234
-38.270428
-8.200807
-10.934408
-22.780018
-20.957617
-16.401613
-12.756810
-35.536827
-34.625626
-18.224014
-17.312813
-10.934408
-29.158422
-20.957617
-39.181629
-69.251251
-46.471237
-56.494442
-19.135214
-33.714424
-21.868816
-17.312813
-20.957617
-16.401613
-16.401613
-49.204838
-29.158422
-23.691217
-20.957617
-11.845609
-24.602419
-25.513620
-55.583244
-56.494442
-41.004032
-40.092831
-56.494442
-13.668011
-30.980824
-42.826431
-54.672043
-24.602419
-50.116039
-48.293636
-41.915234
-22.780018
-39.181629
-41.004032
-16.401613
-65.606453
-93.853676
-41.915234
-67.428848
-35.536827
-32.803226
-16.401613
-28.247221
-93.853676
-53.760841
-45.560036
-56.494442
-61.961647
-51.027241
-24.602419
-50.116039
-41.915234
-32.803226
-53.760841
-56.494442
-31.892025
-23.691217
-15.490412
-33.714424
-12.756810
-14.579211
-31.892025
-12.756810
-29.158422
-14.579211
-39.181629
-41.004032
-27.336021
-28.247221
-13.668011
-16.401613
-21.868816
-32.803226
-65.606453
-61.050446
-29.158422
-25.513620
-21.868816
-23.691217
-18.224014
-21.868816
-18.224014
-18.224014
-31.892025
-27.336021
-23.691217
-30.069624
-14.579211
-20.046415
-25.513620
-33.714424
-80.185661
-35.536827
-20.046415
-52.849640
-19.135214
-30.069624
-42.826431
-57.405643
-36.448029
-61.050446
-36.448029
-49.204838
-23.691217
-40.092831
-35.536827
-23.691217
-68.340050
-72.896057
-65.606453
-64.695251
-11.845609
-48.293636
-20.957617
-28.247221
-83.830467
-41.004032
-35.536827
-53.760841
-39.181629
-41.915234
-26.424820
-35.536827
-28.247221
-43.737633
-41.915234
-32.803226
-40.092831
-25.513620
-19.135214
-32.803226
-20.046415
-28.247221
-41.004032
-36.448029
-39.181629
-30.980824
-40.092831
-42.826431
-31.892025
-35.536827
-26.424820
-29.158422
-38.270428
-36.448029
-133.946503
-86.564064
-61.050446
-25.513620
-27.336021
-26.424820
-21.868816
-18.224014
-15.490412
-14.579211
-51.938438
-34.625626
-30.980824
-43.737633
-14.579211
-24.602419
-28.247221
-33.714424
-88.386467
-36.448029
-23.691217
-41.915234
-16.401613
-32.803226
-44.648834
-48.293636
-24.602419
-55.583244
-27.336021
-56.494442
-22.780018
-34.625626
-32.803226
-25.513620
-64.695251
-59.228046
-88.386467
-96.587273
-17.312813
-49.204838
-20.957617
-28.247221
-71.073654
-35.536827
-30.069624
-71.984856
-40.092831
-59.228046
-24.602419
-39.181629
-39.181629
-43.737633
-37.359230
-32.803226
-64.695251
-37.359230
-33.714424
-33.714424
-19.135214
-23.691217
-51.027241
-37.359230
-29.158422
-31.892025
-47.382435
-45.560036
-29.158422
-31.892025
-25.513620
-27.336021
-39.181629
-38.270428
-23.691217
-41.004032
-1.822401
-17.312813
-23.691217
-20.046415
-20.046415
-19.135214
-13.668011
-16.401613
-14.579211
-21.868816
-15.490412
-13.668011
-10.934408
-9.112007
-23.691217
-24.602419
-77.452057
-38.270428
-21.868816
-43.737633
-15.490412
-29.158422
-42.826431
-37.359230
-35.536827
-49.204838
-32.803226
-30.069624
-18.224014
-37.359230
-31.892025
-17.312813
-53.760841
-61.050446
-68.340050
-95.676071
-30.980824
-30.069624
-17.312813
-32.803226
-78.363258
-28.247221
-44.648834
-38.270428
-42.826431
-36.448029
-23.691217
-37.359230
-30.980824
-36.448029
-29.158422
-34.625626
-60.139248
-40.092831
-32.803226
-20.046415
-15.490412
-23.691217
-31.892025
-29.158422
-21.868816
-22.780018
-30.980824
-30.980824
-23.691217
-22.780018
-17.312813
-27.336021
-29.158422
-43.737633
-50.116039
-50.116039
-28.247221
-23.691217
-29.158422
-30.069624
-23.691217
-24.602419
-18.224014
-20.046415
-33.714424
-39.181629
-23.691217
-49.204838
-15.490412
-15.490412
-30.980824
-41.915234
-80.185661
-32.803226
-28.247221
-54.672043
-13.668011
-31.892025
-39.181629
-46.471237
-25.513620
-58.316845
-41.915234
-62.872849
-26.424820
-36.448029
-34.625626
-19.135214
-69.251251
-65.606453
-54.672043
-70.162453
-34.625626
-58.316845
-20.957617
-34.625626
-78.363258
-53.760841
-61.961647
-73.807259
-50.116039
-79.274460
-28.247221
-64.695251
-43.737633
-55.583244
-45.560036
-56.494442
-71.984856
-23.691217
-50.116039
-40.092831
-12.756810
-16.401613
-39.181629
-44.648834
-40.092831
-30.069624
-47.382435
-45.560036
-29.158422
-38.270428
-25.513620
-46.471237
-38.270428
-43.737633
-36.448029
-68.340050
-13.668011
-10.934408
-23.691217
-20.046415
-14.579211
-21.868816
-22.780018
-16.401613
-44.648834
-39.181629
-30.980824
-33.714424
-3.644803
-1.822401
-22.780018
-10.023208
-44.648834
-52.849640
-10.023208
-38.270428
-15.490412
-26.424820
-27.336021
-27.336021
-31.892025
-24.602419
-38.270428
-45.560036
-23.691217
-14.579211
-2.733602
0.000000
-43.737633
-43.737633
-31.892025
-71.984856
-15.490412
-18.224014
-10.934408
-17.312813
-51.027241
-39.181629
-28.247221
-28.247221
-41.004032
-33.714424
-28.247221
-0.911201
-0.911201
-9.112007
-26.424820
-19.135214
-56.494442
-53.760841
-32.803226
-21.868816
-11.845609
-21.868816
-13.668011
-25.513620
-34.625626
-14.579211
-46.471237
-45.560036
-32.803226
-16.401613
-4.556004
-18.224014
-19.135214
-25.513620
-36.448029
-76.540855
-33.714424
-18.224014
-28.247221
-26.424820
-19.135214
-30.069624
-26.424820
-20.046415
-28.247221
-24.602419
-25.513620
-26.424820
-18.224014
-17.312813
-36.448029
-46.471237
-48.293636
-52.849640
-11.845609
-32.803226
-19.135214
-29.158422
-35.536827
-39.181629
-35.536827
-25.513620
-22.780018
-33.714424
-30.069624
-29.158422
-18.224014
-12.756810
-53.760841
-41.004032
-48.293636
-85.652863
-17.312813
-32.803226
-24.602419
-27.336021
-39.181629
-28.247221
-35.536827
-39.181629
-36.448029
-28.247221
-30.069624
-14.579211
-10.934408
-23.691217
-32.803226
-33.714424
-41.004032
-57.405643
-35.536827
-20.957617
-17.312813
-20.957617
-35.536827
-35.536827
-39.181629
-31.892025
-30.980824
-28.247221
-36.448029
-28.247221
-22.780018
-34.625626
-37.359230
-35.536827
-74.718460
-58.316845
-17.312813
-10.023208
-20.957617
-19.135214
-20.046415
-13.668011
-22.780018
-11.845609
-50.116039
-29.158422
-13.668011
-19.135214
-13.668011
-10.023208
-29.158422
-10.934408
-85.652863
-61.961647
-27.336021
-13.668011
-10.934408
-28.247221
-26.424820
-34.625626
-50.116039
-30.980824
-49.204838
-43.737633
-20.957617
-28.247221
-14.579211
-20.957617
-68.340050
-61.961647
-52.849640
-100.232079
-25.513620
-28.247221
-23.691217
-40.092831
-48.293636
-4.556004
-61.961647
-60.139248
-22.780018
-49.204838
-26.424820
-43.737633
-33.714424
-36.448029
-32.803226
-35.536827
-44.648834
-42.826431
-39.181629
-33.714424
-20.046415
-25.513620
-21.868816
-38.270428
-20.957617
-30.069624
-27.336021
-19.135214
-14.579211
-16.401613
-12.756810
-38.270428
-38.270428
-51.027241
-24.602419
-51.027241
-27.336021
-18.224014
-4.556004
-7.289606
0.000000
-7.289606
-16.401613
-9.112007
-39.181629
-32.803226
-18.224014
-23.691217
-10.934408
-16.401613
-17.312813
4.556004
-47.382435
-57.405643
-21.868816
-39.181629
-11.845609
-12.756810
0.911201
-1.822401
-24.602419
-43.737633
-41.915234
-40.092831
-20.957617
-34.625626
-23.691217
-14.579211
-10.023208
0.000000
-36.448029
-81.096863
-15.490412
-29.158422
-7.289606
-10.934408
-22.780018
-25.513620
-34.625626
-30.980824
-34.625626
-46.471237
-19.135214
-37.359230
-30.069624
-28.247221
-21.868816
-10.023208
-43.737633
-34.625626
-13.668011
-27.336021
-8.200807
-1.822401
-4.556004
-14.579211
-30.069624
-1.822401
-41.004032
-26.424820
-6.378405
-20.957617
-17.312813
-23.691217
-4.556004
-27.336021
-51.938438
-61.961647
-48.293636
-18.224014
-19.135214
-5.467204
0.911201
-19.135214
-21.868816
-6.378405
-40.092831
-22.780018
-12.756810
-26.424820
-10.023208
-21.868816
-11.845609
-30.980824
-37.359230
-46.471237
-20.957617
-48.293636
-10.934408
-9.112007
-1.822401
-11.845609
-30.980824
-15.490412
-38.270428
-38.270428
-16.401613
-19.135214
-36.448029
-18.224014
-40.092831
-21.868816
-37.359230
-41.915234
-14.579211
-36.448029
-16.401613
-8.200807
-16.401613
-42.826431
-44.648834
-27.336021
-44.648834
-50.116039
-18.224014
-39.181629
-23.691217
-40.092831
-19.135214
-31.892025
-47.382435
-43.737633
-13.668011
-23.691217
-10.023208
-6.378405
0.911201
-30.980824
-22.780018
-18.224014
-30.980824
-28.247221
-22.780018
-15.490412
-19.135214
-12.756810
-20.046415
-28.247221
-51.938438
-55.583244
-10.023208
-16.401613
-15.490412
-28.247221
-26.424820
-28.247221
-34.625626
-23.691217
-42.826431
-38.270428
-23.691217
-31.892025
-20.957617
-6.378405
-30.069624
-18.224014
-115.722488
-54.672043
-30.069624
-27.336021
-10.934408
-36.448029
-43.737633
-17.312813
-50.116039
-56.494442
-45.560036
-47.382435
-22.780018
-36.448029
-29.158422
-19.135214
-61.961647
-56.494442
-66.517654
-108.432884
-25.513620
-40.092831
-12.756810
-32.803226
-68.340050
-22.780018
-77.452057
-48.293636
-26.424820
-51.938438
-20.957617
-57.405643
-36.448029
-34.625626
-30.069624
-36.448029
-39.181629
-30.069624
-26.424820
-33.714424
-9.112007
-16.401613
-8.200807
-14.579211
-33.714424
-5.467204
-33.714424
-19.135214
-9.112007
-10.934408
-13.668011
-25.513620
-9.112007
-41.915234
-60.139248
-71.984856
-34.625626
-20.957617
-30.069624
-11.845609
-5.467204
-13.668011
-23.691217
-8.200807
-38.270428
-16.401613
-15.490412
-15.490412
-2.733602
-7.289606
-4.556004
2.733602
-35.536827
-57.405643
-31.892025
-42.826431
-10.023208
-15.490412
-13.668011
-20.957617
-30.980824
-25.513620
-36.448029
-32.803226
-18.224014
-15.490412
-14.579211
-12.756810
-46.471237
-46.471237
-40.092831
-87.475266
-38.270428
-38.270428
-17.312813
-19.135214
-39.181629
-41.915234
-62.872849
-44.648834
-29.158422
-49.204838
-17.312813
-49.204838
-27.336021
-34.625626
-15.490412
-18.224014
-56.494442
-45.560036
-38.270428
-39.181629
-11.845609
-7.289606
-8.200807
-12.756810
-25.513620
-2.733602
-32.803226
-29.158422
-9.112007
-21.868816
-11.845609
-21.868816
-3.644803
-29.158422
-30.069624
-37.359230
-16.401613
-17.312813
-8.200807
-26.424820
-19.135214
-0.911201
-14.579211
-17.312813
-41.915234
-37.359230
-26.424820
-23.691217
-14.579211
-19.135214
-33.714424
-15.490412
-67.428848
-36.448029
-9.112007
-41.004032
-12.756810
-29.158422
-24.602419
-32.803226
-25.513620
-63.784050
-39.181629
-53.760841
-27.336021
-21.868816
-35.536827
-20.046415
-50.116039
-51.027241
-43.737633
-58.316845
-12.756810
-30.069624
-7.289606
-29.158422
-48.293636
-25.513620
-28.247221
-38.270428
-33.714424
-53.760841
-30.069624
-22.780018
-21.868816
-37.359230
-32.803226
-39.181629
-51.027241
-53.760841
-24.602419
-13.668011
-15.490412
-20.957617
-21.868816
-33.714424
-29.158422
-26.424820
-38.270428
-51.027241
-26.424820
-25.513620
-17.312813
-22.780018
-33.714424
-38.270428
-79.274460
-71.073654
-30.069624
-18.224014
-5.467204
-10.934408
-13.668011
-24.602419
-27.336021
-10.023208
-41.915234
-22.780018
-18.224014
-20.046415
-6.378405
-10.023208
-11.845609
-8.200807
-97.498474
-46.471237
-34.625626
-26.424820
-6.378405
-15.490412
-27.336021
-46.471237
-32.803226
0.911201
-35.536827
-32.803226
-10.934408
-14.579211
-1.822401
-11.845609
-28.247221
-51.027241
-58.316845
-78.363258
-30.069624
-29.158422
-9.112007
-9.112007
-17.312813
-26.424820
-54.672043
-38.270428
-23.691217
-60.139248
-11.845609
-60.139248
-23.691217
-36.448029
-15.490412
-30.069624
-55.583244
-50.116039
-41.915234
-20.046415
-7.289606
-4.556004
4.556004
-20.046415
-25.513620
-5.467204
-30.069624
-27.336021
-8.200807
-24.602419
-14.579211
-34.625626
-9.112007
-22.780018
-71.984856
-53.760841
-31.892025
-14.579211
-10.934408
-30.069624
-24.602419
-24.602419
-34.625626
-20.957617
-59.228046
-41.915234
-22.780018
-20.957617
-16.401613
-20.046415
-39.181629
-30.980824
-58.316845
-44.648834
-22.780018
-30.980824
-15.490412
-26.424820
-23.691217
-41.915234
-36.448029
-15.490412
-45.560036
-43.737633
-22.780018
-21.868816
-14.579211
-15.490412
-48.293636
-59.228046
-41.004032
-67.428848
-20.957617
-20.046415
-10.023208
-25.513620
-24.602419
-29.158422
-50.116039
-28.247221
-36.448029
-55.583244
-24.602419
-40.092831
-20.957617
-31.892025
-30.980824
-43.737633
-41.004032
-44.648834
-31.892025
-19.135214
-10.934408
-18.224014
0.000000
-21.868816
-20.957617
-13.668011
-25.513620
-30.980824
-20.046415
-17.312813
-6.378405
-20.046415
-21.868816
-38.270428
-67.428848
-81.096863
-50.116039
-20.957617
-20.957617
-3.644803
-5.467204
-19.135214
-27.336021
-10.023208
-35.536827
-21.868816
-16.401613
-20.046415
-10.023208
-20.957617
-12.756810
-30.069624
-30.069624
-60.139248
-26.424820
-32.803226
-10.023208
-17.312813
-19.135214
-37.359230
-36.448029
-15.490412
-29.158422
-39.181629
-15.490412
-19.135214
-23.691217
-20.957617
-45.560036
-46.471237
-53.760841
-71.073654
-10.023208
-32.803226
-14.579211
-9.112007
-34.625626
-51.027241
-41.915234
-55.583244
-40.092831
-41.915234
-14.579211
-30.069624
-23.691217
-30.069624
-27.336021
-30.069624
-41.915234
-60.139248
-29.158422
-21.868816
-11.845609
-10.934408
-43.737633
-40.092831
-41.915234
-33.714424
-51.938438
-40.092831
-26.424820
-33.714424
-30.069624
-30.980824
-38.270428
-31.892025
-66.517654
-71.073654
-32.803226
-17.312813
-21.868816
-19.135214
-18.224014
-20.957617
-24.602419
-12.756810
-41.004032
-28.247221
-26.424820
-29.158422
-6.378405
-8.200807
-12.756810
-14.579211
-39.181629
-45.560036
-30.980824
-12.756810
-11.845609
-26.424820
-37.359230
-41.004032
-32.803226
-47.382435
-27.336021
-38.270428
-17.312813
-30.069624
-19.135214
-17.312813
-27.336021
-44.648834
-53.760841
-66.517654
-27.336021
-31.892025
-13.668011
-17.312813
-47.382435
-42.826431
-61.050446
-58.316845
-26.424820
-55.583244
-15.490412
-55.583244
-33.714424
-28.247221
-23.691217
-25.513620
-12.756810
-43.737633
-38.270428
-29.158422
-10.934408
-13.668011
-20.046415
-18.224014
-30.069624
-7.289606
-27.336021
-12.756810
-12.756810
-9.112007
-15.490412
-30.980824
-1.822401
-17.312813
-60.139248
-55.583244
-26.424820
-10.934408
-25.513620
-7.289606
-6.378405
-17.312813
-9.112007
0.000000
-19.135214
-5.467204
-10.934408
-24.602419
-4.556004
-4.556004
-6.378405
-35.536827
-71.073654
-57.405643
-29.158422
-25.513620
-13.668011
-23.691217
-30.980824
-27.336021
-24.602419
4.556004
-31.892025
-10.023208
-13.668011
-20.046415
-21.868816
-10.023208
-56.494442
-60.139248
-56.494442
-101.143280
-23.691217
-7.289606
-18.224014
-25.513620
-46.471237
-56.494442
-20.046415
-3.644803
-42.826431
-5.467204
-16.401613
-20.957617
-31.892025
-14.579211
-34.625626
-41.004032
-38.270428
-45.560036
-11.845609
-19.135214
-14.579211
-18.224014
-22.780018
0.911201
-10.023208
1.822401
-20.957617
-16.401613
-24.602419
-23.691217
-16.401613
-28.247221
-14.579211
-40.092831
-49.204838
-75.629662
-27.336021
-16.401613
-41.915234
-30.069624
-21.868816
-28.247221
-32.803226
-20.046415
-42.826431
-38.270428
-32.803226
-39.181629
-10.023208
-10.934408
-27.336021
-33.714424
-99.320877
-64.695251
-22.780018
-34.625626
-20.046415
-54.672043
-55.583244
-56.494442
-59.228046
-65.606453
-39.181629
-53.760841
-27.336021
-38.270428
-30.069624
-25.513620
-82.919266
-65.606453
-68.340050
-82.919266
-8.200807
-36.448029
-21.868816
-41.004032
-92.942474
-42.826431
-62.872849
-83.830467
-30.980824
-38.270428
-26.424820
-22.780018
-42.826431
-29.158422
-42.826431
-30.069624
-26.424820
-41.915234
-8.200807
-31.892025
-20.046415
-38.270428
-53.760841
-28.247221
-61.961647
-26.424820
-43.737633
-36.448029
-35.536827
-24.602419
-24.602419
-34.625626
-20.957617
-31.892025
-37.359230
-49.204838
-25.513620
-15.490412
-25.513620
-17.312813
-14.579211
-20.046415
-20.957617
-10.934408
-27.336021
-18.224014
-17.312813
-27.336021
-11.845609
-10.023208
-16.401613
-35.536827
-51.938438
-51.027241
-30.980824
-10.023208
-9.112007
-26.424820
-36.448029
-39.181629
-35.536827
-41.004032
-27.336021
-30.069624
-18.224014
-30.069624
-33.714424
-18.224014
-58.316845
-58.316845
-34.625626
-71.984856
-26.424820
-32.803226
-17.312813
-29.158422
-57.405643
-41.915234
-51.938438
-41.004032
-30.069624
-23.691217
-19.135214
-37.359230
-29.158422
-38.270428
-30.069624
-34.625626
-15.490412
-43.737633
-33.714424
-30.069624
-15.490412
-19.135214
-22.780018
-14.579211
-15.490412
-14.579211
-16.401613
-5.467204
-18.224014
-11.845609
-13.668011
-30.980824
-20.046415
-30.980824
-56.494442
-52.849640
-16.401613
-12.756810
-23.691217
-16.401613
-12.756810
-18.224014
-20.957617
-11.845609
-41.004032
-22.780018
-18.224014
-30.069624
-12.756810
-0.911201
-22.780018
-37.359230
-75.629662
-60.139248
-27.336021
-24.602419
-15.490412
-38.270428
-41.004032
-54.672043
-48.293636
-44.648834
-41.915234
-29.158422
-15.490412
-30.980824
-34.625626
-13.668011
-74.718460
-57.405643
-51.938438
-85.652863
-23.691217
-15.490412
-20.046415
-35.536827
-74.718460
-38.270428
-61.050446
-34.625626
-46.471237
-37.359230
-18.224014
-41.004032
-23.691217
-27.336021
-28.247221
-35.536827
-51.938438
-61.961647
-31.892025
-14.579211
-18.224014
-31.892025
-45.560036
-40.092831
-50.116039
-30.980824
-57.405643
-46.471237
-33.714424
-37.359230
-21.868816
-32.803226
-41.004032
-41.004032
-51.938438
-51.027241
-19.135214
-14.579211
-28.247221
-20.957617
-14.579211
-20.957617
-20.957617
-10.934408
-29.158422
-20.957617
-20.046415
-22.780018
-4.556004
-7.289606
-10.934408
-15.490412
-41.915234
-41.004032
-19.135214
-23.691217
-11.845609
-17.312813
-30.069624
-32.803226
-25.513620
-8.200807
-30.980824
-29.158422
-18.224014
-20.046415
-9.112007
-9.112007
-27.336021
-30.980824
-52.849640
-77.452057
-29.158422
-22.780018
-15.490412
-16.401613
-24.602419
-45.560036
-40.092831
-23.691217
-44.648834
-51.027241
-17.312813
-51.027241
-15.490412
-14.579211
-12.756810
-12.756810
-22.780018
-45.560036
-37.359230
-27.336021
-10.934408
-9.112007
-6.378405
-4.556004
-8.200807
3.644803
-27.336021
-8.200807
-13.668011
-3.644803
-1.822401
-6.378405
11.845609
-14.579211
-43.737633
-61.050446
-29.158422
-21.868816
-18.224014
-24.602419
-20.957617
-23.691217
-30.980824
-17.312813
-30.980824
-23.691217
-21.868816
-26.424820
-7.289606
-14.579211
-17.312813
-30.980824
-30.069624
-47.382435
-17.312813
-38.270428
-20.046415
-28.247221
-33.714424
-49.204838
-42.826431
-44.648834
-30.069624
-41.004032
-23.691217
-24.602419
-26.424820
-19.135214
-22.780018
-54.672043
-50.116039
-66.517654
-27.336021
-38.270428
-19.135214
-26.424820
-44.648834
-39.181629
-44.648834
-40.092831
-41.915234
-23.691217
-26.424820
-13.668011
-15.490412
-30.980824
-21.868816
-32.803226
-50.116039
-56.494442
-41.915234
-22.780018
-20.046415
-23.691217
-38.270428
-45.560036
-41.915234
-33.714424
-40.092831
-34.625626
-26.424820
-32.803226
-28.247221
-30.069624
-31.892025
-30.069624
-35.536827
-38.270428
-40.092831
-12.756810
-10.934408
-4.556004
-6.378405
-30.980824
-25.513620
-12.756810
-32.803226
-20.046415
-16.401613
-39.181629
-13.668011
-16.401613
-15.490412
-44.648834
-49.204838
-30.069624
-18.224014
-42.826431
-8.200807
-16.401613
-20.046415
-23.691217
-28.247221
-16.401613
-25.513620
-8.200807
-10.934408
-23.691217
-31.892025
-6.378405
-35.536827
-34.625626
-20.957617
-53.760841
-17.312813
-20.046415
-9.112007
-12.756810
-45.560036
-47.382435
-44.648834
-35.536827
-46.471237
-23.691217
-11.845609
-33.714424
-23.691217
-20.957617
-28.247221
-26.424820
-21.868816
-14.579211
-11.845609
-14.579211
0.911201
-3.644803
-11.845609
0.000000
-24.602419
4.556004
-26.424820
-20.957617
-20.957617
-17.312813
-4.556004
-17.312813
-1.822401
-11.845609
-51.938438
-75.629662
-37.359230
-22.780018
-18.224014
-20.046415
-18.224014
-24.602419
-31.892025
-13.668011
-26.424820
-17.312813
-14.579211
-20.957617
-11.845609
-24.602419
-17.312813
-32.803226
-35.536827
-45.560036
-28.247221
-45.560036
-18.224014
-29.158422
-26.424820
-38.270428
-38.270428
-34.625626
-29.158422
-37.359230
-17.312813
-14.579211
-30.980824
-23.691217
-32.803226
-51.027241
-33.714424
-73.807259
-21.868816
-37.359230
-21.868816
-30.980824
-60.139248
-43.737633
-28.247221
-48.293636
-27.336021
-41.004032
-19.135214
-32.803226
-28.247221
-24.602419
-33.714424
-35.536827
-30.980824
-52.849640
-22.780018
-29.158422
-22.780018
-26.424820
-47.382435
-31.892025
-31.892025
-30.069624
-32.803226
-31.892025
-24.602419
-32.803226
-28.247221
-25.513620
-35.536827
-37.359230
-64.695251
-54.672043
-51.938438
-19.135214
-21.868816
-2.733602
-3.644803
-13.668011
-12.756810
-5.467204
-18.224014
9.112007
-10.934408
-30.069624
-7.289606
-19.135214
-9.112007
-31.892025
-68.340050
-48.293636
-30.069624
-25.513620
-13.668011
-24.602419
-35.536827
-43.737633
-29.158422
-21.868816
-13.668011
20.046415
-1.822401
-25.513620
-31.892025
-9.112007
-52.849640
-56.494442
-42.826431
-68.340050
-20.957617
-15.490412
-16.401613
-27.336021
-59.228046
-51.938438
-20.957617
0.911201
-17.312813
37.359230
-6.378405
0.000000
-22.780018
-22.780018
-36.448029
-27.336021
-20.046415
-38.270428
-36.448029
-17.312813
-12.756810
-24.602419
-28.247221
-22.780018
-17.312813
-15.490412
-12.756810
-3.644803
-22.780018
-19.135214
-22.780018
-30.980824
-28.247221
-23.691217
-46.471237
-56.494442
-39.181629
-14.579211
-19.135214
-31.892025
-23.691217
-22.780018
-28.247221
-13.668011
-36.448029
-25.513620
-15.490412
-16.401613
-6.378405
-18.224014
-18.224014
-38.270428
-38.270428
-50.116039
-11.845609
-37.359230
-21.868816
-39.181629
-38.270428
-45.560036
-37.359230
-18.224014
-31.892025
-43.737633
-25.513620
-19.135214
-10.934408
-16.401613
-41.915234
-60.139248
-41.915234
-50.116039
-12.756810
-33.714424
-25.513620
-36.448029
-48.293636
-41.915234
-47.382435
-45.560036
-39.181629
-46.471237
-25.513620
-28.247221
-13.668011
-16.401613
-22.780018
-36.448029
-28.247221
-44.648834
-20.957617
-23.691217
-21.868816
-29.158422
-39.181629
-37.359230
-41.004032
-26.424820
-37.359230
-33.714424
-30.980824
-25.513620
-23.691217
-28.247221
-22.780018
-41.004032
-40.092831
-69.251251
-32.803226
-18.224014
-22.780018
-23.691217
-17.312813
-27.336021
-30.069624
-18.224014
-24.602419
-20.957617
-16.401613
-30.980824
-7.289606
-17.312813
-14.579211
-38.270428
-11.845609
-42.826431
-16.401613
-32.803226
-19.135214
-23.691217
-30.069624
-40.092831
-38.270428
-36.448029
-28.247221
-43.737633
-20.046415
-20.957617
-30.980824
-18.224014
-24.602419
-41.915234
-42.826431
-47.382435
-19.135214
-45.560036
-22.780018
-25.513620
-29.158422
-51.027241
-49.204838
-50.116039
-38.270428
-52.849640
-24.602419
-41.915234
-30.069624
-30.980824
-19.135214
-30.069624
-56.494442
-43.737633
-31.892025
-27.336021
-19.135214
-23.691217
-29.158422
-31.892025
-30.069624
-21.868816
-26.424820
-23.691217
-30.980824
-23.691217
-20.957617
-16.401613
-20.046415
-28.247221
-56.494442
-51.027241
-18.224014
-14.579211
-21.868816
-24.602419
-26.424820
-20.046415
-21.868816
-14.579211
-47.382435
-27.336021
-23.691217
-26.424820
-11.845609
-5.467204
-25.513620
-26.424820
-46.471237
-48.293636
-20.046415
-27.336021
-14.579211
-39.181629
-41.915234
-43.737633
-38.270428
-37.359230
-43.737633
-22.780018
-17.312813
-31.892025
-28.247221
-11.845609
-61.961647
-61.050446
-41.915234
-65.606453
-17.312813
-10.023208
-13.668011
-35.536827
-55.583244
-30.980824
-56.494442
-31.892025
-37.359230
-38.270428
-18.224014
-47.382435
-30.980824
-22.780018
-30.980824
-39.181629
-40.092831
-50.116039
-27.336021
-9.112007
-12.756810
-26.424820
-33.714424
-20.046415
-37.359230
-15.490412
-41.915234
-32.803226
-22.780018
-29.158422
-13.668011
-26.424820
-22.780018
-42.826431
-49.204838
-47.382435
-11.845609
-12.756810
-23.691217
-23.691217
-23.691217
-20.957617
-20.957617
-14.579211
-30.980824
-23.691217
-20.957617
-36.448029
-8.200807
-4.556004
-18.224014
-17.312813
-35.536827
-34.625626
-16.401613
-19.135214
-12.756810
-26.424820
-34.625626
-16.401613
-26.424820
-21.868816
-24.602419
-24.602419
-13.668011
-17.312813
-6.378405
-9.112007
-33.714424
-39.181629
-19.135214
-35.536827
-4.556004
-10.023208
-17.312813
-19.135214
-35.536827
-26.424820
-37.359230
-26.424820
-23.691217
-34.625626
-13.668011
-27.336021
2.733602
-11.845609
-13.668011
-27.336021
-10.023208
-47.382435
-31.892025
-16.401613
-14.579211
-20.046415
-10.023208
-39.181629
-14.579211
-28.247221
-30.980824
-15.490412
-16.401613
-9.112007
-13.668011
-15.490412
-26.424820
-27.336021
-49.204838
-60.139248
-16.401613
-16.401613
-18.224014
-22.780018
-20.957617
-18.224014
-24.602419
-11.845609
-30.980824
-21.868816
-20.046415
-21.868816
-7.289606
-9.112007
-15.490412
-25.513620
-34.625626
-38.270428
-23.691217
-33.714424
-11.845609
-29.158422
-30.980824
-30.980824
-35.536827
-46.471237
-31.892025
-35.536827
-18.224014
-20.046415
-28.247221
-20.046415
-29.158422
-54.672043
-30.980824
-52.849640
-25.513620
-30.069624
-15.490412
-28.247221
-64.695251
-27.336021
-40.092831
-53.760841
-25.513620
-45.560036
-21.868816
-44.648834
-31.892025
-20.046415
-25.513620
-39.181629
-39.181629
-53.760841
-34.625626
-26.424820
-17.312813
-22.780018
-36.448029
-20.957617
-20.046415
-23.691217
-23.691217
-23.691217
-17.312813
-20.957617
-17.312813
-16.401613
-22.780018
-34.625626
-54.672043
-49.204838
-25.513620
-7.289606
-20.046415
-27.336021
-25.513620
-26.424820
-23.691217
-12.756810
-48.293636
-30.069624
-17.312813
-32.803226
-11.845609
-16.401613
-20.046415
-25.513620
-69.251251
-39.181629
-19.135214
-42.826431
-4.556004
-20.957617
-30.069624
0.911201
-22.780018
0.000000
-48.293636
-36.448029
-19.135214
-26.424820
-8.200807
-12.756810
-45.560036
-38.270428
-55.583244
-102.054482
-26.424820
-26.424820
-9.112007
-23.691217
-50.116039
-29.158422
-55.583244
-40.092831
-53.760841
-55.583244
-19.135214
-57.405643
-39.181629
-24.602419
-20.957617
-31.892025
-56.494442
-30.980824
-28.247221
-24.602419
-0.911201
1.822401
13.668011
0.911201
-7.289606
12.756810
-22.780018
-16.401613
0.000000
-6.378405
3.644803
-10.934408
7.289606
-32.803226
10.023208
-41.004032
9.112007
-18.224014
-27.336021
-26.424820
-20.046415
-20.957617
-16.401613
-16.401613
-7.289606
-23.691217
-26.424820
-31.892025
-13.668011
-4.556004
-27.336021
-43.737633
-51.938438
-41.004032
-10.934408
-43.737633
-19.135214
-36.448029
-40.092831
-29.158422
-42.826431
-68.340050
-33.714424
-29.158422
-23.691217
-42.826431
-41.915234
-15.490412
-48.293636
-49.204838
-34.625626
-72.896057
-15.490412
-20.957617
-22.780018
-34.625626
-60.139248
-39.181629
-36.448029
-25.513620
-50.116039
-30.069624
-26.424820
-23.691217
-19.135214
-23.691217
-34.625626
-39.181629
-41.915234
-53.760841
-32.803226
-19.135214
-17.312813
-28.247221
-29.158422
-30.980824
-31.892025
-25.513620
-44.648834
-39.181629
-36.448029
-30.980824
-27.336021
-34.625626
-37.359230
-48.293636
-55.583244
-61.050446
-52.849640
-21.868816
-31.892025
-21.868816
-18.224014
-31.892025
-30.980824
-16.401613
-25.513620
-20.957617
-17.312813
-32.803226
-12.756810
-20.046415
-19.135214
-46.471237
-62.872849
-50.116039
-27.336021
-49.204838
-24.602419
-33.714424
-37.359230
-53.760841
-42.826431
-45.560036
-25.513620
-35.536827
-18.224014
-30.980824
-40.092831
-17.312813
-42.826431
-51.938438
-51.938438
-73.807259
-22.780018
-48.293636
-24.602419
-30.980824
-41.915234
-61.961647
-21.868816
-12.756810
-39.181629
-4.556004
-19.135214
3.644803
-13.668011
-30.980824
-35.536827
-30.069624
-44.648834
-29.158422
-21.868816
-36.448029
-20.957617
-23.691217
-20.046415
-22.780018
-34.625626
-6.378405
-24.602419
-26.424820
-28.247221
-26.424820
-20.046415
-24.602419
-14.579211
-28.247221
-54.672043
-51.027241
-26.424820
-15.490412
-20.957617
-23.691217
-20.046415
-27.336021
-30.980824
-19.135214
-34.625626
-28.247221
-16.401613
-34.625626
-19.135214
-20.046415
-26.424820
-40.092831
-75.629662
-52.849640
-20.046415
-28.247221
-18.224014
-33.714424
-37.359230
-35.536827
-45.560036
-34.625626
-38.270428
-42.826431
-22.780018
-33.714424
-32.803226
-23.691217
-56.494442
-46.471237
-52.849640
-71.073654
-9.112007
-36.448029
-21.868816
-32.803226
-32.803226
-39.181629
-45.560036
-31.892025
-33.714424
-37.359230
-22.780018
-33.714424
-24.602419
-38.270428
-30.980824
-25.513620
-32.803226
-47.382435
-22.780018
-25.513620
-19.135214
-27.336021
-22.780018
-32.803226
-44.648834
-21.868816
-39.181629
-30.980824
-30.980824
-33.714424
-22.780018
-31.892025
-33.714424
-45.560036
-37.359230
-37.359230
-38.270428
-13.668011
-26.424820
-17.312813
-19.135214
-24.602419
-29.158422
-11.845609
-34.625626
-18.224014
-14.579211
-33.714424
-9.112007
-18.224014
-16.401613
-41.004032
-69.251251
-49.204838
-22.780018
-25.513620
-12.756810
-29.158422
-35.536827
-42.826431
-37.359230
-22.780018
-27.336021
-8.200807
-10.023208
-20.046415
-29.158422
-16.401613
-50.116039
-44.648834
-11.845609
-45.560036
-7.289606
-4.556004
-18.224014
-25.513620
-58.316845
-46.471237
-33.714424
-31.892025
-28.247221
-15.490412
-8.200807
-27.336021
-25.513620
-18.224014
-28.247221
-39.181629
-14.579211
-38.270428
4.556004
-14.579211
-14.579211
-20.957617
-32.803226
-20.957617
-18.224014
-19.135214
-20.046415
-20.046415
-21.868816
-17.312813
-16.401613
-9.112007
-17.312813
-24.602419
-51.938438
-55.583244
-39.181629
-21.868816
-15.490412
-18.224014
-19.135214
-21.868816
-25.513620
-13.668011
-41.915234
-27.336021
-7.289606
-1.822401
-13.668011
-20.957617
-24.602419
-45.560036
-11.845609
-45.560036
-25.513620
-37.359230
-10.023208
-24.602419
-20.957617
-28.247221
-31.892025
-27.336021
-40.092831
-33.714424
-19.135214
-23.691217
-40.092831
-20.046415
-34.625626
-41.004032
-29.158422
-65.606453
-20.046415
-33.714424
-13.668011
-28.247221
-41.004032
-33.714424
-30.980824
-36.448029
-44.648834
-30.980824
-21.868816
-24.602419
-34.625626
-27.336021
-40.092831
-37.359230
-36.448029
-40.092831
-1.822401
-26.424820
-11.845609
-16.401613
-27.336021
-13.668011
-18.224014
-20.046415
-21.868816
-22.780018
-18.224014
-20.046415
-19.135214
-6.378405
-25.513620
-37.359230
-41.915234
-49.204838
-22.780018
-17.312813
-18.224014
-22.780018
-19.135214
-21.868816
-20.046415
-12.756810
-33.714424
-26.424820
-14.579211
-15.490412
-13.668011
-16.401613
-23.691217
-41.915234
-59.228046
-46.471237
-13.668011
-36.448029
-14.579211
-29.158422
-38.270428
-27.336021
-37.359230
-32.803226
-35.536827
-31.892025
-22.780018
-32.803226
-33.714424
-16.401613
-49.204838
-42.826431
-51.027241
-88.386467
-19.135214
-23.691217
-19.135214
-33.714424
-61.050446
-42.826431
-39.181629
-36.448029
-45.560036
-32.803226
-25.513620
-24.602419
-30.980824
-26.424820
-35.536827
-34.625626
-46.471237
-55.583244
-29.158422
-19.135214
-14.579211
-22.780018
-30.069624
-30.069624
-32.803226
-24.602419
-31.892025
-33.714424
-30.980824
-25.513620
-21.868816
-29.158422
-31.892025
-41.915234
-36.448029
-49.204838
-30.069624
-17.312813
-15.490412
-11.845609
-10.934408
1.822401
-12.756810
-9.112007
-28.247221
-16.401613
-20.957617
-18.224014
-9.112007
-16.401613
-18.224014
-10.934408
-59.228046
-49.204838
-23.691217
-26.424820
-10.934408
-26.424820
-30.069624
-35.536827
-30.069624
-52.849640
-41.004032
-21.868816
-19.135214
-30.980824
-35.536827
-16.401613
-52.849640
-56.494442
-37.359230
-69.251251
-19.135214
-32.803226
-10.023208
-35.536827
-57.405643
-41.915234
-32.803226
-25.513620
-31.892025
-12.756810
-20.957617
-20.046415
-31.892025
-39.181629
-36.448029
-35.536827
-21.868816
-37.359230
-30.980824
-30.980824
-16.401613
-25.513620
-22.780018
-31.892025
-12.756810
-22.780018
-22.780018
-11.845609
-18.224014
-11.845609
-22.780018
-34.625626
-29.158422
-41.915234
-18.224014
-44.648834
-21.868816
-16.401613
-21.868816
-17.312813
-15.490412
-17.312813
-20.046415
-19.135214
-17.312813
-20.957617
-18.224014
-21.868816
-14.579211
-18.224014
-23.691217
-41.915234
-38.270428
-38.270428
-24.602419
-25.513620
-14.579211
-30.069624
-27.336021
-30.069624
-31.892025
-53.760841
-36.448029
-30.980824
-23.691217
-32.803226
-33.714424
-17.312813
-45.560036
-44.648834
-33.714424
-71.984856
-20.957617
-30.980824
-20.957617
-31.892025
-45.560036
-33.714424
-20.046415
-28.247221
-41.004032
-21.868816
-24.602419
-7.289606
-24.602419
-31.892025
-31.892025
-34.625626
-29.158422
-44.648834
-34.625626
-28.247221
-16.401613
-20.046415
-27.336021
-22.780018
-23.691217
-22.780018
-33.714424
-20.046415
-27.336021
-23.691217
-18.224014
-29.158422
-25.513620
-38.270428
-134.857697
-102.054482
-50.116039
-13.668011
-45.560036
-35.536827
-26.424820
-34.625626
-30.069624
-20.957617
-61.961647
-41.004032
-30.069624
-41.915234
-8.200807
-6.378405
-27.336021
-57.405643
-108.432884
-64.695251
-30.069624
-45.560036
-22.780018
-48.293636
-45.560036
-51.027241
-29.158422
-42.826431
-41.004032
-64.695251
-30.980824
-20.046415
-15.490412
-18.224014
-51.027241
-98.409676
-118.456093
-159.460129
-24.602419
-51.938438
-25.513620
-35.536827
-50.116039
-45.560036
-21.868816
-51.027241
-51.027241
-43.737633
-32.803226
-2.733602
-21.868816
-40.092831
-42.826431
-39.181629
-106.610481
-54.672043
-58.316845
-42.826431
-21.868816
-30.069624
-10.934408
-20.046415
-37.359230
-7.289606
-43.737633
-44.648834
-35.536827
-19.135214
-6.378405
-21.868816
-14.579211
-44.648834
33.714424
-38.270428
-6.378405
-16.401613
7.289606
10.934408
6.378405
7.289606
-16.401613
-3.644803
-12.756810
-3.644803
-8.200807
-6.378405
0.000000
1.822401
-11.845609
-5.467204
53.760841
-15.490412
20.957617
-41.915234
15.490412
8.200807
28.247221
3.644803
19.135214
-20.957617
20.046415
26.424820
7.289606
10.023208
-6.378405
17.312813
-8.200807
-6.378405
72.896057
-41.004032
13.668011
1.822401
13.668011
9.112007
-23.691217
-9.112007
7.289606
-9.112007
7.289606
10.023208
9.112007
12.756810
-4.556004
0.911201
0.000000
12.756810
44.648834
-54.672043
-23.691217
0.911201
14.579211
12.756810
-5.467204
5.467204
-1.822401
-1.822401
8.200807
4.556004
1.822401
5.467204
10.023208
16.401613
-2.733602
13.668011
