-0.735573
0.503363
-0.869105
0.117882
-0.101695
1.882988
2.287456
1.295966
2.037235
1.522772
1.146077
1.543023
0.860878
0.557619
1.249062
1.259894
1.837861
2.671405
-0.583249
0.343495
-0.683338
0.234449
-0.049874
1.749091
1.716620
0.705439
1.887808
1.406473
0.893251
1.532411
0.752855
0.214733
0.846980
0.780189
1.641578
2.556663
-0.366691
0.222400
-0.326627
0.224737
0.102571
1.414408
1.217541
0.269134
1.727841
1.286279
0.687111
1.394667
0.891985
0.032787
0.299876
0.171041
1.007506
1.679136
-0.153005
0.105589
0.074044
0.118709
0.238295
0.945218
0.602503
-0.262051
1.198287
0.981705
0.420776
1.304413
0.930492
-0.080640
-0.206141
-0.381076
0.388281
0.858420
-1.002823
0.354877
-0.312351
0.273685
-0.429822
0.328213
0.878268
-0.365060
0.344616
0.295651
-0.048475
-0.231469
-0.011757
0.079204
0.256714
0.147813
0.145554
-0.217970
-0.952774
0.387968
-0.310622
0.462990
-0.185666
0.565361
0.838982
-0.566987
-0.051366
-0.147232
-0.468308
-0.484544
-0.150110
0.107856
0.098176
-0.061471
-0.115225
-0.350953
-0.811079
0.381863
-0.309499
0.666570
0.078662
0.657123
0.709741
-0.801335
-0.438417
-0.500650
-0.640810
-0.600994
-0.305447
0.180374
-0.113947
-0.373720
-0.422169
-0.582629
-0.657213
0.374546
-0.306260
0.848197
0.299174
0.663576
0.417316
-1.009741
-0.805710
-0.638577
-0.542053
-0.480801
-0.364956
0.238761
-0.241381
-0.483705
-0.553204
-0.572046
-0.157067
-0.106668
0.428710
0.697363
0.755601
0.188215
-0.194955
0.316024
0.431125
0.597565
0.370214
0.612233
0.436459
0.314698
0.226024
-0.023507
0.480801
0.493025
-0.199884
-0.260894
0.401422
0.651200
0.678419
0.025506
-0.400224
0.433718
0.500547
0.761451
0.522154
0.740982
0.560379
0.306047
0.125998
-0.271197
0.363167
0.436331
-0.236031
-0.276097
0.496588
0.619359
0.448950
-0.042283
-0.425067
0.649933
0.579947
0.814839
0.645470
0.812276
0.653794
0.334315
0.191560
-0.376232
0.351963
0.429254
-0.196123
-0.246423
0.582510
0.515691
0.126691
-0.100363
-0.367512
0.790649
0.559577
0.737390
0.578917
0.699125
0.675697
0.380696
0.320320
-0.393484
0.385209
0.473269
0.138228
-0.839253
-0.405324
-0.672098
-0.724675
-0.842206
-0.537183
-0.030750
-0.638999
-0.195209
-0.319429
-0.209203
-0.017885
-0.095909
-0.114077
-0.410498
-0.642260
-0.360052
0.192577
-0.642478
-0.109994
-0.584791
-0.720875
-0.568755
-0.178749
0.047903
-0.412835
0.019850
0.059074
0.104345
0.196030
0.157269
0.041407
-0.345287
-0.392857
0.030853
0.169569
-0.458620
0.104358
-0.422528
-0.617249
-0.165640
0.130666
0.151131
-0.098195
0.203695
0.313497
0.321701
0.446075
0.390135
0.247773
-0.047916
0.022905
0.421758
0.139165
-0.230080
0.227076
-0.203926
-0.357549
0.218859
0.312829
0.140975
0.082377
0.274941
0.509027
0.491668
0.608223
0.459262
0.309504
0.134350
0.247220
0.537196
-0.492681
0.020327
-0.060268
0.332955
-0.023402
-0.926282
-0.680535
-1.088542
0.400959
0.579401
-0.947335
0.636647
0.621032
-0.682053
0.436544
-0.130938
-0.283220
0.091512
-0.427951
-0.007722
0.213065
0.526591
-0.044772
-0.498449
-0.703463
-0.793813
0.694236
0.636568
-1.202414
0.383205
0.653212
-0.441771
0.597630
-0.056348
-0.188184
0.415161
-0.369887
-0.138831
0.494595
0.583638
-0.033012
-0.105490
-0.797218
-0.823313
0.807289
0.541968
-1.279762
0.141683
0.726456
-0.296736
0.435924
-0.229683
-0.183947
0.618392
-0.315506
-0.206386
0.902985
0.794288
0.210795
0.342881
-0.827907
-0.960033
0.707660
0.453347
-1.032788
0.160861
0.997493
-0.140310
0.332836
-0.291351
-0.095405
0.737636
0.502697
-0.149944
-0.431922
-1.709414
-2.327681
-1.912005
-1.507728
-0.826104
-0.458046
0.207548
0.159822
-0.238811
-0.352390
-0.311250
-1.171728
-1.271233
-0.534683
-0.164200
0.462026
0.120201
0.164924
-1.486017
-2.053084
-1.278035
-1.020120
-0.288165
0.242465
0.454645
0.766329
0.272895
0.155010
0.263054
-0.746681
-0.868186
0.239498
0.559685
0.408294
0.291856
0.666426
-1.290193
-1.420634
-0.447444
-0.262656
0.310454
0.559939
0.209285
0.878100
0.335167
0.361219
0.511091
-0.606362
-0.872527
0.521222
0.523321
0.532475
0.432067
0.824259
-1.078013
-0.467490
0.234650
-0.007237
0.078265
0.124507
-0.104462
0.729349
0.268915
0.377683
0.352282
-0.544778
-0.924813
0.453957
0.453559
-0.000085
-0.000085
-0.000085
-0.000085
-0.000085
-0.000085
-0.000085
-0.000085
-0.000085
-0.000085
-0.000085
-0.000085
-0.000085
-0.000085
-0.000085
-0.000085
-0.000085
-0.000085
-0.000085
-0.000085
-0.000085
-0.000085
-0.000085
-0.000085
-0.000085
-0.000085
-0.000085
-0.000085
-0.000085
-0.000085
-0.000085
-0.000085
-0.000085
-0.000085
-0.000085
-0.000085
-0.000085
-0.000085
-0.000085
-0.000085
-0.000085
-0.000085
-0.000085
-0.000085
-0.000085
-0.000085
-0.000085
-0.000085
-0.000085
-0.000085
-0.000085
-0.000085
-0.000085
-0.000085
-0.000085
-0.000085
-0.000085
-0.000085
-0.000085
-0.000085
-0.000085
-0.000085
-0.000085
-0.000085
-0.000085
-0.000085
-0.000085
-0.000085
-0.000085
-0.000085
-0.000085
-0.000085
-0.023594
-1.165009
-1.091908
-1.369364
-1.801610
-1.528790
-0.857004
-1.455302
-2.084921
-2.521863
-1.786515
-1.214010
-0.880955
-1.202183
-1.397862
-1.646167
-1.329812
-0.630599
0.482169
-0.023476
-0.912573
-1.233355
-1.876494
-1.425973
-0.504129
-1.561833
-2.201526
-2.266931
-1.268806
-0.597763
-0.185278
-0.548257
-1.295907
-1.204976
-1.192704
-0.042078
0.680254
0.765509
-0.842146
-1.243042
-1.915898
-0.970786
-0.221383
-1.423714
-2.122006
-1.800689
-1.076188
-0.343455
0.000475
-0.091644
-0.968468
-0.475899
-0.477444
0.821910
0.427016
0.768273
-0.541898
-1.209226
-1.915155
-0.169885
0.269909
-1.007723
-1.788714
-1.056546
-0.758883
-0.142131
0.032479
0.042137
-0.660048
0.032777
-0.096071
0.972302
-0.000117
-0.000117
-0.000117
-0.000117
-0.000117
-0.000117
-0.000117
-0.000117
-0.000117
-0.000117
-0.000117
-0.000117
-0.000117
-0.000117
-0.000117
-0.000117
-0.000117
-0.000117
-0.000117
-0.000117
-0.000117
-0.000117
-0.000117
-0.000117
-0.000117
-0.000117
-0.000117
-0.000117
-0.000117
-0.000117
-0.000117
-0.000117
-0.000117
-0.000117
-0.000117
-0.000117
-0.000117
-0.000117
-0.000117
-0.000117
-0.000117
-0.000117
-0.000117
-0.000117
-0.000117
-0.000117
-0.000117
-0.000117
-0.000117
-0.000117
-0.000117
-0.000117
-0.000117
-0.000117
-0.000117
-0.000117
-0.000117
-0.000117
-0.000117
-0.000117
-0.000117
-0.000117
-0.000117
-0.000117
-0.000117
-0.000117
-0.000117
-0.000117
-0.000117
-0.000117
-0.000117
-0.000117
-0.000164
-0.000164
-0.000164
-0.000164
-0.000164
-0.000164
-0.000164
-0.000164
-0.000164
-0.000164
-0.000164
-0.000164
-0.000164
-0.000164
-0.000164
-0.000164
-0.000164
-0.000164
-0.000164
-0.000164
-0.000164
-0.000164
-0.000164
-0.000164
-0.000164
-0.000164
-0.000164
-0.000164
-0.000164
-0.000164
-0.000164
-0.000164
-0.000164
-0.000164
-0.000164
-0.000164
-0.000164
-0.000164
-0.000164
-0.000164
-0.000164
-0.000164
-0.000164
-0.000164
-0.000164
-0.000164
-0.000164
-0.000164
-0.000164
-0.000164
-0.000164
-0.000164
-0.000164
-0.000164
-0.000164
-0.000164
-0.000164
-0.000164
-0.000164
-0.000164
-0.000164
-0.000164
-0.000164
-0.000164
-0.000164
-0.000164
-0.000164
-0.000164
-0.000164
-0.000164
-0.000164
-0.000164
-0.415871
0.378497
0.326262
0.006511
0.344575
0.149172
0.611768
-0.358677
0.094107
-0.160134
-0.474421
0.179367
0.233282
0.072953
0.361381
-0.282665
-0.101262
-0.193206
-0.529360
0.219766
0.144421
0.239954
0.670882
0.174456
0.600150
-0.460008
-0.185211
-0.624847
-0.809977
-0.150449
-0.086411
-0.016438
0.387055
-0.119229
-0.077174
-0.314943
-0.607374
-0.010962
-0.090219
0.374678
0.876408
0.125947
0.441718
-0.804065
-0.517914
-0.884080
-0.898160
-0.385698
-0.332002
-0.214371
0.165782
-0.078106
-0.230245
-0.460479
-0.654663
-0.227795
-0.225426
0.489444
0.961404
0.082362
0.230694
-1.235499
-0.800994
-0.853643
-0.769049
-0.415180
-0.326066
-0.406622
0.028907
0.141959
-0.279018
-0.477067
-1.261878
-1.414458
-0.588170
-0.294076
-0.686434
-0.524747
-0.826025
-0.884991
-0.356101
-0.611298
-0.625826
-0.117477
-0.134381
-0.588310
-0.665824
-0.757410
0.006014
-0.626595
-1.221076
-1.119840
-0.406029
-0.092723
-0.716538
-0.792513
-1.225079
-1.235638
-0.280563
-0.548120
-0.360314
-0.034037
-0.075626
-0.651384
-0.746519
-1.011768
-0.202385
-0.700315
-1.147128
-0.629759
-0.288919
0.214430
-0.585251
-0.776220
-1.287174
-1.233680
-0.150797
-0.400749
-0.300265
-0.016922
0.015314
-0.602400
-0.535620
-0.923363
-0.139311
-0.591124
-0.975231
-0.032708
-0.143419
0.503314
-0.427619
-0.590653
-0.989077
-1.077289
-0.083422
-0.203242
-0.256124
-0.080328
-0.015104
-0.484574
-0.371170
-0.857178
-0.309111
-0.689931
-0.527353
1.134718
1.094322
0.319443
-0.291578
-0.673426
-0.479147
1.473046
1.887552
1.184699
0.455080
0.958685
0.204537
-0.433568
0.798662
0.765365
0.948994
-0.297825
-0.552201
0.758585
1.267231
0.571157
-0.074439
-0.513225
-0.990065
0.605696
0.750030
-0.097051
-0.520608
-0.303505
-0.588267
-0.877395
0.120231
-0.089987
0.493986
-1.157543
-0.680241
0.368537
1.324098
0.660292
-0.083029
-0.559904
-1.292327
-0.448477
-0.320011
-1.063545
-1.002418
-1.381213
-1.476312
-1.229284
-0.423380
-0.969050
-0.148806
-1.499137
-0.855245
-0.249868
0.613470
0.368075
-0.416529
-0.796603
-1.569848
-1.422675
-1.084311
-1.278341
-1.551673
-2.216260
-2.162233
-1.491647
-0.694902
-1.354981
-0.242768
-0.950556
-0.000001
-0.000001
-0.000001
-0.000001
-0.000001
-0.000001
-0.000001
-0.000001
-0.000001
-0.000001
-0.000001
-0.000001
-0.000001
-0.000001
-0.000001
-0.000001
-0.000001
-0.000001
-0.000001
-0.000001
-0.000001
-0.000001
-0.000001
-0.000001
-0.000001
-0.000001
-0.000001
-0.000001
-0.000001
-0.000001
-0.000001
-0.000001
-0.000001
-0.000001
-0.000001
-0.000001
-0.000001
-0.000001
-0.000001
-0.000001
-0.000001
-0.000001
-0.000001
-0.000001
-0.000001
-0.000001
-0.000001
-0.000001
-0.000001
-0.000001
-0.000001
-0.000001
-0.000001
-0.000001
-0.000001
-0.000001
-0.000001
-0.000001
-0.000001
-0.000001
-0.000001
-0.000001
-0.000001
-0.000001
-0.000001
-0.000001
-0.000001
-0.000001
-0.000001
-0.000001
-0.000001
-0.000001
-0.407963
-0.536216
-0.768232
0.030221
-0.576156
-2.382065
-2.310989
-0.835645
-0.939792
-0.658236
0.477355
0.448686
-0.526925
-0.588829
-0.435363
0.050353
-0.631708
-1.271126
-0.551326
-0.590498
-0.838954
-0.125816
-0.594959
-2.397722
-2.125471
-0.126953
-0.151664
-0.213317
0.650526
0.685074
-0.270479
-0.357935
-0.229682
0.192342
-0.462555
-1.093451
-0.664218
-0.677172
-0.827964
-0.327316
-0.692666
-2.182825
-1.804550
0.592787
0.591606
0.093158
0.857210
0.872055
-0.108963
-0.167734
-0.069998
0.244438
-0.233331
-0.788158
-0.692312
-0.579774
-0.553453
-0.450857
-0.600379
-1.665027
-1.260388
1.217080
1.102077
0.311039
1.146772
1.121692
0.229993
0.126170
-0.001374
0.216802
0.026174
-0.541238
-0.000014
-0.000014
-0.000014
-0.000014
-0.000014
-0.000014
-0.000014
-0.000014
-0.000014
-0.000014
-0.000014
-0.000014
-0.000014
-0.000014
-0.000014
-0.000014
-0.000014
-0.000014
-0.000014
-0.000014
-0.000014
-0.000014
-0.000014
-0.000014
-0.000014
-0.000014
-0.000014
-0.000014
-0.000014
-0.000014
-0.000014
-0.000014
-0.000014
-0.000014
-0.000014
-0.000014
-0.000014
-0.000014
-0.000014
-0.000014
-0.000014
-0.000014
-0.000014
-0.000014
-0.000014
-0.000014
-0.000014
-0.000014
-0.000014
-0.000014
-0.000014
-0.000014
-0.000014
-0.000014
-0.000014
-0.000014
-0.000014
-0.000014
-0.000014
-0.000014
-0.000014
-0.000014
-0.000014
-0.000014
-0.000014
-0.000014
-0.000014
-0.000014
-0.000014
-0.000014
-0.000014
-0.000014
-0.000111
-0.000111
-0.000111
-0.000111
-0.000111
-0.000111
-0.000111
-0.000111
-0.000111
-0.000111
-0.000111
-0.000111
-0.000111
-0.000111
-0.000111
-0.000111
-0.000111
-0.000111
-0.000111
-0.000111
-0.000111
-0.000111
-0.000111
-0.000111
-0.000111
-0.000111
-0.000111
-0.000111
-0.000111
-0.000111
-0.000111
-0.000111
-0.000111
-0.000111
-0.000111
-0.000111
-0.000111
-0.000111
-0.000111
-0.000111
-0.000111
-0.000111
-0.000111
-0.000111
-0.000111
-0.000111
-0.000111
-0.000111
-0.000111
-0.000111
-0.000111
-0.000111
-0.000111
-0.000111
-0.000111
-0.000111
-0.000111
-0.000111
-0.000111
-0.000111
-0.000111
-0.000111
-0.000111
-0.000111
-0.000111
-0.000111
-0.000111
-0.000111
-0.000111
-0.000111
-0.000111
-0.000111
-0.000196
-0.000196
-0.000196
-0.000196
-0.000196
-0.000196
-0.000196
-0.000196
-0.000196
-0.000196
-0.000196
-0.000196
-0.000196
-0.000196
-0.000196
-0.000196
-0.000196
-0.000196
-0.000196
-0.000196
-0.000196
-0.000196
-0.000196
-0.000196
-0.000196
-0.000196
-0.000196
-0.000196
-0.000196
-0.000196
-0.000196
-0.000196
-0.000196
-0.000196
-0.000196
-0.000196
-0.000196
-0.000196
-0.000196
-0.000196
-0.000196
-0.000196
-0.000196
-0.000196
-0.000196
-0.000196
-0.000196
-0.000196
-0.000196
-0.000196
-0.000196
-0.000196
-0.000196
-0.000196
-0.000196
-0.000196
-0.000196
-0.000196
-0.000196
-0.000196
-0.000196
-0.000196
-0.000196
-0.000196
-0.000196
-0.000196
-0.000196
-0.000196
-0.000196
-0.000196
-0.000196
-0.000196
1.212382
0.549066
-0.632181
0.140932
0.002990
-1.061430
-1.543009
-0.744597
-0.259161
-0.057321
-0.426217
-0.390546
-0.499539
-0.074620
-0.009897
-0.073981
0.106663
0.438981
1.064688
0.591851
-0.468322
0.327019
-0.156313
-0.881796
-1.254198
-0.490487
0.203407
-0.034784
-0.539375
-0.581912
-0.271492
0.281492
0.466322
0.163860
0.347989
0.726349
0.839342
0.467703
-0.312111
0.383000
-0.234377
-0.646924
-1.062213
-0.679502
0.331761
-0.288894
-0.602119
-0.790145
-0.059548
0.318276
0.464775
0.046310
0.227862
0.716678
0.565355
0.289472
-0.189572
0.356710
-0.081260
-0.536406
-0.945118
-1.059471
0.160128
-0.429022
-0.518776
-0.645295
0.393722
0.154231
0.359205
-0.125282
0.252501
0.945880
-0.082867
0.229431
0.463246
0.254875
0.181495
-0.339573
-0.440033
0.328371
0.402140
0.005728
0.267908
0.192288
0.343859
0.042081
-0.672980
-0.205419
-0.322653
-0.336027
-0.056011
0.165627
0.332452
0.273061
0.248134
-0.289660
-0.357204
0.262385
0.281799
-0.252498
0.000594
-0.091508
0.086968
-0.264080
-0.681845
-0.372371
-0.528783
-0.411180
-0.023281
0.065713
0.246887
0.181135
0.150606
-0.372313
-0.314412
0.093728
0.067934
-0.368212
-0.138917
-0.221180
-0.050059
-0.478529
-0.713094
-0.479046
-0.677646
-0.464541
-0.049748
-0.084396
0.090270
-0.023486
0.015878
-0.607861
-0.352879
-0.160533
-0.239903
-0.422070
-0.304272
-0.274464
-0.128572
-0.579028
-0.693631
-0.491202
-0.703850
-0.450602
-0.466371
0.404283
-0.619731
0.051159
0.402924
0.693664
-0.624457
-1.090237
-0.261971
-0.297770
0.161187
0.126687
-0.319362
-0.408329
-0.246197
-0.782100
-0.058485
-0.422123
-0.656328
-0.110944
-0.920602
0.205080
0.506542
-0.225550
-1.757907
-1.496705
-0.747806
-0.786264
-0.106513
-0.147009
-0.746891
-0.570432
-0.414178
-0.977078
-0.227884
-0.794801
-0.755722
-0.413764
-0.904090
0.148722
0.363284
-1.029862
-2.368334
-1.455677
-1.013055
-1.093161
-0.189248
-0.333451
-0.873371
-0.646344
-0.427795
-0.897060
-0.457037
-1.154659
-0.647053
-0.687786
-1.214148
-0.207178
0.133570
-1.832844
-2.792791
-1.369043
-1.389808
-1.325652
-0.368158
-0.532919
-1.037010
-0.707546
-0.335991
-0.731974
-0.524826
-1.219051
-0.437371
0.212228
0.100635
0.201765
-0.884448
-1.105051
-1.703406
-0.916984
-0.788509
-0.418742
-0.705774
-0.935848
-0.241163
-0.148826
-0.181492
-0.020012
-1.037553
-0.342033
-0.439015
0.445146
0.363871
0.253348
-1.123002
-0.799964
-1.057878
-0.327787
-0.298460
-0.256975
-0.655939
-0.796050
-0.037807
0.365359
0.585570
0.599268
-0.185171
0.444598
-0.339684
0.750468
0.377752
0.020978
-1.365052
-0.552643
-0.354035
0.033528
-0.198660
-0.209514
-0.628569
-0.733979
-0.002166
0.749268
1.106303
0.908426
0.472855
0.801843
-0.151487
0.806956
0.009002
-0.405722
-1.337813
-0.638588
-0.056644
-0.044747
-0.329483
-0.101626
-0.578369
-0.641745
0.004540
0.864514
1.284613
0.896607
0.808939
0.850894
0.000173
0.000173
0.000173
0.000173
0.000173
0.000173
0.000173
0.000173
0.000173
0.000173
0.000173
0.000173
0.000173
0.000173
0.000173
0.000173
0.000173
0.000173
0.000173
0.000173
0.000173
0.000173
0.000173
0.000173
0.000173
0.000173
0.000173
0.000173
0.000173
0.000173
0.000173
0.000173
0.000173
0.000173
0.000173
0.000173
0.000173
0.000173
0.000173
0.000173
0.000173
0.000173
0.000173
0.000173
0.000173
0.000173
0.000173
0.000173
0.000173
0.000173
0.000173
0.000173
0.000173
0.000173
0.000173
0.000173
0.000173
0.000173
0.000173
0.000173
0.000173
0.000173
0.000173
0.000173
0.000173
0.000173
0.000173
0.000173
0.000173
0.000173
0.000173
0.000173
1.486613
0.216025
0.418227
-0.476048
-0.610816
-0.903768
-0.223551
0.240729
0.018526
-0.480977
-0.386802
-0.145837
-0.208813
-0.761720
-0.190346
-0.015663
-0.434618
-0.299456
1.505946
0.140337
0.325666
-0.503625
-0.810725
-0.955903
-0.098927
0.062111
-0.204917
-0.496148
-0.415511
-0.429157
-0.358339
-0.805452
-0.279828
-0.056080
-0.358910
-0.165219
1.520507
0.092846
0.184906
-0.562765
-1.047893
-0.966302
-0.029791
-0.146555
-0.416800
-0.440373
-0.430633
-0.624797
-0.424494
-0.818390
-0.440363
-0.103885
-0.372822
-0.137061
1.427287
-0.016657
-0.026338
-0.704548
-1.245894
-1.079170
-0.149251
-0.445843
-0.523165
-0.375862
-0.535650
-0.774716
-0.501431
-0.850719
-0.579933
-0.159680
-0.416387
-0.210909
-0.883509
-1.262577
-1.252222
-0.551118
-0.864904
-1.730579
-2.176962
-1.430677
-2.059675
-1.280574
0.126496
-0.043287
-0.759818
-0.973309
-1.479153
-1.347912
-0.805559
-1.062034
-0.834332
-1.338470
-1.016316
-0.583630
-0.921421
-2.033520
-2.170160
-0.912328
-1.822132
-0.690259
1.127806
0.705475
-0.296443
-0.590292
-1.325240
-1.337254
-0.364296
-0.996496
-0.853708
-1.356561
-0.830639
-0.664969
-1.024169
-2.093543
-1.944702
-0.217465
-1.390545
-0.234434
1.560141
0.995140
-0.054600
-0.241236
-0.815376
-0.947178
0.176094
-0.767928
-0.980999
-1.365536
-0.579984
-0.659032
-1.075147
-1.997993
-1.595786
0.320915
-0.830241
0.014748
1.650830
1.101558
-0.087136
0.037187
-0.392998
-0.648421
0.175837
-0.935234
-0.000249
-0.000249
-0.000249
-0.000249
-0.000249
-0.000249
-0.000249
-0.000249
-0.000249
-0.000249
-0.000249
-0.000249
-0.000249
-0.000249
-0.000249
-0.000249
-0.000249
-0.000249
-0.000249
-0.000249
-0.000249
-0.000249
-0.000249
-0.000249
-0.000249
-0.000249
-0.000249
-0.000249
-0.000249
-0.000249
-0.000249
-0.000249
-0.000249
-0.000249
-0.000249
-0.000249
-0.000249
-0.000249
-0.000249
-0.000249
-0.000249
-0.000249
-0.000249
-0.000249
-0.000249
-0.000249
-0.000249
-0.000249
-0.000249
-0.000249
-0.000249
-0.000249
-0.000249
-0.000249
-0.000249
-0.000249
-0.000249
-0.000249
-0.000249
-0.000249
-0.000249
-0.000249
-0.000249
-0.000249
-0.000249
-0.000249
-0.000249
-0.000249
-0.000249
-0.000249
-0.000249
-0.000249
-0.914299
0.248570
-0.119899
0.371125
-0.244049
0.042269
-0.760703
-0.273915
0.833408
0.177125
0.528569
0.868349
0.323377
0.254503
0.179915
0.263209
0.353511
-0.171512
-0.827526
0.240537
-0.286789
0.352940
-0.212923
0.497275
-0.143747
0.330721
1.258331
0.228369
0.212503
0.608250
-0.005866
0.408788
0.774854
0.488838
0.382318
0.002975
-0.710485
0.169613
-0.491611
0.249764
-0.163764
0.498687
0.104773
0.439007
1.257693
0.121462
0.163344
0.473746
-0.064117
0.409444
0.908669
0.280385
0.212150
0.078823
-0.695359
0.080470
-0.460183
0.205394
-0.055462
0.336553
0.208806
0.528284
1.101761
0.149327
0.489208
0.590552
0.119697
0.435141
0.877307
0.186520
0.169915
0.296486
-0.020577
0.312438
-0.083244
0.455770
0.529711
0.677983
1.003687
1.153684
0.977668
0.094744
0.908522
1.130919
0.158981
0.416300
-0.409431
-0.354876
0.058836
-0.018760
-0.317572
0.190124
-0.297385
0.371069
0.280730
0.394275
0.790511
0.846698
0.995863
0.008923
0.652333
0.793427
0.046371
0.297744
-0.480763
-0.367742
-0.007198
-0.111943
-0.562230
0.072349
-0.385814
0.235992
0.041226
0.111347
0.573248
0.532751
0.981744
-0.028217
0.448316
0.413651
-0.031718
0.116348
-0.423878
-0.222777
-0.118217
-0.186037
-0.738267
-0.070983
-0.517564
0.044861
-0.053661
-0.183563
0.330592
0.290187
0.864102
0.003214
0.317377
0.095945
-0.016306
-0.009786
-0.361951
-0.120948
-0.158991
-0.263552
-0.985369
0.838295
-0.612590
0.525534
-0.059211
-0.245183
-0.291477
0.054470
0.093382
-0.553819
0.000294
0.964188
0.091400
0.009805
-0.133072
-0.448636
1.202370
-0.293664
-0.910657
0.687052
-0.558090
0.393696
-0.126408
-0.506174
-0.664066
-0.122430
-0.167638
-0.742109
-0.123766
0.877456
0.042581
0.001365
-0.166259
-0.602726
0.774944
-0.466264
-0.907252
0.527839
-0.482909
0.256749
-0.232692
-0.617331
-0.881331
-0.258452
-0.342058
-0.829869
-0.163954
0.721765
-0.105829
-0.009511
-0.102673
-0.644471
0.505880
-0.551969
-0.951184
0.474983
-0.507407
0.089668
-0.561642
-0.636104
-1.070781
-0.313759
-0.444819
-0.941716
-0.391597
0.402165
-0.371605
-0.081229
-0.057259
-0.548373
0.369785
-0.559631
-0.000087
-0.000087
-0.000087
-0.000087
-0.000087
-0.000087
-0.000087
-0.000087
-0.000087
-0.000087
-0.000087
-0.000087
-0.000087
-0.000087
-0.000087
-0.000087
-0.000087
-0.000087
-0.000087
-0.000087
-0.000087
-0.000087
-0.000087
-0.000087
-0.000087
-0.000087
-0.000087
-0.000087
-0.000087
-0.000087
-0.000087
-0.000087
-0.000087
-0.000087
-0.000087
-0.000087
-0.000087
-0.000087
-0.000087
-0.000087
-0.000087
-0.000087
-0.000087
-0.000087
-0.000087
-0.000087
-0.000087
-0.000087
-0.000087
-0.000087
-0.000087
-0.000087
-0.000087
-0.000087
-0.000087
-0.000087
-0.000087
-0.000087
-0.000087
-0.000087
-0.000087
-0.000087
-0.000087
-0.000087
-0.000087
-0.000087
-0.000087
-0.000087
-0.000087
-0.000087
-0.000087
-0.000087
-0.354556
0.357934
0.411083
0.149365
0.190497
1.045545
0.444537
-0.996151
-0.433299
-0.104142
-0.328092
0.220118
0.826765
0.285856
-0.149508
-0.591161
0.817099
1.061694
-0.435079
0.322701
0.275177
0.294600
0.513276
1.483222
0.704163
-0.932141
-0.453540
-0.089214
-0.340616
0.463453
0.930738
0.348866
-0.152587
-0.693522
0.900350
1.373092
-0.504376
0.386620
-0.119043
0.335329
0.859868
1.762167
0.872509
-0.820347
-0.324013
0.033934
-0.464076
0.577598
1.119858
0.297692
-0.171205
-0.812942
0.790064
1.390228
-0.532205
0.397962
-0.387295
0.484161
1.136604
1.946441
0.910133
-0.622679
-0.092306
0.334601
-0.318985
0.843407
1.440817
0.255235
-0.069934
-0.724131
0.641868
1.296246
-0.229018
0.516103
-1.581655
-0.781762
-0.920550
-1.905339
-1.596404
-1.747490
-1.083470
0.222721
-0.166681
-0.451358
-0.039684
-0.637395
0.055828
0.464966
-1.308727
-1.489988
-0.874569
-0.746980
-2.265538
-0.784889
-0.512680
-0.530261
0.121546
0.334419
0.153580
1.380910
0.082833
-0.465812
0.250740
0.332813
1.232402
1.481240
-0.339702
-0.812360
-1.401154
-1.839749
-2.454068
-1.054605
-0.731851
0.476419
1.515134
1.672053
1.019190
1.306783
0.092004
-0.908506
-0.144916
0.783791
1.656247
1.108489
-0.134478
-0.700492
-1.623198
-2.656418
-2.494767
-1.591586
-1.115970
0.142592
1.284173
1.409564
1.249813
0.915859
-0.168583
-1.457785
-0.851156
0.338561
1.278002
0.369285
-0.034148
-0.180754
0.315129
0.460012
-0.118674
-0.592917
-0.226290
-0.791538
-0.877858
-0.527314
-0.389057
0.091395
1.358726
0.904004
0.932743
0.283304
-0.063210
0.051157
0.059280
0.334700
0.111924
0.353378
-0.333995
-0.456775
-0.419786
-1.074792
-0.984770
-0.680836
-0.368440
0.100753
1.560798
0.968397
1.008711
0.262448
0.009798
0.113284
0.090212
0.312396
-0.133472
0.252171
-0.501736
-0.362974
-0.564593
-1.145709
-0.889583
-0.533851
-0.102856
0.191153
1.543657
0.921018
0.976344
0.249338
0.158887
0.370191
0.132830
0.314172
-0.309689
0.171519
-0.669099
-0.309563
-0.627563
-1.177346
-0.821072
-0.425642
0.054092
0.279337
1.337618
0.777282
0.793944
0.244867
0.271768
0.580235
0.085753
0.276843
-1.049877
-0.896577
-1.462363
-2.643233
-1.980687
-1.219642
-1.857177
-1.217324
-0.677997
-0.491140
-0.667037
0.010284
-0.972382
-1.180387
-1.468640
-2.127083
-0.494858
0.078847
-0.570373
0.423157
-0.276761
-2.177007
-1.523249
-1.052050
-1.929024
-1.139539
-0.405099
-0.506349
0.015016
1.029695
0.013423
-1.077302
-1.521028
-2.253151
-0.611656
-0.249095
-0.316064
0.897060
0.338178
-1.237169
-0.845010
-0.699387
-1.563324
-0.884216
-0.014968
-0.592873
0.272319
1.333543
0.468254
-1.045821
-1.197142
-1.808266
-0.534112
-0.774516
0.157935
1.707982
0.517937
-0.057892
0.121047
-0.104437
-1.073391
-0.604220
0.073970
-0.786104
0.325769
1.322920
0.557482
-0.830090
-0.908213
-1.346048
-0.413983
-1.018155
-0.000276
-0.000276
-0.000276
-0.000276
-0.000276
-0.000276
-0.000276
-0.000276
-0.000276
-0.000276
-0.000276
-0.000276
-0.000276
-0.000276
-0.000276
-0.000276
-0.000276
-0.000276
-0.000276
-0.000276
-0.000276
-0.000276
-0.000276
-0.000276
-0.000276
-0.000276
-0.000276
-0.000276
-0.000276
-0.000276
-0.000276
-0.000276
-0.000276
-0.000276
-0.000276
-0.000276
-0.000276
-0.000276
-0.000276
-0.000276
-0.000276
-0.000276
-0.000276
-0.000276
-0.000276
-0.000276
-0.000276
-0.000276
-0.000276
-0.000276
-0.000276
-0.000276
-0.000276
-0.000276
-0.000276
-0.000276
-0.000276
-0.000276
-0.000276
-0.000276
-0.000276
-0.000276
-0.000276
-0.000276
-0.000276
-0.000276
-0.000276
-0.000276
-0.000276
-0.000276
-0.000276
-0.000276
0.071599
-1.073164
-0.978638
-1.017530
-1.024050
-2.151440
-1.955275
-2.115104
-1.500644
-0.738062
0.174904
-0.314101
-0.882889
-0.476410
-0.602421
-0.627646
-0.920929
-1.385116
-0.016483
-0.627275
-0.419998
-0.710060
-0.509302
-1.794929
-1.291072
-1.306555
-0.809698
-0.883630
0.623052
-0.042967
-0.475040
0.161273
-0.308396
-0.379588
-0.234020
-0.732654
0.080562
0.168385
0.145234
-0.484041
-0.126122
-1.079461
-0.200868
-0.309470
-0.346288
-1.150504
0.862776
-0.281357
-0.531230
0.538082
-0.125085
-0.414776
0.038892
-0.457224
0.302803
0.662760
0.174496
-0.449779
0.293284
-0.455816
0.320990
-0.308618
-0.554417
-1.159727
0.770324
-0.571752
-0.626905
0.444556
-0.036744
-0.605088
0.154754
-0.078858
-0.360371
-0.424577
0.310122
-0.708981
-1.083349
-1.286144
-1.749862
-1.868336
-1.800942
-0.829969
-0.228117
-0.346789
-0.564413
-1.289292
-2.124864
-1.076776
-0.996216
-1.000651
-0.419746
-0.744875
0.397235
-0.398403
-0.802647
-1.211781
-1.693100
-1.511272
-1.640318
-0.536656
-0.318556
-0.691756
-1.143378
-1.451263
-1.702762
-0.652694
-0.871744
-1.407607
-0.490486
-0.991999
0.195529
-0.171949
-0.655327
-1.268246
-1.636417
-1.116907
-1.452569
-0.397988
-0.341661
-0.864616
-1.502976
-1.308081
-1.233777
-0.396958
-0.840403
-1.698367
-0.593160
-1.012332
0.088281
0.105882
-0.513769
-1.285392
-1.439146
-0.676234
-1.199783
-0.319467
-0.139836
-0.823317
-1.400559
-0.879683
-0.894096
-0.291888
-0.811200
-1.627627
-0.427021
1.067126
0.641608
0.696057
-0.627768
-1.137462
-0.206811
-1.070028
-0.504511
-0.687427
-0.714717
-0.667265
0.485229
-0.973801
-0.712981
-0.728867
-0.607683
-0.385452
-0.454363
0.671359
0.344090
0.867416
-0.540353
-0.937545
0.147334
-1.014153
-0.853058
-0.648424
-0.592445
-0.867986
0.488132
-0.716350
-0.394211
-0.374878
-0.465118
-0.224097
-0.416318
0.312498
-0.127845
0.663999
-0.491501
-0.594207
0.527525
-0.793606
-0.791351
-0.281087
-0.386566
-0.853628
0.360028
-0.183616
0.207589
0.207589
-0.077697
0.116027
-0.398539
0.022133
-0.548257
0.198259
-0.356685
-0.139610
0.688568
-0.651197
-0.484089
0.253642
-0.207304
-0.558287
0.189551
0.297647
0.845076
0.590293
0.120018
0.482353
-0.000000
-0.000000
-0.000000
-0.000000
-0.000000
-0.000000
-0.000000
-0.000000
-0.000000
-0.000000
-0.000000
-0.000000
-0.000000
-0.000000
-0.000000
-0.000000
-0.000000
-0.000000
-0.000000
-0.000000
-0.000000
-0.000000
-0.000000
-0.000000
-0.000000
-0.000000
-0.000000
-0.000000
-0.000000
-0.000000
-0.000000
-0.000000
-0.000000
-0.000000
-0.000000
-0.000000
-0.000000
-0.000000
-0.000000
-0.000000
-0.000000
-0.000000
-0.000000
-0.000000
-0.000000
-0.000000
-0.000000
-0.000000
-0.000000
-0.000000
-0.000000
-0.000000
-0.000000
-0.000000
-0.000000
-0.000000
-0.000000
-0.000000
-0.000000
-0.000000
-0.000000
-0.000000
-0.000000
-0.000000
-0.000000
-0.000000
-0.000000
-0.000000
-0.000000
-0.000000
-0.000000
-0.000000
-0.865456
0.525514
-0.387818
-1.442048
-1.877005
-1.517435
-0.705644
-0.776597
-1.159342
-0.867228
-0.996502
-0.779824
-0.499113
-0.410378
-0.973154
-1.071642
-1.010417
-0.350753
-1.168307
0.431016
-0.346369
-1.418972
-1.573316
-0.439685
0.488498
-0.072825
-0.396020
-0.461112
-0.985025
-0.515564
-0.039651
-0.062875
-0.310388
-0.305290
-0.123732
0.151364
-1.382301
0.507166
-0.594497
-1.310485
-1.165770
0.226381
1.371637
0.325189
-0.142276
-0.360358
-1.034355
-0.483400
0.154098
0.086198
-0.217220
0.033002
0.267855
0.369742
-1.351589
0.552900
-0.946876
-1.250368
-0.949979
0.331248
1.571025
0.380528
-0.055561
-0.202344
-1.123533
-0.517608
0.114619
-0.128829
-0.387449
0.295463
0.411388
0.362870
-0.000405
-0.000405
-0.000405
-0.000405
-0.000405
-0.000405
-0.000405
-0.000405
-0.000405
-0.000405
-0.000405
-0.000405
-0.000405
-0.000405
-0.000405
-0.000405
-0.000405
-0.000405
-0.000405
-0.000405
-0.000405
-0.000405
-0.000405
-0.000405
-0.000405
-0.000405
-0.000405
-0.000405
-0.000405
-0.000405
-0.000405
-0.000405
-0.000405
-0.000405
-0.000405
-0.000405
-0.000405
-0.000405
-0.000405
-0.000405
-0.000405
-0.000405
-0.000405
-0.000405
-0.000405
-0.000405
-0.000405
-0.000405
-0.000405
-0.000405
-0.000405
-0.000405
-0.000405
-0.000405
-0.000405
-0.000405
-0.000405
-0.000405
-0.000405
-0.000405
-0.000405
-0.000405
-0.000405
-0.000405
-0.000405
-0.000405
-0.000405
-0.000405
-0.000405
-0.000405
-0.000405
-0.000405
-2.245639
6.054460
-3.193056
-1.622588
-2.033912
-1.637074
-2.375697
1.400242
2.606442
-0.428297
1.633786
0.472464
-1.005803
-1.432634
-0.810428
-1.468892
0.230878
-2.297805
-2.114560
6.186872
-3.506448
-1.641073
-2.217468
-2.114781
-2.784043
1.152968
2.295405
-0.836110
0.979810
-0.354404
-1.685684
-1.616590
-1.245612
-1.770642
-0.043634
-2.873444
-2.031202
6.565759
-3.788735
-1.772242
-2.830921
-2.864913
-3.370036
0.971278
1.760023
-1.196468
0.341296
-1.006692
-2.355790
-1.824984
-1.600327
-2.122158
-0.350094
-3.172973
-2.091276
7.078304
-3.766296
-1.529144
-2.889307
-3.290678
-3.934256
0.502679
0.915203
-1.343367
0.299795
-1.240592
-2.647409
-1.806767
-2.003608
-2.574227
-0.385507
-3.104545
-1.616526
0.088565
0.424316
0.931807
0.324851
1.312465
0.853685
0.285632
0.829508
0.242766
-0.353607
-0.277229
0.777110
0.648632
0.459017
0.342746
-0.107035
0.347978
-1.745302
-0.410880
0.257511
1.111375
0.450119
1.420193
1.066151
0.213535
0.637990
-0.221264
-0.921977
-0.869044
0.395838
0.568945
0.678299
0.476456
-0.192647
0.095065
-1.626416
-0.660404
-0.103409
1.043420
0.479449
1.073543
1.267895
0.069124
0.333373
-0.374475
-1.050356
-1.232421
-0.077883
0.389516
0.911315
0.552556
-0.107313
0.206659
-1.418310
-0.803705
-0.582600
0.612187
0.209829
0.506956
1.194133
-0.123682
-0.017856
-0.139398
-0.976317
-1.490982
-0.516488
0.152180
0.864367
0.537772
0.014526
0.489754
-0.124326
0.320357
-0.680693
0.107816
-0.491525
-0.781063
-0.788687
0.059921
0.582346
-0.232207
0.466647
-0.028650
-0.483772
-0.554732
-0.439163
-0.385975
-0.107670
-0.759714
-0.122416
0.381557
-0.765039
-0.018582
-0.523590
-0.735953
-0.796877
0.238487
0.567471
-0.127482
0.335232
-0.167527
-0.525662
-0.545506
-0.486411
-0.335507
-0.127774
-0.787910
-0.112364
0.388500
-0.869764
-0.177918
-0.622132
-0.733881
-0.846164
0.503017
0.477880
-0.097781
0.219047
-0.223240
-0.572051
-0.440183
-0.481101
-0.286835
-0.118386
-0.624074
-0.046940
0.413071
-0.937745
-0.315970
-0.786243
-0.735451
-0.884849
0.794336
0.455899
-0.128275
0.154286
-0.276994
-0.588529
-0.284132
-0.464802
-0.278208
-0.029961
-0.451626
-1.096674
-1.364406
-1.669770
-1.601890
-2.224924
-3.147462
-3.780277
-2.677222
-2.371146
-1.036081
-1.803361
-1.598781
-1.891385
-0.290985
-0.566327
-0.534946
-1.168571
-1.175242
-1.243349
-1.218898
-1.235155
-1.684376
-2.241506
-3.166925
-3.839931
-1.593373
-0.678382
-0.082745
-1.105904
-0.997412
-1.265792
0.099651
0.065678
-0.141460
-0.641883
-1.149851
-1.452625
-1.413082
-0.667921
-1.555125
-2.377040
-3.214208
-3.500335
-0.535464
0.744675
0.197649
-0.379462
-0.530671
-0.826351
0.266242
0.388304
-0.027334
-0.390376
-1.688165
-1.286227
-1.017880
0.208142
-0.985527
-1.598425
-2.787916
-2.375356
0.193245
1.515712
0.034944
0.595539
-0.037794
-0.201762
0.461495
0.318610
-0.174299
-0.469268
-2.179487
-0.431175
0.146288
-0.326850
0.788721
-0.676052
0.333706
-0.054470
0.113983
0.468189
0.209278
0.689031
0.144493
0.185540
0.090762
0.006494
-0.280086
0.586982
0.150460
-0.370396
0.107276
-0.336638
0.756953
-0.701381
0.341736
-0.172431
0.352032
0.587722
0.338054
0.753567
0.172237
0.094001
0.167538
0.130755
-0.247689
0.667568
0.210231
-0.285230
0.218650
-0.284055
0.718551
-0.684618
0.379554
-0.269512
0.621748
0.704924
0.348979
0.720781
0.239030
0.019890
0.351440
0.256838
-0.230075
0.747517
0.270086
-0.218918
0.270854
-0.238429
0.616789
-0.745999
0.408343
-0.383033
0.890492
0.767406
0.267579
0.638270
0.248327
-0.122892
0.449233
0.368212
-0.276043
0.725101
0.298357
-0.914683
-0.075568
-0.302740
0.450752
0.571597
1.166960
1.535256
-0.626568
-0.679859
0.384813
0.151562
-0.500918
0.052228
-0.107283
-0.253425
-0.008673
1.000264
0.987849
-1.292631
-0.392423
-0.794518
0.254062
0.323530
1.005344
1.003452
-1.142939
-1.245589
0.130900
-0.121249
-0.942381
-0.362621
-0.025678
-0.243646
-0.367340
0.914917
0.885902
-1.540889
-0.638131
-1.206646
0.000978
0.198518
0.814563
0.345786
-1.862889
-1.663520
-0.018387
-0.361686
-1.234217
-0.348251
0.004506
-0.331480
-0.874805
0.597297
0.620021
-1.561785
-0.692464
-1.505964
-0.197434
0.173881
0.636622
-0.134237
-2.234629
-1.859743
-0.150690
-0.669017
-1.383121
-0.158874
-0.050931
-0.344808
-1.201332
0.019450
0.380732
-0.000460
-0.000460
-0.000460
-0.000460
-0.000460
-0.000460
-0.000460
-0.000460
-0.000460
-0.000460
-0.000460
-0.000460
-0.000460
-0.000460
-0.000460
-0.000460
-0.000460
-0.000460
-0.000460
-0.000460
-0.000460
-0.000460
-0.000460
-0.000460
-0.000460
-0.000460
-0.000460
-0.000460
-0.000460
-0.000460
-0.000460
-0.000460
-0.000460
-0.000460
-0.000460
-0.000460
-0.000460
-0.000460
-0.000460
-0.000460
-0.000460
-0.000460
-0.000460
-0.000460
-0.000460
-0.000460
-0.000460
-0.000460
-0.000460
-0.000460
-0.000460
-0.000460
-0.000460
-0.000460
-0.000460
-0.000460
-0.000460
-0.000460
-0.000460
-0.000460
-0.000460
-0.000460
-0.000460
-0.000460
-0.000460
-0.000460
-0.000460
-0.000460
-0.000460
-0.000460
-0.000460
-0.000460
0.480661
1.148371
-1.266274
-1.683694
-2.260979
-2.266798
-2.013110
-2.468585
-2.497976
-1.626101
-0.947391
-0.893154
-1.022864
-1.431450
-1.751055
-1.686964
-1.513039
-1.463601
0.998697
2.027253
-1.073407
-1.394966
-1.546805
-2.436730
-2.277969
-1.487089
-1.662288
-0.703387
-0.317354
-0.208242
-0.683127
-1.072642
-1.153043
-0.912648
-1.126540
-1.254552
0.832291
1.706247
-0.769601
-0.967225
-1.164977
-2.411672
-2.108546
-0.043322
-0.434196
0.038523
0.039499
0.118668
-0.418736
-0.282782
-0.267024
0.219285
-0.392785
-0.946074
0.409902
0.735878
-0.561868
-1.040236
-1.605756
-2.333268
-1.503483
1.287086
0.592194
-0.010406
-0.194142
-0.348699
-0.710182
0.137781
0.020896
0.627318
-0.236487
-1.003540
1.336460
0.082758
-0.778517
-0.437176
0.043543
0.887630
1.094045
0.943554
-0.370014
-0.563276
-0.326611
-0.378547
-0.592722
-0.068738
0.084103
-0.055522
-0.040653
0.192257
1.154344
-0.087828
-0.777621
-0.424130
0.074859
1.013884
1.325949
0.807824
-0.716426
-0.562348
-0.472017
-0.406725
-0.655153
-0.242322
-0.283238
-0.020481
0.038875
-0.029879
0.996928
-0.200634
-0.567341
-0.331526
0.163985
1.036652
1.257041
0.331372
-1.052743
-0.678787
-0.602970
-0.456127
-0.677613
-0.351327
-0.662109
-0.191669
-0.117629
-0.521634
0.829170
-0.251288
-0.354743
-0.159086
0.377032
1.050054
0.811256
-0.099065
-1.186989
-0.754497
-0.674939
-0.337802
-0.560509
-0.366877
-0.815614
-0.298525
-0.149208
-0.792367
0.040907
0.407368
-0.314105
-0.507902
-0.991884
-1.469378
0.280401
1.034388
0.602830
0.912008
0.581968
0.154657
0.044202
0.397447
0.106038
0.992020
-0.184759
-0.170795
-0.084328
-0.184386
-0.647066
-0.563520
-0.975712
-1.408663
0.749264
1.198796
0.583735
0.783240
0.563927
0.160739
0.168859
0.815619
0.302961
0.769174
-0.493326
-0.104781
-0.013284
-0.292462
-0.678833
-0.550711
-0.992122
-1.314619
1.107300
1.141241
0.445013
0.533961
0.418410
0.032583
0.087317
0.764927
0.269495
0.430607
-0.731495
-0.372713
-0.110047
-0.693612
-0.859278
-0.746682
-1.285910
-1.679517
0.837533
0.490778
-0.013420
0.164272
-0.156050
-0.306834
-0.382056
0.173649
-0.046852
0.200286
-0.796355
-0.443552
-0.070662
-1.524972
-0.921236
-1.788745
-1.647168
-2.091694
-1.495138
-1.530151
-0.811432
0.488657
0.559922
1.168710
1.182785
0.152411
-0.665946
-0.817881
0.098780
0.061447
0.392482
-0.703946
-0.400870
-1.207345
-0.738196
-1.287348
-1.190506
-0.450912
0.654317
1.350860
1.805045
2.351940
1.715574
0.826491
0.029389
-0.296340
0.401951
0.568088
0.917837
0.474773
0.252462
-0.590011
-0.329129
-0.484558
-0.530946
0.879138
1.685200
1.357183
2.246393
2.565736
1.576507
1.130361
0.598462
0.070089
0.642530
0.783726
1.198576
0.938234
0.619336
-0.437853
-0.650473
-0.354483
-0.391466
1.448783
1.751890
0.669378
2.027546
1.890385
0.843648
0.784457
0.830145
0.192953
0.565260
0.953421
-0.095689
0.987304
-0.706799
0.194623
0.139522
0.634710
0.288455
-0.617944
-0.810759
-0.502171
0.760958
0.463093
0.375675
0.081202
-0.660787
-0.311114
0.135015
0.119166
-0.538698
0.278722
-1.544279
0.083976
-0.097250
0.374759
0.354502
-0.354551
-1.027249
-0.864795
0.498877
0.152177
-0.117804
0.145193
-0.273324
-0.000223
0.074417
0.324091
-0.942852
-0.260174
-1.902272
-0.136377
-0.636121
-0.121122
0.102004
-0.262824
-0.930123
-0.880570
0.435654
0.070108
-0.429834
0.101410
-0.071594
0.114263
-0.069959
0.214831
-1.149907
-0.665665
-2.161876
-0.574978
-1.104489
-0.801349
-0.523567
-0.438081
-0.836143
-0.752489
0.185410
0.035066
-0.627900
-0.030683
-0.001288
0.132415
-0.171369
0.141058
0.720481
0.054587
-0.141731
-1.188007
-1.099566
-2.099241
-2.316005
-1.290781
-0.328823
-0.058019
0.118374
0.120277
0.102398
0.140117
0.660443
0.055510
0.106551
-0.405672
0.812700
0.630193
0.257770
-1.259608
-0.935197
-1.248218
-1.301710
-0.603318
0.612401
0.171491
0.422888
0.418533
0.568051
0.668373
0.926056
0.058971
0.628319
0.337532
0.865730
0.956421
0.175960
-1.310361
-0.463893
-0.222791
-0.329371
-0.273947
1.089703
0.278445
0.667479
0.482493
0.642910
0.655685
0.697440
-0.249753
0.724575
0.780691
0.812786
0.902554
-0.136454
-1.039614
0.287097
0.719125
0.255809
-0.169299
1.110754
0.526786
0.744415
0.676764
0.707216
0.395262
0.305667
-0.503803
0.854542
1.226850
-1.412902
-0.407757
-0.561692
0.022786
0.103341
0.011702
-0.362114
0.187633
-0.135316
-0.292016
0.262391
-0.027588
-0.812593
0.028183
0.108848
-0.041742
-0.321656
-0.218237
-1.379235
-0.342696
-0.560071
-0.066965
0.092007
-0.070725
-0.591270
0.049661
-0.112255
-0.199672
0.257934
0.129801
-0.756641
-0.063573
0.028050
-0.105018
-0.373104
-0.402227
-1.346164
-0.248112
-0.497516
-0.088686
0.016089
-0.139131
-0.779678
-0.057714
-0.070255
-0.199030
0.140650
0.181014
-0.766503
-0.180622
-0.020554
-0.189247
-0.309429
-0.384070
-1.300035
-0.152478
-0.390164
-0.177325
-0.083994
-0.154154
-0.791475
-0.036447
0.026358
-0.218440
0.005507
0.110932
-0.789281
-0.316596
-0.019724
-0.321743
-0.340518
-0.383060
-0.415952
-0.434706
0.207937
0.886938
0.106642
-0.349076
-0.564795
-0.185044
-0.054479
0.059906
0.830637
0.820003
0.697221
0.791307
1.027583
0.632167
1.342498
0.485245
-0.404189
-0.557072
0.226354
0.944190
-0.091888
-0.362047
-0.596006
-0.073550
0.043568
-0.041666
0.726550
0.863749
0.691399
0.943101
0.807507
0.670566
1.567742
0.530595
-0.396287
-0.785029
0.086977
0.795783
-0.306023
-0.326381
-0.420606
-0.048875
0.290992
0.050737
0.681418
0.917337
0.610759
0.856263
0.593985
0.691735
1.615291
0.575410
-0.302320
-0.851252
-0.054440
0.691023
-0.406803
-0.188113
-0.107176
-0.075154
0.513900
0.325391
0.809784
1.045604
0.568023
0.795268
0.550715
0.880562
1.528116
0.765820
-0.000196
-0.000196
-0.000196
-0.000196
-0.000196
-0.000196
-0.000196
-0.000196
-0.000196
-0.000196
-0.000196
-0.000196
-0.000196
-0.000196
-0.000196
-0.000196
-0.000196
-0.000196
-0.000196
-0.000196
-0.000196
-0.000196
-0.000196
-0.000196
-0.000196
-0.000196
-0.000196
-0.000196
-0.000196
-0.000196
-0.000196
-0.000196
-0.000196
-0.000196
-0.000196
-0.000196
-0.000196
-0.000196
-0.000196
-0.000196
-0.000196
-0.000196
-0.000196
-0.000196
-0.000196
-0.000196
-0.000196
-0.000196
-0.000196
-0.000196
-0.000196
-0.000196
-0.000196
-0.000196
-0.000196
-0.000196
-0.000196
-0.000196
-0.000196
-0.000196
-0.000196
-0.000196
-0.000196
-0.000196
-0.000196
-0.000196
-0.000196
-0.000196
-0.000196
-0.000196
-0.000196
-0.000196
0.813178
1.631078
-0.012429
-1.571503
-2.000505
-1.862876
-0.594554
-0.624383
-0.942686
-0.590204
-0.666103
-0.966881
-0.849221
-0.767647
-1.151159
-0.886673
-1.035530
-1.381548
0.728164
1.424428
0.306454
-1.391492
-1.377613
-1.235924
-0.031859
-0.572555
-1.376577
-0.660800
-0.510991
-0.775808
-0.454854
-0.430577
-1.364065
-1.158078
-0.656160
-0.732970
0.408246
0.487832
0.176780
-1.484749
-1.199963
-0.745233
0.384134
-0.410649
-1.541218
-0.685989
-0.562737
-0.881495
-0.461607
-0.497402
-1.681374
-1.308053
-0.612535
-0.571561
0.027592
-0.423451
-0.096448
-1.732042
-1.366095
-0.676087
0.394118
-0.578231
-1.630374
-0.709480
-0.831697
-1.122573
-0.715694
-0.906643
-1.908490
-1.115571
-0.781111
-0.628858
-0.000134
-0.000134
-0.000134
-0.000134
-0.000134
-0.000134
-0.000134
-0.000134
-0.000134
-0.000134
-0.000134
-0.000134
-0.000134
-0.000134
-0.000134
-0.000134
-0.000134
-0.000134
-0.000134
-0.000134
-0.000134
-0.000134
-0.000134
-0.000134
-0.000134
-0.000134
-0.000134
-0.000134
-0.000134
-0.000134
-0.000134
-0.000134
-0.000134
-0.000134
-0.000134
-0.000134
-0.000134
-0.000134
-0.000134
-0.000134
-0.000134
-0.000134
-0.000134
-0.000134
-0.000134
-0.000134
-0.000134
-0.000134
-0.000134
-0.000134
-0.000134
-0.000134
-0.000134
-0.000134
-0.000134
-0.000134
-0.000134
-0.000134
-0.000134
-0.000134
-0.000134
-0.000134
-0.000134
-0.000134
-0.000134
-0.000134
-0.000134
-0.000134
-0.000134
-0.000134
-0.000134
-0.000134
-0.000386
-0.000386
-0.000386
-0.000386
-0.000386
-0.000386
-0.000386
-0.000386
-0.000386
-0.000386
-0.000386
-0.000386
-0.000386
-0.000386
-0.000386
-0.000386
-0.000386
-0.000386
-0.000386
-0.000386
-0.000386
-0.000386
-0.000386
-0.000386
-0.000386
-0.000386
-0.000386
-0.000386
-0.000386
-0.000386
-0.000386
-0.000386
-0.000386
-0.000386
-0.000386
-0.000386
-0.000386
-0.000386
-0.000386
-0.000386
-0.000386
-0.000386
-0.000386
-0.000386
-0.000386
-0.000386
-0.000386
-0.000386
-0.000386
-0.000386
-0.000386
-0.000386
-0.000386
-0.000386
-0.000386
-0.000386
-0.000386
-0.000386
-0.000386
-0.000386
-0.000386
-0.000386
-0.000386
-0.000386
-0.000386
-0.000386
-0.000386
-0.000386
-0.000386
-0.000386
-0.000386
-0.000386
-0.000004
-0.000004
-0.000004
-0.000004
-0.000004
-0.000004
-0.000004
-0.000004
-0.000004
-0.000004
-0.000004
-0.000004
-0.000004
-0.000004
-0.000004
-0.000004
-0.000004
-0.000004
-0.000004
-0.000004
-0.000004
-0.000004
-0.000004
-0.000004
-0.000004
-0.000004
-0.000004
-0.000004
-0.000004
-0.000004
-0.000004
-0.000004
-0.000004
-0.000004
-0.000004
-0.000004
-0.000004
-0.000004
-0.000004
-0.000004
-0.000004
-0.000004
-0.000004
-0.000004
-0.000004
-0.000004
-0.000004
-0.000004
-0.000004
-0.000004
-0.000004
-0.000004
-0.000004
-0.000004
-0.000004
-0.000004
-0.000004
-0.000004
-0.000004
-0.000004
-0.000004
-0.000004
-0.000004
-0.000004
-0.000004
-0.000004
-0.000004
-0.000004
-0.000004
-0.000004
-0.000004
-0.000004
0.093681
1.784981
-0.047942
0.402543
0.389800
0.099629
-0.020140
0.137256
0.334894
0.005835
0.253693
0.078152
0.013496
-0.072223
0.102565
0.405084
0.382252
-0.070868
0.089728
1.746977
-0.178346
0.316298
0.298096
-0.108287
-0.222560
-0.058143
0.306246
0.113313
0.413931
0.084740
0.015134
-0.042125
0.102170
0.369189
0.330019
-0.115026
0.097464
1.737208
-0.277654
0.195211
0.172868
-0.229958
-0.308825
0.002993
0.405273
0.209328
0.470399
0.114988
-0.000772
-0.016602
0.163363
0.348221
0.345021
-0.123082
0.018352
1.678764
-0.340748
0.067178
0.071018
-0.291132
-0.299677
0.118056
0.481900
0.208349
0.560372
0.165094
-0.011971
0.007868
0.115063
0.235943
0.258568
-0.085851
-0.289694
-0.006445
0.040094
0.151601
0.032996
-0.365221
-0.487544
-0.076937
-0.124013
0.133151
1.141363
0.832985
-0.050748
0.301699
-0.226743
0.450631
-0.051773
-0.169247
-0.348950
0.032577
0.015455
0.071879
0.021959
-0.493989
-0.598223
-0.398474
-0.320511
0.073464
1.051115
0.800956
0.051249
0.176182
-0.495434
0.423847
-0.076634
-0.278435
-0.454850
0.036633
-0.055106
0.011492
-0.099280
-0.512976
-0.508803
-0.418870
-0.270276
0.138477
0.917417
0.663353
0.030444
0.023847
-0.577488
0.511892
-0.087101
-0.344602
-0.578759
-0.024896
-0.219738
-0.081156
-0.195087
-0.586416
-0.381457
-0.457275
-0.231860
0.212442
0.760629
0.442274
-0.070771
-0.127102
-0.603118
0.446179
-0.149410
-0.428066
-0.244301
0.919750
0.315358
0.192635
0.755924
2.182947
1.842149
1.459201
1.224088
1.208163
2.606216
2.263716
1.008923
1.148781
0.694219
0.070403
2.205184
1.520219
-0.097053
0.792384
-0.017723
0.462213
0.818479
2.166500
1.117225
0.975798
0.636569
0.583955
1.916214
1.553540
0.509236
0.766617
0.085314
-0.217160
1.585193
0.654292
-0.051502
0.517018
-0.356789
0.557893
0.489289
1.387359
0.286615
0.360386
0.291094
0.144239
1.439646
0.997674
0.061378
0.152251
-0.389162
-0.504723
0.616164
-0.487719
-0.216768
-0.154671
-0.926683
0.357279
-0.503906
0.030182
-0.782051
0.144370
0.179065
-0.171053
0.817988
0.291421
-0.351295
-0.240344
-0.480754
-0.458126
0.184329
-0.979101
-0.461388
-0.706279
-0.826544
-1.673028
-1.287933
0.147793
0.691067
0.450004
0.918449
0.074862
-0.258106
-0.459191
-0.753047
0.287398
-0.351142
-1.070037
-1.635547
0.196692
-0.146029
0.068771
-0.197291
-1.120833
-1.046936
0.032854
0.217862
0.118667
0.894183
0.285268
-0.079722
-0.504428
-0.583052
0.067406
-0.583817
-1.008090
-1.449241
0.207610
-0.066640
0.495907
0.519241
-0.386426
-0.790528
-0.153119
-0.005326
0.210572
0.785235
0.297584
-0.417084
-0.850411
-0.501865
-0.183643
-0.461422
-0.523535
-0.896047
-0.065042
-0.139272
0.192930
1.083918
0.253179
-0.291792
-0.206911
0.043606
-0.174223
-0.018108
0.047367
-0.536417
-1.303611
-0.627523
-0.565809
-0.623095
-0.614508
-0.763532
-0.405433
0.000647
0.000647
0.000647
0.000647
0.000647
0.000647
0.000647
0.000647
0.000647
0.000647
0.000647
0.000647
0.000647
0.000647
0.000647
0.000647
0.000647
0.000647
0.000647
0.000647
0.000647
0.000647
0.000647
0.000647
0.000647
0.000647
0.000647
0.000647
0.000647
0.000647
0.000647
0.000647
0.000647
0.000647
0.000647
0.000647
0.000647
0.000647
0.000647
0.000647
0.000647
0.000647
0.000647
0.000647
0.000647
0.000647
0.000647
0.000647
0.000647
0.000647
0.000647
0.000647
0.000647
0.000647
0.000647
0.000647
0.000647
0.000647
0.000647
0.000647
0.000647
0.000647
0.000647
0.000647
0.000647
0.000647
0.000647
0.000647
0.000647
0.000647
0.000647
0.000647
-0.000019
-0.000019
-0.000019
-0.000019
-0.000019
-0.000019
-0.000019
-0.000019
-0.000019
-0.000019
-0.000019
-0.000019
-0.000019
-0.000019
-0.000019
-0.000019
-0.000019
-0.000019
-0.000019
-0.000019
-0.000019
-0.000019
-0.000019
-0.000019
-0.000019
-0.000019
-0.000019
-0.000019
-0.000019
-0.000019
-0.000019
-0.000019
-0.000019
-0.000019
-0.000019
-0.000019
-0.000019
-0.000019
-0.000019
-0.000019
-0.000019
-0.000019
-0.000019
-0.000019
-0.000019
-0.000019
-0.000019
-0.000019
-0.000019
-0.000019
-0.000019
-0.000019
-0.000019
-0.000019
-0.000019
-0.000019
-0.000019
-0.000019
-0.000019
-0.000019
-0.000019
-0.000019
-0.000019
-0.000019
-0.000019
-0.000019
-0.000019
-0.000019
-0.000019
-0.000019
-0.000019
-0.000019
-1.557961
-0.796204
-0.836500
0.622197
-0.897131
-0.961841
0.368403
0.010409
-0.394212
-0.480169
-1.352028
-2.455145
-1.623367
-0.299938
0.209742
0.342594
-1.060138
-1.126940
-1.450863
-1.264890
-1.362759
-0.164027
-1.542936
-1.596969
-0.248213
-1.159456
-1.672302
-1.397046
-1.676862
-2.142330
-1.826349
-1.170992
-1.060675
-0.920418
-0.880069
-0.100927
-1.198572
-1.277500
-1.453116
-1.206674
-2.023106
-1.807194
-1.351760
-1.901092
-2.622070
-1.787609
-1.471735
-1.358520
-1.368232
-1.977605
-2.674170
-2.019403
-1.012331
-0.120136
-0.967582
-1.206351
-1.895243
-2.054977
-2.115019
-2.070216
-2.409430
-2.663385
-3.390426
-2.013125
-1.426610
-0.432361
-1.083586
-2.555375
-3.478691
-2.415601
-1.140784
-0.458385
