-0.384314
-0.211765
-0.235294
-0.313726
-0.313726
-0.376471
-0.439216
-0.431373
-0.486275
-0.517647
-0.564706
-0.580392
-0.627451
-0.580392
-0.596078
-0.580392
-0.627451
-0.737255
-0.752941
-0.674510
-0.690196
-0.737255
-0.690196
-0.564706
-0.533333
-0.643137
-0.674510
-0.768628
-0.901961
-0.894118
-0.878431
-0.862745
-0.894118
-0.807843
-0.854902
-0.847059
-0.870588
-0.878431
-0.862745
-0.776471
-0.823529
-0.815686
-0.776471
-0.792157
-0.823529
-0.878431
-0.807843
-0.839216
-0.823529
-0.784314
-0.784314
-0.862745
-0.909804
-0.886275
-0.925490
-0.862745
-0.854902
-0.839216
-0.854902
-0.823529
-0.784314
-0.760784
-0.807843
-0.792157
-0.784314
-0.800000
-0.776471
-0.721569
-0.800000
-0.674510
-0.643137
-0.721569
-0.831373
-0.823529
-0.870588
-0.878431
-0.878431
-0.886275
-0.886275
-0.870588
-0.870588
-0.862745
-0.878431
-0.854902
-0.854902
-0.847059
-0.917647
-0.847059
-0.933333
-0.909804
-0.831373
-0.823529
-0.839216
-0.839216
0.054902
0.360784
0.329412
0.188235
0.227451
0.329412
0.345098
0.329412
0.329412
0.360784
0.384314
0.423529
0.329412
0.400000
0.462745
0.486275
0.501961
0.494118
0.454902
0.454902
0.454902
0.533333
0.407843
0.447059
0.564706
0.611765
0.470588
0.298039
0.211765
0.094118
0.031373
-0.023529
-0.015686
0.047059
0.109804
0.094118
0.078431
0.047059
0.094118
0.141176
0.141176
0.188235
0.188235
0.156863
0.141176
0.078431
0.156863
0.172549
0.141176
0.101961
0.101961
0.125490
0.023529
0.054902
0.054902
0.000000
0.023529
0.078431
0.047059
0.031373
0.015686
0.015686
0.047059
0.031373
0.078431
0.054902
-0.047059
-0.235294
-0.282353
-0.125490
0.015686
-0.047059
-0.117647
-0.250980
-0.243137
-0.282353
-0.298039
-0.282353
-0.360784
-0.329412
-0.345098
-0.345098
-0.454902
-0.470588
-0.407843
-0.376471
-0.462745
-0.407843
-0.345098
-0.384314
-0.392157
-0.549020
-0.854902
-0.776471
0.298039
-0.141176
-0.549020
-0.580392
-0.564706
-0.611765
-0.580392
-0.596078
-0.627451
-0.611765
-0.564706
-0.611765
-0.564706
-0.564706
-0.439216
-0.431373
-0.415686
-0.345098
-0.250980
-0.376471
-0.462745
0.298039
0.705882
0.533333
-0.172549
-0.384314
-0.360784
-0.486275
-0.533333
-0.596078
-0.454902
-0.423529
-0.392157
-0.329412
-0.235294
-0.298039
-0.266667
-0.227451
-0.227451
-0.188235
-0.188235
-0.109804
-0.125490
-0.094118
-0.094118
-0.094118
-0.141176
-0.101961
-0.078431
-0.054902
-0.109804
-0.101961
-0.109804
-0.188235
-0.141176
-0.141176
-0.117647
-0.156863
-0.141176
-0.156863
-0.101961
-0.078431
-0.141176
-0.156863
-0.078431
-0.054902
0.203922
0.643137
0.564706
0.141176
-0.109804
0.015686
0.000000
0.054902
0.000000
0.031373
-0.047059
-0.023529
0.054902
-0.015686
0.078431
0.094118
0.141176
0.172549
0.141176
0.172549
0.250980
0.235294
0.313726
0.376471
0.384314
0.462745
-0.235294
-0.784314
0.172549
-0.211765
-0.501961
-0.611765
-0.721569
-0.580392
-0.611765
-0.627451
-0.549020
-0.690196
-0.721569
-0.674510
-0.690196
-0.627451
-0.611765
-0.627451
-0.501961
-0.447059
-0.462745
-0.462745
-0.470588
-0.078431
0.188235
0.078431
-0.188235
-0.643137
-0.643137
-0.690196
-0.721569
-0.752941
-0.674510
-0.674510
-0.627451
-0.674510
-0.627451
-0.611765
-0.627451
-0.643137
-0.658824
-0.564706
-0.580392
-0.596078
-0.627451
-0.674510
-0.533333
-0.596078
-0.517647
-0.564706
-0.580392
-0.580392
-0.611765
-0.580392
-0.611765
-0.611765
-0.596078
-0.643137
-0.658824
-0.658824
-0.596078
-0.564706
-0.549020
-0.564706
-0.611765
-0.564706
-0.517647
-0.580392
-0.313726
-0.031373
0.109804
0.047059
-0.470588
-0.705882
-0.596078
-0.470588
-0.501961
-0.494118
-0.580392
-0.596078
-0.533333
-0.596078
-0.643137
-0.643137
-0.564706
-0.517647
-0.517647
-0.501961
-0.501961
-0.486275
-0.454902
-0.376471
-0.439216
0.141176
0.078431
-0.815686
0.062745
-0.203922
-0.564706
-0.564706
-0.486275
-0.627451
-0.392157
-0.219608
-0.627451
-0.580392
-0.564706
-0.611765
-0.658824
-0.658824
-0.564706
-0.243137
-0.125490
-0.125490
-0.156863
-0.172549
-0.188235
-0.172549
-0.015686
-0.054902
-0.447059
-0.658824
-0.721569
-0.784314
-0.776471
-0.784314
-0.752941
-0.721569
-0.737255
-0.705882
-0.611765
-0.627451
-0.611765
-0.627451
-0.580392
-0.705882
-0.737255
-0.705882
-0.752941
-0.658824
-0.611765
-0.611765
-0.564706
-0.658824
-0.462745
-0.549020
-0.596078
-0.643137
-0.627451
-0.674510
-0.658824
-0.517647
-0.580392
-0.517647
-0.674510
-0.721569
-0.737255
-0.760784
-0.721569
-0.760784
-0.705882
-0.752941
-0.737255
-0.360784
-0.345098
-0.392157
-0.549020
-0.580392
-0.611765
-0.501961
-0.501961
-0.611765
-0.674510
-0.737255
-0.658824
-0.643137
-0.627451
-0.627451
-0.517647
-0.494118
-0.501961
-0.478431
-0.462745
-0.400000
-0.549020
-0.549020
-0.447059
0.156863
0.172549
-0.807843
0.047059
-0.141176
-0.580392
-0.243137
-0.015686
-0.439216
-0.141176
0.360784
-0.203922
-0.047059
-0.078431
-0.047059
-0.494118
-0.580392
-0.345098
0.454902
0.611765
0.611765
0.658824
0.627451
0.643137
0.517647
0.447059
0.345098
-0.345098
-0.721569
-0.721569
-0.823529
-0.800000
-0.847059
-0.792157
-0.784314
-0.784314
-0.721569
-0.611765
-0.564706
-0.345098
0.117647
-0.282353
-0.580392
-0.737255
-0.831373
-0.643137
-0.721569
-0.564706
-0.156863
0.078431
0.360784
0.219608
0.094118
-0.188235
-0.517647
-0.643137
-0.643137
-0.611765
-0.219608
0.211765
-0.078431
-0.517647
-0.752941
-0.737255
-0.737255
-0.847059
-0.752941
-0.768628
-0.831373
-0.690196
-0.690196
-0.564706
-0.376471
-0.101961
0.078431
0.078431
-0.117647
-0.400000
-0.517647
-0.643137
-0.674510
-0.674510
-0.596078
-0.203922
-0.219608
-0.094118
-0.015686
-0.047059
-0.023529
-0.078431
-0.188235
-0.329412
-0.501961
-0.454902
0.094118
0.109804
-0.823529
0.062745
-0.047059
-0.494118
-0.454902
0.329412
0.109804
0.047059
0.674510
-0.078431
0.478431
0.705882
0.596078
0.141176
-0.392157
-0.203922
0.580392
0.705882
0.611765
0.486275
0.423529
0.431373
0.415686
0.415686
0.345098
-0.117647
-0.807843
-0.815686
-0.949020
-0.878431
-0.854902
-0.800000
-0.823529
-0.854902
-0.752941
-0.596078
-0.266667
0.298039
0.533333
0.494118
0.094118
-0.705882
-0.752941
-0.690196
-0.423529
0.094118
0.517647
0.705882
0.674510
0.643137
0.705882
0.611765
0.227451
-0.447059
-0.580392
-0.549020
-0.054902
0.611765
0.517647
-0.345098
-0.737255
-0.815686
-0.815686
-0.760784
-0.847059
-0.831373
-0.800000
-0.752941
-0.643137
-0.203922
0.313726
0.580392
0.611765
0.690196
0.690196
0.674510
0.243137
-0.329412
-0.533333
-0.611765
-0.462745
0.298039
0.549020
0.658824
0.737255
0.760784
0.815686
0.800000
0.737255
0.454902
-0.266667
-0.447059
0.094118
-0.015686
-0.831373
0.078431
0.015686
-0.454902
-0.439216
-0.462745
0.235294
0.517647
0.768628
0.580392
0.658824
0.564706
0.517647
0.329412
-0.423529
-0.219608
0.580392
0.705882
0.117647
-0.549020
-0.643137
-0.643137
-0.643137
-0.596078
-0.627451
-0.752941
-0.870588
-0.752941
-0.784314
-0.870588
-0.894118
-0.901961
-0.784314
-0.800000
-0.705882
-0.298039
0.376471
0.643137
0.517647
0.156863
-0.549020
-0.721569
-0.784314
-0.549020
-0.219608
0.580392
0.737255
0.549020
0.156863
-0.188235
-0.047059
0.439216
0.533333
0.188235
-0.462745
-0.533333
-0.015686
0.674510
0.564706
-0.266667
-0.705882
-0.815686
-0.839216
-0.894118
-0.862745
-0.823529
-0.815686
-0.760784
-0.376471
0.313726
0.674510
0.564706
0.266667
0.000000
0.078431
0.549020
0.705882
0.360784
-0.415686
-0.549020
-0.564706
-0.298039
-0.015686
0.062745
0.211765
0.329412
0.611765
0.839216
0.752941
0.407843
-0.313726
-0.392157
0.094118
-0.094118
-0.870588
0.047059
0.054902
-0.494118
-0.211765
-0.360784
-0.211765
0.415686
0.862745
0.674510
0.815686
0.705882
0.478431
0.384314
-0.360784
-0.188235
0.580392
0.721569
0.141176
-0.596078
-0.643137
-0.737255
-0.690196
-0.674510
-0.752941
-0.784314
-0.854902
-0.831373
-0.839216
-0.854902
-0.862745
-0.839216
-0.854902
-0.737255
-0.494118
0.266667
0.596078
0.564706
0.156863
-0.611765
-0.705882
-0.752941
-0.792157
-0.564706
-0.015686
0.674510
0.674510
-0.125490
-0.494118
-0.596078
-0.564706
-0.141176
0.415686
0.392157
-0.243137
-0.494118
-0.015686
0.705882
0.611765
-0.298039
-0.737255
-0.854902
-0.886275
-0.878431
-0.847059
-0.792157
-0.737255
-0.705882
-0.109804
0.549020
0.643137
0.054902
-0.478431
-0.454902
-0.447059
-0.062745
0.658824
0.627451
-0.047059
-0.501961
-0.580392
-0.596078
-0.533333
-0.376471
-0.250980
0.156863
0.643137
0.760784
0.549020
-0.117647
-0.549020
-0.431373
0.156863
-0.156863
-0.878431
0.015686
0.125490
-0.549020
-0.078431
0.376471
-0.227451
-0.109804
0.690196
0.203922
0.674510
0.721569
0.752941
0.447059
-0.329412
-0.203922
0.494118
0.752941
0.196078
-0.564706
-0.627451
-0.674510
-0.705882
-0.737255
-0.776471
-0.854902
-0.807843
-0.886275
-0.752941
-0.862745
-0.807843
-0.768628
-0.760784
-0.580392
0.000000
0.596078
0.658824
0.282353
-0.494118
-0.627451
-0.752941
-0.807843
-0.737255
-0.564706
-0.015686
0.705882
0.611765
-0.494118
-0.549020
-0.705882
-0.674510
-0.549020
-0.235294
-0.188235
-0.407843
-0.549020
0.000000
0.658824
0.564706
-0.313726
-0.705882
-0.800000
-0.847059
-0.870588
-0.862745
-0.831373
-0.792157
-0.690196
-0.094118
0.627451
0.564706
-0.266667
-0.596078
-0.643137
-0.580392
-0.172549
0.580392
0.658824
0.015686
-0.564706
-0.674510
-0.658824
-0.580392
-0.407843
0.054902
0.611765
0.721569
0.611765
-0.094118
-0.549020
-0.533333
-0.407843
0.141176
-0.188235
-0.870588
-0.141176
0.125490
-0.454902
-0.549020
-0.078431
0.094118
-0.101961
0.768628
0.494118
0.533333
0.674510
0.533333
0.501961
-0.250980
-0.282353
0.517647
0.784314
0.282353
-0.282353
-0.407843
-0.447059
-0.486275
-0.533333
-0.768628
-0.760784
-0.847059
-0.737255
-0.690196
-0.690196
-0.737255
-0.776471
-0.737255
-0.360784
0.423529
0.674510
0.564706
-0.219608
-0.384314
-0.564706
-0.643137
-0.807843
-0.705882
-0.627451
-0.078431
0.658824
0.611765
-0.501961
-0.627451
-0.752941
-0.760784
-0.721569
-0.674510
-0.721569
-0.596078
-0.533333
-0.094118
0.611765
0.580392
-0.282353
-0.690196
-0.807843
-0.831373
-0.854902
-0.847059
-0.800000
-0.792157
-0.674510
-0.094118
0.643137
0.580392
-0.313726
-0.549020
-0.643137
-0.611765
-0.141176
0.596078
0.674510
0.062745
-0.533333
-0.690196
-0.627451
-0.470588
0.015686
0.564706
0.776471
0.596078
-0.117647
-0.439216
-0.596078
-0.580392
-0.360784
0.211765
-0.188235
-0.690196
-0.109804
0.094118
-0.470588
-0.580392
-0.431373
-0.501961
0.094118
0.768628
0.760784
0.800000
0.737255
0.431373
0.533333
-0.266667
-0.313726
0.533333
0.800000
0.792157
0.627451
0.517647
0.549020
0.486275
0.266667
-0.329412
-0.784314
-0.768628
-0.705882
-0.211765
-0.298039
-0.737255
-0.643137
-0.611765
-0.047059
0.627451
0.800000
0.596078
0.345098
0.117647
-0.227451
-0.596078
-0.643137
-0.705882
-0.549020
-0.047059
0.674510
0.611765
-0.494118
-0.674510
-0.760784
-0.847059
-0.792157
-0.752941
-0.690196
-0.658824
-0.596078
-0.078431
0.643137
0.627451
-0.250980
-0.690196
-0.800000
-0.823529
-0.839216
-0.823529
-0.823529
-0.752941
-0.674510
-0.078431
0.643137
0.533333
-0.329412
-0.643137
-0.705882
-0.690196
-0.188235
0.564706
0.627451
0.047059
-0.533333
-0.674510
-0.611765
-0.478431
0.298039
0.705882
0.674510
0.800000
0.376471
-0.266667
-0.549020
-0.486275
-0.345098
0.172549
-0.196078
-0.564706
-0.360784
0.141176
-0.533333
-0.580392
-0.047059
-0.023529
0.345098
0.784314
0.784314
0.854902
0.674510
0.431373
0.580392
-0.266667
-0.298039
0.501961
0.721569
0.721569
0.611765
0.596078
0.517647
0.494118
0.400000
-0.047059
-0.792157
-0.721569
-0.737255
-0.101961
0.172549
-0.266667
-0.643137
-0.549020
0.345098
0.737255
0.807843
0.784314
0.800000
0.752941
0.658824
0.298039
-0.533333
-0.549020
-0.517647
-0.015686
0.690196
0.627451
-0.517647
-0.760784
-0.831373
-0.870588
-0.800000
-0.807843
-0.760784
-0.690196
-0.564706
-0.047059
0.658824
0.611765
-0.282353
-0.674510
-0.752941
-0.776471
-0.800000
-0.831373
-0.831373
-0.721569
-0.674510
-0.062745
0.721569
0.549020
-0.360784
-0.658824
-0.737255
-0.658824
-0.196078
0.533333
0.627451
0.000000
-0.596078
-0.627451
-0.627451
-0.596078
-0.454902
0.000000
0.345098
0.533333
0.674510
0.580392
-0.117647
-0.501961
-0.376471
0.243137
-0.282353
-0.886275
-0.431373
0.172549
-0.400000
-0.564706
0.172549
0.690196
0.658824
0.776471
0.360784
0.415686
0.839216
0.800000
0.564706
-0.188235
-0.329412
0.431373
0.768628
0.415686
-0.431373
-0.494118
-0.486275
-0.533333
-0.658824
-0.690196
-0.839216
-0.705882
-0.690196
-0.705882
-0.596078
-0.674510
-0.690196
-0.533333
0.486275
0.737255
0.721569
0.486275
0.078431
0.156863
0.627451
0.674510
0.266667
-0.439216
-0.392157
-0.031373
0.643137
0.549020
-0.431373
-0.705882
-0.807843
-0.807843
-0.807843
-0.674510
-0.611765
-0.580392
-0.596078
-0.031373
0.658824
0.611765
-0.282353
-0.690196
-0.776471
-0.807843
-0.815686
-0.839216
-0.800000
-0.784314
-0.674510
-0.078431
0.674510
0.564706
-0.345098
-0.627451
-0.721569
-0.674510
-0.188235
0.564706
0.627451
-0.054902
-0.627451
-0.674510
-0.690196
-0.658824
-0.596078
-0.580392
-0.478431
-0.298039
0.345098
0.752941
0.549020
-0.250980
-0.266667
0.266667
-0.376471
-0.909804
-0.376471
0.211765
-0.407843
-0.423529
0.415686
0.839216
0.760784
0.909804
0.447059
0.407843
0.854902
0.384314
0.627451
-0.156863
-0.376471
0.282353
0.721569
0.423529
-0.549020
-0.643137
-0.705882
-0.674510
-0.768628
-0.760784
-0.823529
-0.823529
-0.784314
-0.690196
-0.721569
-0.760784
-0.674510
-0.360784
0.549020
0.705882
0.345098
-0.329412
-0.384314
-0.376471
-0.172549
0.643137
0.517647
-0.047059
-0.486275
-0.031373
0.674510
0.658824
-0.407843
-0.611765
-0.721569
-0.674510
-0.533333
-0.203922
-0.360784
-0.439216
-0.486275
0.054902
0.690196
0.611765
-0.282353
-0.690196
-0.807843
-0.847059
-0.854902
-0.831373
-0.776471
-0.792157
-0.611765
-0.015686
0.674510
0.580392
-0.376471
-0.690196
-0.721569
-0.643137
-0.141176
0.643137
0.658824
-0.023529
-0.580392
-0.643137
-0.627451
-0.658824
-0.674510
-0.596078
-0.549020
-0.376471
0.078431
0.721569
0.674510
0.015686
-0.298039
0.266667
-0.345098
-0.854902
-0.517647
0.211765
-0.376471
-0.478431
0.486275
0.674510
0.580392
0.752941
0.415686
0.219608
0.760784
0.078431
0.596078
-0.156863
-0.384314
0.345098
0.690196
0.415686
-0.643137
-0.776471
-0.792157
-0.776471
-0.847059
-0.870588
-0.870588
-0.847059
-0.760784
-0.768628
-0.839216
-0.752941
-0.658824
-0.470588
0.611765
0.627451
0.078431
-0.415686
-0.517647
-0.454902
-0.196078
0.517647
0.580392
0.125490
-0.439216
-0.047059
0.690196
0.611765
-0.329412
-0.494118
-0.596078
-0.549020
-0.282353
0.447059
0.533333
0.078431
-0.407843
0.047059
0.705882
0.611765
-0.243137
-0.627451
-0.737255
-0.800000
-0.815686
-0.815686
-0.776471
-0.752941
-0.627451
-0.047059
0.705882
0.564706
-0.400000
-0.611765
-0.690196
-0.533333
-0.078431
0.643137
0.674510
-0.023529
-0.549020
-0.533333
-0.407843
-0.564706
-0.596078
-0.643137
-0.533333
-0.462745
-0.015686
0.737255
0.705882
0.015686
-0.345098
0.282353
-0.329412
-0.721569
-0.517647
0.125490
-0.384314
-0.501961
0.360784
0.117647
-0.196078
0.462745
0.454902
0.015686
0.737255
0.282353
0.611765
-0.141176
-0.423529
0.203922
0.690196
0.478431
-0.627451
-0.800000
-0.784314
-0.847059
-0.807843
-0.862745
-0.847059
-0.823529
-0.760784
-0.760784
-0.807843
-0.768628
-0.658824
-0.533333
0.533333
0.721569
0.298039
-0.360784
-0.423529
-0.407843
0.125490
0.658824
0.627451
0.094118
-0.415686
-0.109804
0.705882
0.705882
-0.188235
-0.517647
-0.454902
-0.486275
-0.062745
0.517647
0.549020
0.078431
-0.376471
0.125490
0.690196
0.643137
-0.172549
-0.494118
-0.596078
-0.643137
-0.737255
-0.721569
-0.752941
-0.658824
-0.658824
-0.094118
0.643137
0.627451
-0.431373
-0.470588
-0.486275
-0.517647
0.015686
0.705882
0.627451
-0.094118
-0.462745
-0.015686
0.400000
0.313726
-0.376471
-0.517647
-0.549020
-0.376471
0.101961
0.705882
0.690196
-0.047059
-0.298039
0.298039
-0.360784
-0.690196
-0.501961
0.172549
-0.376471
-0.611765
-0.282353
-0.345098
-0.470588
0.298039
0.462745
-0.172549
0.776471
0.705882
0.596078
-0.188235
-0.470588
0.219608
0.643137
0.431373
-0.643137
-0.737255
-0.760784
-0.776471
-0.847059
-0.831373
-0.807843
-0.792157
-0.737255
-0.721569
-0.776471
-0.768628
-0.658824
-0.549020
-0.125490
0.674510
0.611765
0.211765
-0.062745
0.094118
0.564706
0.721569
0.439216
-0.227451
-0.478431
-0.376471
0.447059
0.721569
0.392157
-0.250980
-0.360784
-0.047059
0.345098
0.611765
0.501961
-0.235294
-0.486275
0.141176
0.721569
0.627451
-0.062745
-0.345098
-0.462745
-0.501961
-0.564706
-0.564706
-0.658824
-0.705882
-0.596078
-0.360784
0.596078
0.705882
-0.109804
-0.407843
-0.360784
-0.172549
0.360784
0.658824
0.549020
-0.196078
-0.478431
-0.125490
0.564706
0.564706
0.000000
-0.423529
-0.400000
-0.313726
0.329412
0.737255
0.549020
-0.266667
-0.219608
0.329412
-0.266667
-0.415686
-0.690196
0.172549
-0.313726
-0.674510
-0.752941
-0.627451
-0.580392
-0.047059
0.313726
-0.376471
0.329412
0.141176
0.172549
-0.188235
-0.596078
-0.094118
0.533333
0.400000
-0.643137
-0.721569
-0.752941
-0.760784
-0.776471
-0.776471
-0.839216
-0.815686
-0.737255
-0.737255
-0.815686
-0.839216
-0.752941
-0.643137
-0.564706
-0.125490
0.596078
0.674510
0.705882
0.627451
0.760784
0.549020
-0.054902
-0.643137
-0.501961
-0.533333
-0.494118
0.282353
0.643137
0.658824
0.611765
0.580392
0.643137
0.564706
0.000000
-0.580392
-0.494118
0.000000
0.580392
0.705882
0.611765
0.643137
0.501961
0.470588
0.486275
0.454902
0.196078
-0.470588
-0.721569
-0.627451
-0.062745
0.549020
0.643137
0.486275
0.549020
0.596078
0.643137
0.643137
0.094118
-0.564706
-0.549020
-0.533333
0.078431
0.674510
0.674510
0.462745
0.345098
0.470588
0.674510
0.674510
0.047059
-0.329412
-0.141176
0.298039
-0.580392
-0.862745
-0.705882
0.078431
-0.235294
-0.627451
-0.690196
-0.721569
-0.674510
-0.705882
-0.517647
-0.611765
-0.705882
-0.690196
-0.776471
-0.807843
-0.705882
-0.658824
-0.454902
-0.494118
-0.705882
-0.643137
-0.674510
-0.674510
-0.690196
-0.737255
-0.752941
-0.784314
-0.768628
-0.760784
-0.792157
-0.792157
-0.737255
-0.674510
-0.658824
-0.643137
-0.549020
-0.172549
0.188235
0.266667
0.109804
-0.329412
-0.596078
-0.580392
-0.705882
-0.705882
-0.533333
-0.549020
-0.345098
0.094118
0.376471
0.376471
0.117647
-0.282353
-0.627451
-0.611765
-0.549020
-0.298039
0.266667
0.486275
0.517647
0.494118
0.478431
0.549020
0.564706
0.486275
0.376471
-0.266667
-0.658824
-0.674510
-0.564706
-0.431373
0.235294
0.596078
0.596078
0.564706
0.407843
-0.101961
-0.643137
-0.627451
-0.627451
-0.580392
-0.431373
-0.141176
0.447059
0.674510
0.674510
0.658824
0.564706
0.047059
-0.501961
-0.384314
-0.156863
0.298039
-0.596078
-0.862745
-0.847059
0.023529
-0.282353
-0.580392
-0.674510
-0.674510
-0.690196
-0.596078
-0.690196
-0.564706
-0.596078
-0.658824
-0.784314
-0.705882
-0.737255
-0.643137
-0.611765
-0.611765
-0.658824
-0.658824
-0.643137
-0.760784
-0.784314
-0.705882
-0.784314
-0.760784
-0.705882
-0.690196
-0.721569
-0.752941
-0.737255
-0.705882
-0.627451
-0.674510
-0.580392
-0.596078
-0.627451
-0.627451
-0.643137
-0.596078
-0.658824
-0.737255
-0.737255
-0.690196
-0.760784
-0.690196
-0.658824
-0.705882
-0.643137
-0.627451
-0.501961
-0.627451
-0.611765
-0.643137
-0.690196
-0.674510
-0.611765
-0.596078
-0.580392
-0.564706
-0.580392
-0.517647
-0.517647
-0.611765
-0.611765
-0.690196
-0.768628
-0.690196
-0.611765
-0.517647
-0.658824
-0.462745
-0.486275
-0.494118
-0.549020
-0.674510
-0.721569
-0.690196
-0.737255
-0.737255
-0.596078
-0.564706
-0.549020
-0.447059
-0.376471
-0.376471
-0.549020
-0.580392
-0.627451
-0.462745
-0.141176
0.298039
-0.658824
-0.792157
-0.917647
-0.141176
0.054902
-0.156863
-0.203922
-0.235294
-0.266667
-0.313726
-0.235294
-0.345098
-0.376471
-0.384314
-0.423529
-0.564706
-0.447059
-0.454902
-0.533333
-0.447059
-0.517647
-0.478431
-0.564706
-0.784314
-0.807843
-0.917647
-0.792157
-0.705882
-0.596078
-0.564706
-0.580392
-0.611765
-0.596078
-0.596078
-0.611765
-0.611765
-0.517647
-0.564706
-0.564706
-0.533333
-0.611765
-0.611765
-0.627451
-0.627451
-0.627451
-0.690196
-0.690196
-0.674510
-0.627451
-0.549020
-0.533333
-0.580392
-0.517647
-0.627451
-0.611765
-0.658824
-0.611765
-0.658824
-0.580392
-0.564706
-0.580392
-0.564706
-0.549020
-0.596078
-0.596078
-0.517647
-0.580392
-0.627451
-0.721569
-0.823529
-0.996078
-0.925490
-0.847059
-0.705882
-0.501961
-0.580392
-0.611765
-0.674510
-0.737255
-0.737255
-0.643137
-0.658824
-0.658824
-0.658824
-0.611765
-0.564706
-0.501961
-0.501961
-0.494118
-0.596078
-0.549020
-0.549020
-0.227451
0.211765
-0.878431
-0.878431
-0.737255
-0.784314
-0.447059
-0.172549
-0.172549
-0.094118
0.031373
0.031373
0.054902
0.156863
0.188235
0.117647
0.101961
0.188235
0.219608
0.172549
-0.015686
0.172549
0.282353
0.329412
0.376471
0.400000
0.360784
0.376471
0.243137
0.211765
0.219608
0.227451
0.235294
0.227451
0.211765
0.188235
0.101961
-0.015686
0.054902
0.047059
-0.047059
-0.047059
0.094118
0.047059
0.023529
0.031373
0.015686
0.000000
-0.023529
0.015686
0.015686
0.015686
-0.031373
-0.023529
-0.054902
-0.078431
-0.125490
-0.156863
-0.125490
-0.203922
-0.172549
-0.172549
-0.196078
-0.211765
-0.266667
-0.250980
-0.250980
-0.298039
-0.313726
-0.298039
-0.282353
-0.415686
-0.580392
-0.564706
-0.517647
-0.533333
-0.478431
-0.517647
-0.564706
-0.564706
-0.611765
-0.533333
-0.517647
-0.486275
-0.580392
-0.478431
-0.462745
-0.494118
-0.423529
-0.549020
-0.580392
-0.611765
-0.643137
-0.501961
-0.203922
0.101961
-0.784314
-0.807843
-0.423529
-0.478431
-0.454902
-0.533333
-0.580392
-0.596078
-0.549020
-0.517647
-0.627451
-0.807843
-0.752941
-0.737255
-0.847059
-0.894118
-0.862745
-0.870588
-0.917647
-0.917647
-0.862745
-0.776471
-0.768628
-0.658824
-0.658824
-0.737255
-0.768628
-0.784314
-0.752941
-0.705882
-0.674510
-0.705882
-0.705882
-0.705882
-0.643137
-0.627451
-0.533333
-0.533333
-0.549020
-0.596078
-0.517647
-0.486275
-0.549020
-0.533333
-0.549020
-0.549020
-0.564706
-0.517647
-0.470588
-0.407843
-0.454902
-0.407843
-0.415686
-0.360784
-0.345098
-0.329412
-0.298039
-0.266667
-0.266667
-0.313726
-0.298039
-0.188235
-0.117647
-0.078431
-0.015686
-0.015686
0.000000
0.062745
0.047059
0.094118
0.172549
0.203922
0.211765
0.156863
0.141176
0.094118
0.078431
0.109804
0.015686
-0.023529
-0.015686
-0.031373
0.062745
0.031373
0.015686
0.000000
0.015686
0.094118
0.047059
0.023529
-0.015686
-0.094118
-0.094118
-0.282353
-0.580392
-0.486275
-0.282353
-0.078431
-0.047059
-0.054902
-0.047059
-0.078431
-0.156863
-0.156863
-0.243137
-0.282353
-0.313726
-0.345098
-0.376471
-0.360784
-0.431373
-0.431373
-0.415686
-0.517647
-0.533333
-0.494118
-0.549020
-0.611765
-0.580392
-0.517647
-0.533333
-0.658824
-0.658824
-0.690196
-0.705882
-0.674510
-0.690196
-0.690196
-0.721569
-0.643137
-0.674510
-0.658824
-0.705882
-0.705882
-0.674510
-0.611765
-0.690196
-0.690196
-0.658824
-0.658824
-0.658824
-0.705882
-0.690196
-0.721569
-0.658824
-0.596078
-0.549020
-0.611765
-0.658824
-0.643137
-0.674510
-0.643137
-0.690196
-0.705882
-0.721569
-0.690196
-0.674510
-0.643137
-0.674510
-0.658824
-0.643137
-0.643137
-0.643137
-0.611765
-0.737255
-0.643137
-0.611765
-0.674510
-0.737255
-0.690196
-0.721569
-0.690196
-0.690196
-0.690196
-0.721569
-0.737255
-0.776471
-0.760784
-0.752941
-0.705882
-0.752941
-0.737255
-0.823529
-0.752941
-0.823529
-0.815686
-0.752941
-0.760784
-0.807843
-0.823529
0.196078
0.549020
0.596078
0.486275
0.564706
0.674510
0.690196
0.674510
0.658824
0.690196
0.737255
0.768628
0.690196
0.721569
0.721569
0.721569
0.768628
0.752941
0.674510
0.643137
0.596078
0.643137
0.486275
0.517647
0.596078
0.674510
0.580392
0.494118
0.501961
0.423529
0.313726
0.235294
0.243137
0.313726
0.384314
0.360784
0.329412
0.298039
0.360784
0.392157
0.360784
0.392157
0.400000
0.384314
0.400000
0.345098
0.360784
0.376471
0.376471
0.376471
0.407843
0.454902
0.345098
0.392157
0.384314
0.313726
0.298039
0.313726
0.282353
0.243137
0.219608
0.219608
0.250980
0.243137
0.282353
0.235294
0.094118
-0.125490
-0.203922
-0.094118
0.054902
0.023529
0.000000
-0.094118
-0.047059
-0.054902
-0.047059
-0.031373
-0.125490
-0.117647
-0.156863
-0.156863
-0.266667
-0.266667
-0.211765
-0.203922
-0.298039
-0.243137
-0.172549
-0.219608
-0.266667
-0.439216
-0.792157
-0.737255
0.533333
0.156863
-0.172549
-0.141176
-0.094118
-0.109804
-0.078431
-0.094118
-0.141176
-0.109804
-0.031373
-0.078431
-0.015686
-0.031373
0.015686
-0.031373
-0.047059
-0.015686
0.015686
-0.156863
-0.313726
0.384314
0.776471
0.596078
-0.054902
-0.188235
-0.054902
-0.078431
-0.015686
-0.062745
0.000000
-0.015686
0.000000
0.094118
0.203922
0.156863
0.188235
0.211765
0.188235
0.227451
0.211765
0.282353
0.282353
0.329412
0.345098
0.313726
0.266667
0.282353
0.329412
0.360784
0.345098
0.345098
0.360784
0.298039
0.360784
0.360784
0.345098
0.282353
0.282353
0.243137
0.243137
0.282353
0.266667
0.227451
0.235294
0.188235
0.376471
0.768628
0.611765
0.188235
-0.015686
0.141176
0.188235
0.298039
0.266667
0.345098
0.313726
0.360784
0.431373
0.360784
0.423529
0.423529
0.470588
0.517647
0.486275
0.517647
0.564706
0.549020
0.627451
0.674510
0.658824
0.674510
-0.101961
-0.705882
0.478431
0.156863
-0.031373
-0.094118
-0.156863
-0.015686
-0.054902
-0.062745
0.015686
-0.109804
-0.101961
-0.023529
-0.023529
0.015686
-0.031373
-0.125490
-0.101961
-0.109804
-0.188235
-0.266667
-0.345098
0.000000
0.250980
0.172549
0.015686
-0.329412
-0.172549
-0.117647
-0.062745
-0.094118
-0.078431
-0.125490
-0.078431
-0.109804
-0.078431
-0.054902
-0.078431
-0.094118
-0.109804
-0.015686
-0.015686
-0.015686
-0.031373
-0.094118
0.023529
-0.062745
-0.015686
-0.054902
-0.062745
-0.047059
-0.062745
-0.015686
-0.054902
-0.015686
0.000000
-0.047059
-0.094118
-0.109804
-0.015686
-0.015686
-0.015686
-0.031373
-0.047059
-0.015686
-0.054902
-0.196078
-0.047059
0.156863
0.235294
0.141176
-0.345098
-0.517647
-0.360784
-0.188235
-0.172549
-0.094118
-0.094118
-0.078431
-0.015686
-0.078431
-0.156863
-0.156863
-0.125490
-0.094118
-0.078431
-0.078431
-0.101961
-0.094118
-0.062745
0.000000
-0.094118
0.431373
0.235294
-0.705882
0.415686
0.203922
-0.054902
0.000000
0.078431
-0.047059
0.156863
0.313726
-0.078431
0.000000
0.047059
0.031373
0.015686
0.000000
0.023529
0.250980
0.211765
0.141176
0.078431
0.000000
-0.078431
-0.078431
0.054902
0.094118
-0.172549
-0.235294
-0.172549
-0.101961
-0.047059
-0.047059
-0.047059
-0.015686
-0.031373
-0.031373
0.000000
-0.047059
-0.047059
-0.047059
0.031373
-0.047059
0.000000
0.054902
-0.015686
0.047059
0.023529
0.000000
-0.015686
-0.094118
0.117647
0.047059
0.015686
-0.015686
0.015686
-0.015686
-0.047059
0.078431
-0.015686
0.062745
-0.015686
-0.023529
-0.031373
-0.047059
0.000000
-0.047059
-0.047059
-0.172549
-0.282353
0.000000
-0.101961
-0.196078
-0.345098
-0.360784
-0.345098
-0.172549
-0.094118
-0.101961
-0.054902
-0.047059
0.023529
0.023529
0.015686
-0.047059
0.000000
0.000000
0.000000
-0.015686
-0.054902
0.000000
-0.125490
-0.109804
-0.047059
0.454902
0.329412
-0.721569
0.360784
0.235294
-0.078431
0.313726
0.517647
0.047059
0.313726
0.792157
0.219608
0.400000
0.415686
0.501961
0.094118
0.015686
0.188235
0.878431
0.894118
0.839216
0.894118
0.870588
0.862745
0.721569
0.643137
0.627451
0.078431
-0.172549
-0.031373
-0.062745
0.000000
-0.031373
0.000000
0.015686
0.015686
0.031373
0.015686
-0.023529
0.172549
0.643137
0.313726
0.101961
0.047059
-0.015686
0.141176
-0.031373
0.031373
0.360784
0.564706
0.831373
0.737255
0.611765
0.345098
0.062745
0.000000
0.015686
0.015686
0.345098
0.721569
0.462745
0.156863
0.015686
0.062745
0.094118
0.015686
0.094118
0.023529
-0.109804
-0.078431
-0.203922
-0.235294
-0.125490
0.125490
0.345098
0.360784
0.219608
0.000000
-0.047059
-0.031373
0.015686
0.031373
0.094118
0.431373
0.360784
0.400000
0.431373
0.376471
0.360784
0.266667
0.156863
0.062745
-0.078431
-0.015686
0.423529
0.282353
-0.737255
0.282353
0.243137
-0.094118
0.000000
0.737255
0.462745
0.313726
0.878431
0.117647
0.705882
0.956863
0.925490
0.549020
0.031373
0.156863
0.886275
0.925490
0.823529
0.800000
0.800000
0.831373
0.847059
0.839216
0.815686
0.478431
-0.094118
-0.015686
-0.094118
-0.015686
0.015686
0.078431
0.054902
0.023529
0.047059
0.000000
0.188235
0.674510
0.901961
0.972549
0.705882
0.023529
0.015686
0.000000
0.141176
0.494118
0.823529
0.996078
0.956863
0.917647
0.996078
0.941177
0.674510
0.117647
0.031373
0.031373
0.431373
0.988235
0.933333
0.282353
0.031373
0.054902
0.101961
0.156863
0.062745
0.054902
0.015686
-0.047059
-0.094118
0.156863
0.580392
0.847059
0.878431
0.964706
0.980392
0.949020
0.580392
0.109804
-0.015686
-0.023529
0.125490
0.807843
0.972549
0.996078
0.996078
0.988235
0.996078
0.988235
0.972549
0.807843
0.156863
-0.015686
0.454902
0.188235
-0.705882
0.243137
0.266667
-0.062745
-0.015686
-0.101961
0.517647
0.705882
0.878431
0.643137
0.752941
0.705882
0.721569
0.627451
-0.078431
0.078431
0.847059
0.917647
0.376471
-0.141176
-0.141176
-0.062745
-0.023529
0.015686
0.015686
-0.015686
-0.047059
0.141176
0.125490
0.023529
0.000000
0.000000
0.109804
0.078431
0.047059
0.227451
0.768628
0.956863
0.886275
0.658824
0.062745
0.015686
-0.023529
0.094118
0.266667
0.862745
0.964706
0.823529
0.454902
0.125490
0.266667
0.760784
0.925490
0.721569
0.117647
0.000000
0.439216
0.988235
0.917647
0.329412
0.078431
0.078431
0.125490
0.078431
0.094118
0.094118
0.023529
-0.023529
0.203922
0.705882
0.972549
0.894118
0.611765
0.360784
0.415686
0.800000
0.980392
0.705882
0.031373
0.000000
0.015686
0.227451
0.415686
0.376471
0.431373
0.470588
0.737255
0.980392
0.980392
0.776471
0.125490
0.054902
0.462745
0.117647
-0.737255
0.243137
0.345098
-0.078431
0.266667
0.023529
0.078431
0.596078
0.956863
0.737255
0.847059
0.776471
0.627451
0.658824
-0.047059
0.125490
0.854902
0.956863
0.454902
-0.094118
-0.015686
-0.023529
0.054902
0.078431
0.015686
0.078431
0.054902
0.141176
0.125490
0.078431
0.047059
0.054902
0.000000
0.000000
0.101961
0.690196
0.956863
0.941177
0.627451
0.000000
0.023529
0.062745
0.000000
0.054902
0.431373
0.949020
0.949020
0.282353
0.031373
0.000000
0.015686
0.360784
0.901961
0.941177
0.329412
0.023529
0.423529
0.996078
0.964706
0.298039
0.054902
0.054902
0.078431
0.094118
0.101961
0.094118
0.078431
0.000000
0.431373
0.909804
0.964706
0.454902
-0.015686
0.062745
0.031373
0.266667
0.941177
0.941177
0.384314
0.094118
0.078431
0.078431
0.047059
0.047059
0.023529
0.313726
0.784314
0.941177
0.847059
0.329412
-0.047059
0.015686
0.517647
0.047059
-0.752941
0.227451
0.423529
-0.094118
0.415686
0.792157
0.078431
0.078431
0.792157
0.250980
0.705882
0.776471
0.878431
0.705882
-0.023529
0.094118
0.768628
0.972549
0.494118
-0.078431
-0.023529
0.000000
0.023529
0.000000
0.015686
0.015686
0.101961
0.054902
0.196078
0.015686
0.054902
0.094118
0.023529
0.047059
0.470588
0.925490
0.956863
0.658824
0.000000
0.015686
0.015686
0.047059
0.078431
0.054902
0.431373
0.972549
0.894118
0.000000
0.094118
0.047059
0.094118
0.101961
0.360784
0.439216
0.196078
0.000000
0.454902
0.941177
0.917647
0.282353
0.062745
0.094118
0.117647
0.094118
0.078431
0.047059
0.015686
-0.015686
0.431373
0.988235
0.901961
0.196078
-0.015686
0.015686
0.015686
0.219608
0.862745
0.956863
0.407843
0.031373
0.031373
0.062745
0.078431
0.054902
0.376471
0.768628
0.847059
0.823529
0.266667
-0.047059
0.015686
0.054902
0.517647
0.015686
-0.737255
0.078431
0.431373
0.015686
-0.023529
0.345098
0.431373
0.101961
0.901961
0.564706
0.580392
0.737255
0.627451
0.721569
0.015686
0.000000
0.752941
0.956863
0.501961
0.062745
0.047059
0.047059
0.062745
0.094118
-0.062745
0.023529
-0.015686
0.109804
0.156863
0.109804
0.031373
0.015686
-0.015686
0.188235
0.815686
0.925490
0.760784
0.062745
0.023529
0.000000
0.078431
0.031373
0.117647
0.015686
0.384314
0.933333
0.870588
-0.015686
0.047059
0.062745
0.094118
0.054902
0.078431
0.031373
0.117647
0.101961
0.407843
0.941177
0.925490
0.298039
0.054902
0.054902
0.094118
0.101961
0.094118
0.101961
0.047059
0.047059
0.447059
0.996078
0.909804
0.196078
0.094118
0.117647
0.078431
0.313726
0.917647
0.964706
0.447059
0.054902
0.000000
0.054902
0.141176
0.470588
0.870588
0.925490
0.737255
0.117647
-0.054902
-0.047059
-0.015686
0.117647
0.596078
0.047059
-0.517647
0.109804
0.400000
0.000000
-0.094118
-0.031373
-0.203922
0.298039
0.909804
0.870588
0.870588
0.784314
0.533333
0.737255
-0.015686
-0.054902
0.737255
0.941177
0.949020
0.909804
0.862745
0.925490
0.949020
0.823529
0.313726
-0.031373
0.015686
0.078431
0.549020
0.454902
0.000000
0.094118
0.031373
0.415686
0.956863
0.972549
0.737255
0.549020
0.447059
0.219608
0.000000
0.094118
0.031373
0.047059
0.400000
0.925490
0.894118
0.000000
0.023529
0.117647
0.094118
0.094118
0.094118
0.109804
0.078431
0.078431
0.454902
0.956863
0.949020
0.298039
0.047059
0.047059
0.078431
0.101961
0.117647
0.078431
0.094118
0.031373
0.454902
0.972549
0.862745
0.188235
0.023529
0.101961
0.054902
0.313726
0.925490
0.941177
0.439216
0.062745
0.047059
0.094118
0.156863
0.800000
0.996078
0.886275
0.988235
0.658824
0.117647
-0.015686
0.078431
0.125490
0.533333
0.015686
-0.407843
-0.156863
0.423529
-0.078431
-0.101961
0.298039
0.227451
0.517647
0.917647
0.917647
0.956863
0.752941
0.533333
0.784314
0.000000
-0.047059
0.721569
0.847059
0.854902
0.854902
0.909804
0.862745
0.909804
0.949020
0.611765
-0.054902
0.047059
0.000000
0.627451
0.894118
0.454902
0.047059
0.047059
0.737255
0.972549
0.933333
0.886275
0.956863
0.988235
0.949020
0.690196
0.015686
0.031373
0.000000
0.392157
0.941177
0.925490
0.015686
-0.015686
0.094118
0.117647
0.141176
0.054902
0.031373
0.031373
0.078431
0.439216
0.949020
0.925490
0.266667
0.047059
0.094118
0.141176
0.117647
0.094118
0.078431
0.109804
0.031373
0.470588
0.996078
0.862745
0.156863
0.015686
0.062745
0.078431
0.298039
0.901961
0.988235
0.447059
0.047059
0.109804
0.109804
0.101961
0.141176
0.494118
0.705882
0.823529
0.972549
0.933333
0.345098
-0.015686
0.047059
0.549020
-0.109804
-0.792157
-0.250980
0.423529
0.000000
-0.172549
0.431373
0.847059
0.776471
0.878431
0.470588
0.533333
0.917647
0.917647
0.768628
0.078431
-0.054902
0.658824
0.917647
0.596078
-0.094118
-0.078431
-0.054902
-0.047059
-0.047059
0.015686
-0.078431
0.078431
0.047059
0.031373
0.156863
0.054902
-0.031373
-0.015686
0.839216
0.956863
0.862745
0.627451
0.282353
0.400000
0.854902
0.972549
0.705882
0.047059
0.078431
0.345098
0.894118
0.839216
0.094118
0.023529
0.062745
0.117647
0.062745
0.125490
0.101961
0.047059
-0.023529
0.423529
0.933333
0.901961
0.250980
0.047059
0.078431
0.117647
0.094118
0.078431
0.078431
0.031373
0.015686
0.454902
0.996078
0.894118
0.172549
0.047059
0.078431
0.078431
0.282353
0.917647
0.980392
0.407843
0.015686
0.078431
0.062745
0.078431
0.094118
0.015686
-0.015686
0.078431
0.627451
0.996078
0.925490
0.141176
0.101961
0.549020
-0.235294
-0.831373
-0.266667
0.392157
-0.117647
-0.156863
0.549020
0.886275
0.776471
0.933333
0.517647
0.486275
0.941177
0.517647
0.862745
0.141176
-0.078431
0.564706
0.925490
0.705882
-0.047059
-0.015686
-0.047059
0.015686
-0.015686
0.054902
0.015686
0.015686
0.000000
0.078431
0.101961
-0.015686
-0.054902
0.117647
0.870588
0.949020
0.580392
-0.047059
-0.031373
-0.015686
0.117647
0.941177
0.925490
0.407843
-0.031373
0.345098
0.894118
0.933333
0.062745
0.023529
0.023529
0.078431
0.125490
0.376471
0.172549
0.054902
0.015686
0.494118
0.941177
0.901961
0.266667
0.047059
0.062745
0.094118
0.078431
0.078431
0.094118
0.000000
0.062745
0.478431
0.996078
0.941177
0.196078
0.047059
0.094118
0.062745
0.282353
0.933333
0.949020
0.384314
0.062745
0.094118
0.109804
0.062745
0.047059
0.094118
0.015686
0.047059
0.345098
0.909804
0.909804
0.298039
0.031373
0.549020
-0.172549
-0.752941
-0.423529
0.360784
-0.109804
-0.219608
0.643137
0.752941
0.611765
0.784314
0.478431
0.298039
0.839216
0.211765
0.831373
0.156863
-0.047059
0.658824
0.933333
0.737255
-0.047059
-0.047059
-0.015686
0.015686
-0.015686
-0.015686
0.015686
0.015686
0.047059
0.023529
0.000000
0.015686
-0.047059
-0.015686
0.901961
0.870588
0.360784
-0.094118
-0.109804
-0.078431
0.078431
0.784314
0.949020
0.533333
-0.031373
0.298039
0.894118
0.847059
0.094118
0.054902
0.031373
0.054902
0.227451
0.894118
0.925490
0.470588
0.023529
0.439216
0.956863
0.901961
0.235294
0.047059
0.078431
0.109804
0.078431
0.054902
0.094118
0.031373
0.023529
0.454902
0.996078
0.894118
0.141176
0.078431
0.054902
0.109804
0.282353
0.901961
0.949020
0.360784
0.031373
0.109804
0.219608
0.078431
0.078431
0.015686
0.054902
0.015686
0.235294
0.901961
0.894118
0.250980
-0.047059
0.549020
-0.172549
-0.611765
-0.376471
0.329412
-0.094118
-0.172549
0.658824
0.376471
-0.015686
0.596078
0.564706
0.094118
0.807843
0.415686
0.847059
0.196078
-0.062745
0.533333
0.933333
0.807843
-0.023529
-0.054902
0.015686
-0.015686
0.023529
-0.015686
0.031373
0.047059
0.031373
0.015686
0.031373
0.015686
-0.047059
-0.078431
0.823529
0.949020
0.549020
-0.047059
-0.078431
-0.062745
0.345098
0.870588
0.909804
0.439216
-0.078431
0.172549
0.878431
0.925490
0.196078
-0.031373
0.078431
0.023529
0.360784
0.870588
0.901961
0.431373
-0.015686
0.454902
0.917647
0.894118
0.203922
0.047059
0.101961
0.172549
0.078431
0.101961
0.094118
0.117647
-0.015686
0.400000
0.949020
0.901961
0.000000
0.047059
0.078431
-0.015686
0.313726
0.933333
0.909804
0.266667
0.015686
0.486275
0.862745
0.776471
0.117647
0.015686
0.000000
0.109804
0.415686
0.917647
0.878431
0.172549
-0.023529
0.533333
-0.235294
-0.596078
-0.360784
0.376471
-0.078431
-0.243137
0.109804
0.047059
-0.188235
0.533333
0.658824
0.000000
0.917647
0.886275
0.894118
0.172549
-0.094118
0.564706
0.925490
0.784314
-0.047059
0.000000
0.000000
0.015686
-0.047059
-0.015686
0.054902
0.062745
0.062745
0.062745
0.054902
0.031373
0.000000
-0.015686
0.250980
0.972549
0.894118
0.517647
0.266667
0.392157
0.768628
0.941177
0.760784
0.156863
-0.094118
-0.023529
0.705882
0.980392
0.752941
0.172549
0.078431
0.360784
0.690196
0.941177
0.870588
0.141176
-0.101961
0.478431
0.980392
0.886275
0.266667
0.094118
0.109804
0.156863
0.094118
0.141176
0.101961
0.047059
0.094118
0.172549
0.949020
0.988235
0.235294
0.000000
0.054902
0.211765
0.627451
0.909804
0.894118
0.219608
0.015686
0.360784
0.925490
0.909804
0.360784
-0.015686
0.054902
0.117647
0.658824
0.988235
0.792157
-0.015686
0.054902
0.564706
-0.141176
-0.360784
-0.564706
0.345098
-0.023529
-0.282353
-0.282353
-0.156863
-0.188235
0.313726
0.658824
-0.054902
0.611765
0.439216
0.549020
0.219608
-0.172549
0.298039
0.878431
0.815686
-0.047059
-0.023529
-0.047059
-0.047059
-0.054902
-0.023529
-0.015686
0.015686
0.047059
0.054902
0.031373
0.000000
-0.015686
0.000000
-0.023529
0.313726
0.949020
0.988235
0.996078
0.917647
0.996078
0.831373
0.376471
-0.109804
0.047059
-0.015686
-0.094118
0.658824
0.996078
0.996078
0.949020
0.901961
0.941177
0.894118
0.407843
-0.101961
-0.015686
0.439216
0.933333
0.996078
0.925490
0.996078
0.933333
0.925490
0.933333
0.941177
0.815686
0.203922
-0.023529
-0.015686
0.376471
0.894118
0.964706
0.815686
0.862745
0.894118
0.917647
0.956863
0.564706
0.000000
0.047059
0.015686
0.478431
0.996078
0.964706
0.752941
0.674510
0.776471
0.949020
0.949020
0.345098
-0.015686
0.188235
0.564706
-0.439216
-0.776471
-0.596078
0.250980
0.047059
-0.227451
-0.203922
-0.211765
-0.196078
-0.266667
-0.078431
-0.188235
-0.313726
-0.282353
-0.298039
-0.329412
-0.235294
-0.203922
-0.047059
-0.047059
-0.156863
-0.047059
-0.094118
-0.062745
-0.078431
-0.078431
-0.023529
-0.031373
-0.047059
-0.031373
0.000000
0.000000
0.000000
0.000000
-0.031373
-0.109804
-0.117647
0.188235
0.564706
0.627451
0.454902
0.047059
-0.094118
0.015686
-0.078431
-0.094118
-0.015686
-0.078431
0.094118
0.517647
0.721569
0.690196
0.454902
0.094118
-0.156863
-0.078431
0.000000
0.235294
0.690196
0.862745
0.870588
0.847059
0.878431
0.941177
0.933333
0.909804
0.901961
0.345098
0.000000
-0.031373
-0.047059
-0.015686
0.580392
0.894118
0.878431
0.862745
0.721569
0.282353
-0.109804
0.000000
0.023529
0.015686
0.023529
0.219608
0.768628
0.964706
0.972549
0.980392
0.886275
0.400000
-0.094118
0.015686
0.211765
0.580392
-0.454902
-0.776471
-0.721569
0.203922
0.015686
-0.188235
-0.196078
-0.172549
-0.203922
-0.109804
-0.203922
-0.078431
-0.109804
-0.172549
-0.227451
-0.125490
-0.188235
-0.141176
-0.156863
-0.188235
-0.188235
-0.188235
-0.203922
-0.345098
-0.345098
-0.211765
-0.196078
-0.141176
-0.094118
-0.078431
-0.078431
-0.078431
-0.078431
-0.078431
-0.015686
-0.117647
-0.094118
-0.156863
-0.141176
-0.125490
-0.172549
-0.094118
-0.094118
-0.117647
-0.094118
-0.078431
-0.156863
-0.094118
-0.094118
-0.172549
-0.188235
-0.188235
-0.062745
-0.141176
-0.078431
-0.047059
-0.078431
-0.062745
-0.094118
-0.109804
-0.117647
-0.109804
-0.109804
-0.054902
-0.054902
-0.141176
-0.094118
-0.125490
-0.141176
-0.054902
-0.078431
-0.062745
-0.282353
-0.125490
-0.172549
-0.156863
-0.141176
-0.188235
-0.109804
-0.023529
-0.047059
-0.094118
-0.023529
-0.078431
-0.094118
-0.015686
0.047059
0.054902
-0.078431
-0.078431
-0.101961
0.015686
0.266667
0.564706
-0.533333
-0.721569
-0.831373
0.000000
0.298039
0.141176
0.172549
0.172549
0.125490
0.094118
0.172549
0.054902
0.015686
0.023529
0.047059
-0.047059
0.031373
-0.015686
-0.125490
-0.094118
-0.156863
-0.156863
-0.282353
-0.517647
-0.533333
-0.580392
-0.360784
-0.235294
-0.125490
-0.094118
-0.101961
-0.109804
-0.101961
-0.078431
-0.094118
-0.125490
-0.109804
-0.172549
-0.117647
-0.054902
-0.172549
-0.141176
-0.141176
-0.109804
-0.094118
-0.141176
-0.141176
-0.117647
-0.101961
-0.047059
-0.094118
-0.141176
-0.078431
-0.156863
-0.094118
-0.125490
-0.062745
-0.109804
-0.094118
-0.094118
-0.125490
-0.109804
-0.078431
-0.109804
-0.109804
-0.031373
-0.101961
-0.141176
-0.172549
-0.282353
-0.533333
-0.501961
-0.494118
-0.384314
-0.172549
-0.203922
-0.188235
-0.172549
-0.156863
-0.125490
-0.031373
-0.054902
-0.094118
-0.117647
-0.109804
-0.078431
-0.047059
-0.015686
0.031373
-0.031373
0.015686
-0.031373
0.156863
0.478431
-0.752941
-0.800000
-0.721569
-0.721569
-0.329412
0.000000
0.031373
0.101961
0.211765
0.211765
0.243137
0.345098
0.345098
0.329412
0.376471
0.462745
0.486275
0.439216
0.266667
0.431373
0.501961
0.533333
0.517647
0.533333
0.494118
0.564706
0.517647
0.517647
0.517647
0.533333
0.533333
0.517647
0.517647
0.494118
0.423529
0.266667
0.266667
0.243137
0.188235
0.211765
0.360784
0.329412
0.345098
0.360784
0.360784
0.360784
0.360784
0.392157
0.345098
0.345098
0.298039
0.313726
0.282353
0.266667
0.235294
0.211765
0.235294
0.156863
0.188235
0.188235
0.172549
0.156863
0.141176
0.172549
0.196078
0.141176
0.101961
0.109804
0.125490
-0.023529
-0.227451
-0.250980
-0.235294
-0.266667
-0.172549
-0.172549
-0.188235
-0.141176
-0.156863
-0.078431
-0.062745
-0.047059
-0.141176
-0.047059
-0.015686
-0.047059
0.023529
-0.054902
-0.054902
-0.054902
-0.109804
-0.047059
0.125490
0.345098
-0.643137
-0.705882
-0.423529
-0.447059
-0.392157
-0.423529
-0.478431
-0.486275
-0.478431
-0.447059
-0.564706
-0.737255
-0.690196
-0.658824
-0.705882
-0.721569
-0.721569
-0.705882
-0.721569
-0.705882
-0.705882
-0.658824
-0.690196
-0.596078
-0.596078
-0.627451
-0.596078
-0.580392
-0.533333
-0.494118
-0.494118
-0.501961
-0.501961
-0.478431
-0.415686
-0.415686
-0.423529
-0.423529
-0.415686
-0.431373
-0.360784
-0.298039
-0.329412
-0.282353
-0.313726
-0.282353
-0.266667
-0.211765
-0.235294
-0.172549
-0.188235
-0.117647
-0.141176
-0.078431
-0.078431
-0.047059
-0.023529
0.000000
0.023529
-0.015686
0.000000
0.156863
0.243137
0.329412
0.400000
0.400000
0.384314
0.423529
0.384314
0.407843
0.439216
0.454902
0.454902
0.415686
0.423529
0.431373
0.447059
0.494118
0.400000
0.360784
0.345098
0.345098
0.423529
0.423529
0.454902
0.447059
0.470588
0.580392
0.580392
0.580392
0.494118
0.345098
0.203922
-0.054902
-0.431373
-0.376471
-0.156863
0.094118
0.196078
0.211765
0.250980
0.203922
0.101961
0.078431
-0.023529
-0.094118
-0.156863
-0.196078
-0.211765
-0.172549
-0.188235
-0.196078
-0.282353
-0.431373
-0.447059
-0.431373
-0.517647
-0.596078
-0.517647
-0.431373
-0.423529
-0.533333
-0.517647
-0.549020
-0.549020
-0.533333
-0.533333
-0.549020
-0.580392
-0.470588
-0.478431
-0.454902
-0.517647
-0.517647
-0.486275
-0.415686
-0.494118
-0.517647
-0.517647
-0.517647
-0.486275
-0.533333
-0.501961
-0.517647
-0.415686
-0.360784
-0.360784
-0.470588
-0.564706
-0.549020
-0.580392
-0.517647
-0.533333
-0.533333
-0.564706
-0.533333
-0.517647
-0.494118
-0.517647
-0.517647
-0.533333
-0.564706
-0.564706
-0.549020
-0.658824
-0.564706
-0.517647
-0.580392
-0.643137
-0.627451
-0.658824
-0.643137
-0.611765
-0.580392
-0.564706
-0.564706
-0.611765
-0.627451
-0.674510
-0.658824
-0.658824
-0.658824
-0.737255
-0.658824
-0.721569
-0.721569
-0.690196
-0.737255
-0.815686
-0.862745
0.376471
0.752941
0.878431
0.807843
0.894118
0.996078
0.996078
0.964706
0.933333
0.933333
0.941177
0.980392
0.886275
0.956863
0.996078
0.988235
0.964706
0.909804
0.839216
0.760784
0.674510
0.705882
0.564706
0.596078
0.705882
0.815686
0.784314
0.705882
0.705882
0.627451
0.533333
0.454902
0.486275
0.549020
0.627451
0.596078
0.580392
0.549020
0.611765
0.658824
0.611765
0.627451
0.611765
0.580392
0.611765
0.564706
0.596078
0.611765
0.627451
0.627451
0.643137
0.658824
0.501961
0.549020
0.580392
0.501961
0.517647
0.533333
0.494118
0.470588
0.431373
0.415686
0.478431
0.454902
0.447059
0.360784
0.211765
-0.023529
-0.141176
-0.015686
0.172549
0.141176
0.125490
0.047059
0.094118
0.078431
0.109804
0.141176
0.094118
0.101961
0.062745
0.047059
-0.094118
-0.109804
-0.054902
-0.047059
-0.125490
-0.078431
-0.015686
-0.078431
-0.141176
-0.376471
-0.768628
-0.752941
0.752941
0.415686
0.188235
0.250980
0.313726
0.298039
0.329412
0.313726
0.250980
0.266667
0.313726
0.250980
0.313726
0.298039
0.360784
0.298039
0.266667
0.282353
0.313726
0.078431
-0.188235
0.478431
0.847059
0.690196
0.094118
0.023529
0.243137
0.250980
0.298039
0.266667
0.360784
0.392157
0.431373
0.494118
0.564706
0.470588
0.501961
0.564706
0.596078
0.643137
0.596078
0.643137
0.596078
0.627451
0.643137
0.627451
0.564706
0.580392
0.611765
0.658824
0.643137
0.658824
0.643137
0.611765
0.690196
0.690196
0.674510
0.627451
0.627451
0.596078
0.564706
0.596078
0.596078
0.549020
0.517647
0.407843
0.564706
0.894118
0.705882
0.282353
0.101961
0.329412
0.400000
0.564706
0.564706
0.674510
0.658824
0.690196
0.752941
0.674510
0.752941
0.760784
0.800000
0.823529
0.792157
0.823529
0.862745
0.831373
0.901961
0.933333
0.878431
0.839216
-0.023529
-0.658824
0.752941
0.470588
0.360784
0.345098
0.282353
0.415686
0.376471
0.360784
0.431373
0.298039
0.282353
0.345098
0.345098
0.376471
0.313726
0.211765
0.227451
0.211765
0.117647
0.000000
-0.211765
0.078431
0.313726
0.266667
0.172549
-0.054902
0.219608
0.329412
0.345098
0.329412
0.407843
0.407843
0.470588
0.400000
0.376471
0.345098
0.313726
0.313726
0.345098
0.454902
0.447059
0.431373
0.392157
0.298039
0.415686
0.298039
0.313726
0.219608
0.196078
0.227451
0.266667
0.360784
0.345098
0.392157
0.439216
0.376471
0.298039
0.282353
0.407843
0.447059
0.392157
0.392157
0.407843
0.423529
0.313726
0.109804
0.219608
0.360784
0.360784
0.266667
-0.188235
-0.298039
-0.078431
0.172549
0.243137
0.345098
0.376471
0.376471
0.392157
0.313726
0.243137
0.227451
0.250980
0.266667
0.298039
0.282353
0.266667
0.282353
0.313726
0.376471
0.227451
0.658824
0.384314
-0.627451
0.737255
0.549020
0.360784
0.447059
0.517647
0.329412
0.517647
0.658824
0.266667
0.329412
0.376471
0.360784
0.360784
0.345098
0.360784
0.549020
0.486275
0.392157
0.298039
0.141176
-0.031373
-0.094118
0.062745
0.141176
0.000000
0.054902
0.313726
0.431373
0.439216
0.454902
0.549020
0.596078
0.580392
0.549020
0.564706
0.478431
0.431373
0.400000
0.478431
0.423529
0.501961
0.596078
0.533333
0.564706
0.462745
0.360784
0.250980
0.094118
0.298039
0.250980
0.329412
0.384314
0.462745
0.478431
0.470588
0.549020
0.360784
0.447059
0.462745
0.501961
0.478431
0.478431
0.580392
0.501961
0.439216
0.235294
0.062745
0.266667
0.094118
-0.023529
-0.125490
-0.101961
-0.023529
0.211765
0.345098
0.376471
0.478431
0.486275
0.517647
0.470588
0.400000
0.313726
0.329412
0.298039
0.298039
0.313726
0.329412
0.423529
0.345098
0.329412
0.345098
0.760784
0.533333
-0.580392
0.705882
0.611765
0.345098
0.752941
0.901961
0.384314
0.580392
0.996078
0.462745
0.643137
0.658824
0.752941
0.376471
0.298039
0.470588
0.996078
0.996078
0.996078
0.996078
0.988235
0.894118
0.737255
0.705882
0.752941
0.298039
0.188235
0.486275
0.533333
0.564706
0.533333
0.643137
0.674510
0.643137
0.611765
0.580392
0.478431
0.596078
0.996078
0.690196
0.517647
0.533333
0.533333
0.721569
0.517647
0.439216
0.658824
0.776471
0.980392
0.870588
0.776471
0.611765
0.392157
0.423529
0.478431
0.501961
0.776471
0.996078
0.784314
0.627451
0.580392
0.627451
0.674510
0.611765
0.705882
0.596078
0.376471
0.345098
0.109804
0.000000
0.047059
0.313726
0.564706
0.627451
0.533333
0.360784
0.384314
0.462745
0.533333
0.533333
0.549020
0.800000
0.658824
0.658824
0.643137
0.580392
0.596078
0.549020
0.501961
0.494118
0.360784
0.360784
0.752941
0.501961
-0.564706
0.611765
0.596078
0.313726
0.384314
0.996078
0.705882
0.486275
0.996078
0.235294
0.807843
0.996078
0.996078
0.752941
0.266667
0.392157
0.996078
0.996078
0.996078
0.996078
0.972549
0.980392
0.996078
0.996078
0.996078
0.823529
0.329412
0.549020
0.533333
0.596078
0.627451
0.721569
0.690196
0.627451
0.564706
0.423529
0.517647
0.901961
0.996078
0.996078
0.996078
0.486275
0.549020
0.549020
0.596078
0.800000
0.996078
0.996078
0.996078
0.996078
0.996078
0.996078
0.878431
0.392157
0.360784
0.400000
0.752941
0.996078
0.996078
0.674510
0.549020
0.580392
0.658824
0.737255
0.674510
0.627451
0.549020
0.439216
0.282353
0.392157
0.737255
0.941177
0.949020
0.996078
0.996078
0.996078
0.831373
0.462745
0.392157
0.400000
0.517647
0.996078
0.996078
0.996078
0.996078
0.996078
0.996078
0.996078
0.996078
0.996078
0.462745
0.298039
0.737255
0.400000
-0.533333
0.549020
0.611765
0.313726
0.345098
0.172549
0.721569
0.823529
0.949020
0.705882
0.792157
0.760784
0.823529
0.807843
0.125490
0.313726
0.996078
0.996078
0.533333
0.078431
0.141176
0.203922
0.282353
0.376471
0.423529
0.454902
0.462745
0.721569
0.752941
0.674510
0.658824
0.658824
0.737255
0.643137
0.517647
0.564706
0.980392
0.996078
0.996078
0.894118
0.423529
0.494118
0.501961
0.611765
0.690196
0.996078
0.996078
0.972549
0.627451
0.329412
0.462745
0.933333
0.996078
0.917647
0.360784
0.329412
0.690196
0.996078
0.996078
0.690196
0.564706
0.611765
0.674510
0.643137
0.674510
0.690196
0.596078
0.454902
0.580392
0.917647
0.996078
0.988235
0.721569
0.478431
0.549020
0.917647
0.996078
0.949020
0.345098
0.400000
0.407843
0.580392
0.690196
0.580392
0.533333
0.486275
0.721569
0.996078
0.996078
0.996078
0.415686
0.376471
0.752941
0.329412
-0.580392
0.486275
0.627451
0.282353
0.611765
0.313726
0.282353
0.737255
0.996078
0.792157
0.917647
0.847059
0.737255
0.847059
0.188235
0.360784
0.996078
0.996078
0.658824
0.203922
0.376471
0.400000
0.533333
0.596078
0.564706
0.658824
0.658824
0.705882
0.705882
0.737255
0.721569
0.705882
0.611765
0.549020
0.533333
0.933333
0.996078
0.996078
0.831373
0.376471
0.517647
0.643137
0.564706
0.549020
0.792157
0.996078
0.996078
0.533333
0.329412
0.313726
0.313726
0.580392
0.996078
0.996078
0.580392
0.360784
0.705882
0.996078
0.996078
0.690196
0.580392
0.596078
0.643137
0.674510
0.690196
0.690196
0.611765
0.407843
0.721569
0.996078
0.996078
0.674510
0.282353
0.400000
0.345098
0.431373
0.996078
0.996078
0.627451
0.494118
0.580392
0.596078
0.533333
0.407843
0.282353
0.462745
0.878431
0.996078
0.996078
0.643137
0.329412
0.392157
0.831373
0.266667
-0.611765
0.454902
0.705882
0.266667
0.776471
0.996078
0.313726
0.250980
0.917647
0.345098
0.768628
0.854902
0.996078
0.894118
0.227451
0.360784
0.988235
0.996078
0.658824
0.219608
0.376471
0.462745
0.517647
0.533333
0.596078
0.658824
0.737255
0.596078
0.721569
0.627451
0.690196
0.705882
0.580392
0.517647
0.815686
0.996078
0.996078
0.776471
0.219608
0.439216
0.549020
0.643137
0.627451
0.533333
0.768628
0.996078
0.996078
0.313726
0.501961
0.478431
0.486275
0.431373
0.627451
0.705882
0.478431
0.345098
0.752941
0.996078
0.996078
0.674510
0.596078
0.643137
0.690196
0.658824
0.658824
0.643137
0.549020
0.400000
0.705882
0.996078
0.996078
0.478431
0.376471
0.478431
0.423529
0.431373
0.988235
0.996078
0.643137
0.454902
0.580392
0.674510
0.627451
0.462745
0.643137
0.956863
0.988235
0.996078
0.501961
0.313726
0.423529
0.462745
0.831373
0.203922
-0.611765
0.329412
0.737255
0.400000
0.376471
0.690196
0.705882
0.313726
0.996078
0.690196
0.674510
0.807843
0.752941
0.941177
0.298039
0.298039
0.980392
0.996078
0.596078
0.298039
0.345098
0.360784
0.407843
0.486275
0.415686
0.643137
0.596078
0.580392
0.596078
0.611765
0.564706
0.533333
0.423529
0.486275
0.996078
0.996078
0.862745
0.203922
0.282353
0.400000
0.564706
0.549020
0.611765
0.447059
0.721569
0.996078
0.996078
0.345098
0.517647
0.580392
0.596078
0.533333
0.494118
0.423529
0.486275
0.478431
0.705882
0.996078
0.996078
0.690196
0.596078
0.611765
0.643137
0.643137
0.658824
0.705882
0.611765
0.486275
0.768628
0.996078
0.996078
0.494118
0.517647
0.627451
0.517647
0.549020
0.996078
0.996078
0.690196
0.486275
0.533333
0.611765
0.611765
0.784314
0.996078
0.996078
0.831373
0.282353
0.188235
0.345098
0.400000
0.501961
0.870588
0.203922
-0.423529
0.376471
0.721569
0.400000
0.329412
0.298039
0.078431
0.533333
0.996078
0.972549
0.941177
0.847059
0.643137
0.941177
0.282353
0.243137
0.972549
0.996078
0.996078
0.996078
0.996078
0.996078
0.996078
0.996078
0.737255
0.564706
0.611765
0.501961
0.917647
0.854902
0.423529
0.533333
0.400000
0.643137
0.996078
0.996078
0.839216
0.690196
0.643137
0.533333
0.376471
0.517647
0.454902
0.470588
0.721569
0.996078
0.996078
0.376471
0.517647
0.658824
0.643137
0.643137
0.611765
0.580392
0.501961
0.470588
0.760784
0.996078
0.996078
0.705882
0.564706
0.611765
0.658824
0.643137
0.674510
0.674510
0.658824
0.501961
0.784314
0.996078
0.996078
0.517647
0.470588
0.627451
0.517647
0.549020
0.996078
0.996078
0.690196
0.501961
0.549020
0.580392
0.564706
0.996078
0.996078
0.980392
0.996078
0.784314
0.329412
0.313726
0.462745
0.478431
0.815686
0.188235
-0.298039
0.125490
0.752941
0.313726
0.282353
0.596078
0.470588
0.705882
0.996078
0.996078
0.996078
0.752941
0.596078
0.980392
0.266667
0.243137
0.949020
0.964706
0.949020
0.996078
0.996078
0.996078
0.996078
0.996078
0.996078
0.486275
0.596078
0.423529
0.964706
0.996078
0.792157
0.407843
0.360784
0.949020
0.996078
0.996078
0.996078
0.996078
0.996078
0.996078
0.901961
0.298039
0.384314
0.392157
0.721569
0.996078
0.996078
0.345098
0.431373
0.596078
0.643137
0.705882
0.596078
0.533333
0.494118
0.501961
0.760784
0.996078
0.996078
0.674510
0.580392
0.674510
0.737255
0.705882
0.674510
0.643137
0.643137
0.462745
0.792157
0.996078
0.996078
0.478431
0.454902
0.596078
0.533333
0.517647
0.996078
0.996078
0.674510
0.470588
0.611765
0.564706
0.517647
0.486275
0.768628
0.886275
0.949020
0.996078
0.996078
0.580392
0.282353
0.384314
0.870588
0.125490
-0.596078
0.015686
0.737255
0.360784
0.188235
0.705882
0.996078
0.941177
0.996078
0.549020
0.549020
0.925490
0.972549
0.964706
0.345098
0.235294
0.909804
0.996078
0.737255
0.172549
0.227451
0.266667
0.298039
0.313726
0.447059
0.478431
0.643137
0.501961
0.431373
0.517647
0.400000
0.329412
0.313726
0.996078
0.996078
0.996078
0.800000
0.431373
0.517647
0.980392
0.996078
0.878431
0.313726
0.431373
0.674510
0.996078
0.988235
0.415686
0.470588
0.564706
0.643137
0.564706
0.611765
0.549020
0.462745
0.376471
0.737255
0.996078
0.996078
0.627451
0.549020
0.674510
0.752941
0.721569
0.674510
0.674510
0.564706
0.454902
0.776471
0.996078
0.996078
0.501961
0.486275
0.596078
0.517647
0.517647
0.996078
0.996078
0.627451
0.423529
0.549020
0.494118
0.478431
0.517647
0.400000
0.282353
0.282353
0.752941
0.996078
0.996078
0.392157
0.415686
0.854902
0.000000
-0.643137
-0.015686
0.658824
0.203922
0.156863
0.784314
0.996078
0.941177
0.996078
0.596078
0.564706
0.972549
0.596078
0.996078
0.423529
0.227451
0.823529
0.996078
0.909804
0.329412
0.454902
0.478431
0.549020
0.517647
0.596078
0.611765
0.611765
0.549020
0.596078
0.564706
0.439216
0.400000
0.470588
0.996078
0.996078
0.800000
0.235294
0.282353
0.266667
0.329412
0.996078
0.996078
0.580392
0.266667
0.643137
0.996078
0.996078
0.407843
0.462745
0.533333
0.580392
0.549020
0.721569
0.462745
0.345098
0.329412
0.752941
0.996078
0.996078
0.580392
0.517647
0.643137
0.737255
0.705882
0.705882
0.752941
0.611765
0.549020
0.823529
0.996078
0.996078
0.470588
0.447059
0.580392
0.478431
0.517647
0.996078
0.996078
0.627451
0.439216
0.549020
0.533333
0.533333
0.596078
0.611765
0.462745
0.392157
0.549020
0.996078
0.996078
0.549020
0.313726
0.792157
-0.015686
-0.643137
-0.203922
0.611765
0.203922
0.094118
0.901961
0.972549
0.800000
0.941177
0.580392
0.376471
0.909804
0.329412
0.996078
0.431373
0.243137
0.925490
0.996078
0.956863
0.360784
0.501961
0.580392
0.658824
0.611765
0.611765
0.627451
0.643137
0.627451
0.611765
0.549020
0.549020
0.462745
0.376471
0.996078
0.956863
0.564706
0.203922
0.250980
0.266667
0.329412
0.956863
0.996078
0.705882
0.282353
0.596078
0.996078
0.996078
0.400000
0.462745
0.470588
0.462745
0.549020
0.996078
0.996078
0.690196
0.282353
0.674510
0.996078
0.996078
0.533333
0.439216
0.596078
0.658824
0.627451
0.627451
0.705882
0.627451
0.494118
0.768628
0.996078
0.996078
0.392157
0.423529
0.478431
0.486275
0.501961
0.996078
0.996078
0.596078
0.384314
0.501961
0.596078
0.486275
0.580392
0.549020
0.533333
0.376471
0.478431
0.996078
0.996078
0.470588
0.211765
0.768628
-0.031373
-0.517647
-0.156863
0.564706
0.243137
0.196078
0.996078
0.674510
0.227451
0.784314
0.690196
0.188235
0.886275
0.549020
0.996078
0.447059
0.196078
0.760784
0.996078
0.996078
0.360784
0.454902
0.580392
0.596078
0.674510
0.643137
0.658824
0.643137
0.611765
0.611765
0.627451
0.596078
0.478431
0.313726
0.996078
0.996078
0.705882
0.156863
0.243137
0.219608
0.549020
0.996078
0.996078
0.721569
0.313726
0.517647
0.996078
0.996078
0.447059
0.266667
0.360784
0.282353
0.549020
0.996078
0.996078
0.627451
0.188235
0.643137
0.996078
0.996078
0.439216
0.360784
0.517647
0.580392
0.447059
0.494118
0.564706
0.596078
0.376471
0.674510
0.996078
0.996078
0.235294
0.376471
0.447059
0.298039
0.494118
0.996078
0.996078
0.486275
0.313726
0.784314
0.996078
0.996078
0.462745
0.415686
0.376471
0.431373
0.627451
0.996078
0.996078
0.360784
0.203922
0.760784
-0.054902
-0.454902
-0.117647
0.643137
0.282353
0.172549
0.533333
0.431373
0.156863
0.815686
0.854902
0.156863
0.996078
0.996078
0.996078
0.470588
0.219608
0.839216
0.996078
0.996078
0.360784
0.501961
0.564706
0.611765
0.611765
0.643137
0.690196
0.674510
0.643137
0.658824
0.705882
0.658824
0.549020
0.392157
0.517647
0.996078
0.996078
0.674510
0.517647
0.643137
0.933333
0.996078
0.996078
0.470588
0.345098
0.345098
0.878431
0.996078
0.941177
0.384314
0.282353
0.533333
0.839216
0.996078
0.996078
0.392157
0.125490
0.674510
0.996078
0.996078
0.431373
0.298039
0.384314
0.431373
0.329412
0.384314
0.454902
0.439216
0.439216
0.447059
0.996078
0.996078
0.462745
0.266667
0.360784
0.462745
0.776471
0.996078
0.996078
0.486275
0.329412
0.643137
0.996078
0.996078
0.596078
0.250980
0.329412
0.360784
0.823529
0.996078
0.956863
0.188235
0.313726
0.807843
0.054902
-0.188235
-0.313726
0.658824
0.376471
0.188235
0.188235
0.313726
0.243137
0.705882
0.980392
0.219608
0.901961
0.760784
0.917647
0.611765
0.227451
0.674510
0.996078
0.996078
0.400000
0.501961
0.517647
0.549020
0.596078
0.627451
0.611765
0.627451
0.658824
0.690196
0.690196
0.643137
0.533333
0.439216
0.298039
0.549020
0.996078
0.996078
0.996078
0.996078
0.996078
0.980392
0.643137
0.235294
0.501961
0.400000
0.141176
0.792157
0.996078
0.996078
0.996078
0.996078
0.996078
0.996078
0.737255
0.243137
0.329412
0.721569
0.996078
0.996078
0.996078
0.996078
0.996078
0.996078
0.996078
0.996078
0.996078
0.549020
0.345098
0.329412
0.611765
0.996078
0.996078
0.988235
0.996078
0.996078
0.996078
0.996078
0.823529
0.345098
0.454902
0.376471
0.721569
0.996078
0.996078
0.894118
0.792157
0.909804
0.996078
0.996078
0.580392
0.266667
0.478431
0.831373
-0.235294
-0.627451
-0.345098
0.564706
0.454902
0.227451
0.282353
0.266667
0.282353
0.188235
0.313726
0.188235
0.078431
0.125490
0.125490
0.141176
0.227451
0.219608
0.313726
0.329412
0.329412
0.486275
0.439216
0.494118
0.517647
0.533333
0.580392
0.564706
0.549020
0.580392
0.643137
0.627451
0.549020
0.470588
0.360784
0.219608
0.141176
0.423529
0.800000
0.847059
0.658824
0.298039
0.235294
0.439216
0.431373
0.384314
0.345098
0.188235
0.329412
0.705882
0.909804
0.925490
0.737255
0.431373
0.282353
0.376471
0.423529
0.596078
0.925490
0.996078
0.996078
0.996078
0.996078
0.996078
0.996078
0.996078
0.996078
0.705882
0.423529
0.360784
0.266667
0.219608
0.776471
0.996078
0.996078
0.996078
0.925490
0.564706
0.266667
0.439216
0.517647
0.454902
0.345098
0.454902
0.941177
0.996078
0.996078
0.996078
0.996078
0.643137
0.203922
0.345098
0.533333
0.847059
-0.266667
-0.643137
-0.517647
0.454902
0.360784
0.243137
0.266667
0.313726
0.282353
0.360784
0.235294
0.360784
0.329412
0.282353
0.250980
0.360784
0.298039
0.313726
0.250980
0.235294
0.282353
0.313726
0.266667
0.156863
0.188235
0.313726
0.329412
0.376471
0.462745
0.501961
0.533333
0.501961
0.431373
0.407843
0.478431
0.360784
0.345098
0.266667
0.282353
0.282353
0.227451
0.329412
0.376471
0.392157
0.486275
0.517647
0.360784
0.360784
0.313726
0.211765
0.203922
0.227451
0.376471
0.345098
0.447059
0.470588
0.423529
0.376471
0.282353
0.203922
0.188235
0.196078
0.211765
0.250980
0.227451
0.172549
0.313726
0.329412
0.360784
0.400000
0.282353
0.227451
-0.023529
0.117647
0.101961
0.172549
0.227451
0.266667
0.415686
0.533333
0.501961
0.423529
0.431373
0.329412
0.196078
0.219608
0.266667
0.298039
0.211765
0.266667
0.298039
0.415686
0.596078
0.815686
-0.376471
-0.611765
-0.690196
0.188235
0.580392
0.478431
0.549020
0.564706
0.549020
0.501961
0.564706
0.431373
0.400000
0.431373
0.470588
0.360784
0.431373
0.360784
0.235294
0.298039
0.227451
0.235294
0.094118
-0.156863
-0.156863
-0.188235
0.023529
0.172549
0.329412
0.392157
0.384314
0.376471
0.345098
0.360784
0.384314
0.360784
0.360784
0.282353
0.313726
0.360784
0.266667
0.298039
0.298039
0.360784
0.431373
0.400000
0.400000
0.360784
0.313726
0.345098
0.345098
0.313726
0.376471
0.329412
0.400000
0.360784
0.400000
0.329412
0.329412
0.298039
0.266667
0.282353
0.313726
0.250980
0.227451
0.313726
0.313726
0.298039
0.282353
0.125490
-0.188235
-0.203922
-0.235294
-0.109804
0.141176
0.156863
0.250980
0.313726
0.376471
0.400000
0.462745
0.423529
0.384314
0.329412
0.243137
0.243137
0.266667
0.313726
0.400000
0.376471
0.447059
0.376471
0.470588
0.705882
-0.611765
-0.721569
-0.658824
-0.643137
-0.172549
0.188235
0.243137
0.345098
0.454902
0.454902
0.462745
0.549020
0.564706
0.533333
0.596078
0.690196
0.705882
0.658824
0.494118
0.690196
0.737255
0.752941
0.705882
0.705882
0.674510
0.752941
0.705882
0.752941
0.800000
0.831373
0.854902
0.847059
0.815686
0.815686
0.784314
0.627451
0.611765
0.564706
0.447059
0.470588
0.627451
0.611765
0.611765
0.658824
0.705882
0.752941
0.752941
0.737255
0.611765
0.580392
0.580392
0.627451
0.611765
0.611765
0.596078
0.580392
0.596078
0.501961
0.517647
0.517647
0.533333
0.517647
0.501961
0.517647
0.494118
0.439216
0.415686
0.423529
0.431373
0.243137
0.000000
-0.047059
-0.031373
-0.047059
0.078431
0.117647
0.156863
0.211765
0.203922
0.282353
0.282353
0.313726
0.282353
0.376471
0.360784
0.313726
0.384314
0.313726
0.345098
0.345098
0.298039
0.313726
0.400000
0.533333
-0.533333
-0.643137
-0.423529
-0.423529
-0.298039
-0.298039
-0.345098
-0.360784
-0.313726
-0.298039
-0.423529
-0.627451
-0.580392
-0.549020
-0.580392
-0.611765
-0.611765
-0.596078
-0.533333
-0.533333
-0.533333
-0.533333
-0.596078
-0.517647
-0.517647
-0.564706
-0.486275
-0.439216
-0.345098
-0.282353
-0.250980
-0.266667
-0.266667
-0.243137
-0.109804
-0.125490
-0.156863
-0.196078
-0.219608
-0.243137
-0.156863
-0.094118
-0.141176
-0.062745
-0.047059
0.015686
0.047059
0.062745
-0.047059
-0.015686
0.015686
0.101961
0.125490
0.196078
0.219608
0.243137
0.266667
0.298039
0.329412
0.313726
0.345098
0.486275
0.596078
0.643137
0.705882
0.674510
0.658824
0.690196
0.611765
0.611765
0.611765
0.627451
0.627451
0.611765
0.658824
0.705882
0.752941
0.807843
0.690196
0.643137
0.627451
0.643137
0.807843
0.823529
0.823529
0.807843
0.862745
0.972549
0.988235
0.980392
0.901961
0.705882
0.462745
0.109804
-0.345098
-0.313726
